    0.193546411321448E-01    0.123942684737513E-01    0.351376072760068E-01    0.221638256655506E+00   -0.499061398353618E-01    0.827103965478358E-02
    0.124039532487865E+00    0.124799446900814E-01    0.442833447461207E-01    0.255734343988907E+00   -0.361410422286262E-01   -0.121881079203647E-01
    0.171434864993449E+00    0.125224110128268E-01    0.419773486854979E-01    0.169909465269068E+00    0.397335006843311E-02   -0.394191855492507E-02
    0.770469311496254E-01    0.126357508426303E-01    0.200298005520763E-01    0.186313187630177E+00    0.599980935687494E-02   -0.177141606036496E-01
    0.131199050249864E+00    0.127042042878770E-01    0.454690161675758E-01    0.220246876039379E+00   -0.208689413193229E-01   -0.457197731310992E-01
    0.453350817979900E-01    0.128051526453295E-01    0.198437183769970E-01    0.178416736126012E+00    0.441735580633063E-01   -0.312310556106386E-01
    0.134778910684322E+00    0.127610883792504E-01    0.142959436843118E-01    0.199835626051719E+00   -0.196293042147759E-02   -0.758405794255220E-02
    0.356911961170863E-01    0.128142978833496E-01    0.403893921058476E-01    0.278657268457437E+00    0.404368633357034E-01    0.202763248923611E-01
    0.438441663721977E-01    0.129197962070046E-01    0.482165546920131E-01    0.182159251399181E+00    0.741873974090583E-01    0.132181481835408E-01
    0.840166255166981E-01    0.128952673122645E-01    0.419823914327034E-01    0.178851366533297E+00    0.165878861679726E-01   -0.536609022117135E-01
    0.985602460461730E-01    0.129230241917281E-01    0.479955832289700E-01    0.232031223191397E+00    0.714938905151001E-02   -0.243829914241865E-01
    0.865922541979270E-01    0.130566768633424E-01    0.951585582253255E-02    0.184663519994481E+00   -0.118147539328473E-01    0.119238230309769E-01
    0.139623234709584E+00    0.131090651204598E-01    0.208376201600604E-01    0.129234380563282E+00    0.370620874256576E-01   -0.643613154272179E-02
    0.520397623670988E-01    0.130773719350792E-01    0.213904269295279E-01    0.199564287113572E+00   -0.774105906870167E-01    0.504861974488305E-01
    0.175651813683318E-01    0.132142313369599E-01    0.160504866587613E-01    0.182817976792962E+00   -0.118665559212326E-02   -0.290988437576576E-01
    0.337522319440888E-01    0.132954158346835E-01    0.275021583330591E-01    0.236926404313327E+00    0.322092792264113E-01   -0.747520542569132E-02
    0.172932230627685E+00    0.132520469924752E-01    0.345238732943229E-01    0.240226531203881E+00   -0.221521467820369E-01    0.110139449527021E-01
    0.340872377527969E-01    0.132970614061555E-01    0.344007044626436E-01    0.218246743581579E+00   -0.118994458314790E-01    0.268561636191725E-01
    0.147552601739832E-01    0.133721095077502E-01    0.433473205234344E-01    0.188923871981685E+00    0.348752206235105E-01   -0.305446296052788E-01
    0.125235342755603E+00    0.133374415845642E-01    0.231159967862252E-01    0.182425201517067E+00   -0.448418487417142E-02   -0.342606675759888E-01
    0.330393274263721E-01    0.133526672160412E-01    0.132403497441028E-01    0.185472669353385E+00    0.261294144205382E-02    0.287855332277749E-01
    0.196009941054545E-01    0.133823276958826E-01    0.161233446155794E-01    0.252337093410409E+00   -0.113582793690247E-02    0.157717394331867E-01
    0.117895490358622E+00    0.134144241617727E-01    0.236828611951367E-01    0.220867564461652E+00    0.177216309138704E-01    0.267902411043403E-01
    0.162257730852218E+00    0.135197694094820E-01    0.249891053782814E-01    0.219478926422648E+00    0.253876876082953E-01   -0.497294046227007E-01
    0.636325133532140E-02    0.135566599500625E-01    0.871723314480713E-02    0.187858944318814E+00    0.121544375027480E-01   -0.346277164407326E-01
    0.175407434739564E+00    0.135671018821059E-01    0.381696818532255E-01    0.258270488515139E+00    0.174034260226584E-01   -0.537200586581547E-01
    0.795822439176536E-01    0.135599459459327E-01    0.296093409779501E-02    0.197535374065796E+00    0.216732791391354E-02    0.134578889376576E-01
    0.197090269477854E+00    0.136298937652321E-01    0.192710388724051E-01    0.218655435426535E+00   -0.218825327167353E-01   -0.425779780802366E-02
    0.124655885746190E+00    0.136995156528619E-01    0.615679976139848E-02    0.166186568278702E+00    0.115554801772564E-01    0.400914926821444E-01
    0.344755091497076E-01    0.136754712460518E-01    0.257852240321048E-01    0.216027716214785E+00   -0.391066346756993E-01   -0.351037456180949E-02
    0.175041232133160E+00    0.137758083765415E-01    0.390100338037492E-03    0.220834563444413E+00    0.413047971688716E-01   -0.295525470238774E-02
    0.154352717197388E+00    0.137049760829495E-01    0.593526626527481E-02    0.228099574810515E+00   -0.314521615144260E-01   -0.345563236832388E-01
    0.256665545388766E-01    0.137418624379109E-01    0.236924868149265E-01    0.192149011757269E+00   -0.277248874817727E-01   -0.205176396507158E-01
    0.889186569546325E-02    0.138002302187552E-01    0.251528792878204E-01    0.283694678889595E+00    0.125688833050804E-01   -0.139597928314327E-01
    0.130264102254853E-01    0.138291294753573E-01    0.163822847067618E-02    0.171057580563279E+00   -0.199462816549396E-02    0.343851572789452E-01
    0.122334727404657E+00    0.139002816801859E-01    0.377904423543622E-01    0.184796181557865E+00    0.162460880930446E-01   -0.599383452443516E-03
    0.120974539575088E+00    0.139313004295289E-01    0.286502283271821E-02    0.223520705124692E+00    0.181262902962851E-01   -0.292419020403004E-01
    0.137795556406179E+00    0.139181708061010E-01    0.979864066360631E-02    0.263655263331213E+00   -0.400756291649441E-01    0.259825662074182E-01
    0.103953752611321E-02    0.139710697926136E-01    0.171284947535025E-01    0.144782765817249E+00   -0.570534833209411E-01   -0.179332824013130E-01
    0.182967352848752E+00    0.140168015630855E-01    0.340873912413433E-01    0.206511524457768E+00   -0.214604508083849E-01   -0.220379289725992E-01
    0.163574975140878E+00    0.142764482991737E-01    0.273984203195048E-01    0.193404186102116E+00    0.225569731944861E-01    0.203913337013028E-01
    0.127196914171759E+00    0.142725639385489E-01    0.192798197520930E-01    0.200588627074750E+00    0.457675186836427E-02   -0.445588150403710E-01
    0.137985421580119E+00    0.143102281732240E-01    0.226374967334706E-01    0.181107207857541E+00   -0.266181443867320E-01    0.166048114056256E-01
    0.135199828431705E+00    0.143132632772213E-01    0.485656101082588E-01    0.228466379855734E+00   -0.317137195711691E-01   -0.225840558818153E-01
    0.577673475516723E-01    0.144002871528008E-01    0.477734037847757E-01    0.198651999801531E+00   -0.861655061195330E-02   -0.136381349371933E-01
    0.200067202790895E+00    0.145097685431672E-01    0.911497875009248E-02    0.190832274956975E+00   -0.745771979307700E-01    0.306189266993334E-01
    0.769720002277396E-01    0.146816167268690E-01    0.708974993745504E-02    0.227841278036221E+00    0.249749867853226E-01   -0.220205158628463E-01
    0.176882264449163E-02    0.147475345500003E-01    0.137416169421081E-01    0.267010936183626E+00   -0.659911169001313E-02   -0.129839851573505E-01
    0.776145936347116E-01    0.147146277677168E-01    0.309760766456643E-01    0.208447357133194E+00   -0.572522633718742E-01    0.324878054825373E-01
    0.795127997624923E-01    0.147934311159215E-01    0.928966236468842E-02    0.231871229557167E+00   -0.115242513058192E-01    0.886182870838974E-01
    0.179865534544443E+00    0.147594787997748E-01    0.208629953909239E-01    0.188177651975123E+00   -0.555033708194910E-01    0.466470874354903E-01
    0.140653947649407E+00    0.148137165985495E-01    0.258268774178196E-01    0.199946252896249E+00   -0.495039217471637E-02    0.118655232690693E-01
    0.168782402645878E+00    0.149125882923475E-01    0.765632838918177E-02    0.219255467014384E+00   -0.921044899871907E-02    0.266580249805423E-01
    0.138984653508924E+00    0.149723221453226E-01    0.273078732871364E-01    0.189843499119743E+00    0.163200701928164E-01    0.346824321835452E-01
    0.183639249606554E+00    0.149957033304707E-01    0.322297357946768E-01    0.194165462903416E+00   -0.242937490450375E-01   -0.171728611140268E-01
    0.138343358227491E+00    0.150371857680119E-01    0.442011632958460E-01    0.194219632289907E+00   -0.147162397002723E-01   -0.506134195761233E-02
    0.104802076563406E+00    0.151194662611514E-01    0.335214127663479E-01    0.211205858413109E+00   -0.286040172577746E-01   -0.242807895832880E-01
    0.771401736648632E-01    0.151717763151618E-01    0.531410238983868E-02    0.198718255116957E+00   -0.173436045855847E-01    0.432726397927358E-01
    0.572839390563031E-01    0.151958595485112E-01    0.473359889390028E-01    0.209030591689398E+00   -0.270202333076045E-01    0.161782756321065E-01
    0.127857187892908E+00    0.154181632709244E-01    0.884720435746229E-02    0.159862973760001E+00    0.431061850296711E-02   -0.373762676718277E-01
    0.967599069665702E-02    0.154733569760112E-01    0.323612440382613E-01    0.192159230563761E+00    0.141041100536041E-01   -0.421049045116389E-02
    0.573071098935875E-02    0.154818498551617E-01    0.102904876148707E-01    0.234813254164714E+00   -0.225230992749164E-02    0.190969828523286E-01
    0.873526881748878E-01    0.154529019015135E-01    0.405678923614189E-01    0.247343510366928E+00   -0.345768075189008E-01    0.299268072299730E-01
    0.793611657293578E-01    0.155330480841889E-01    0.164785166810733E-01    0.194256885324082E+00    0.176499298742778E-01   -0.431932343134131E-01
    0.614431379283764E-01    0.155074873178854E-01    0.441143049680853E-01    0.200789282538675E+00   -0.173319350860568E-01   -0.465221014632897E-01
    0.181300455103025E+00    0.156171927243334E-01    0.350576263936531E-01    0.244746592041891E+00    0.131828576629539E-01    0.158017576553627E-01
    0.927142382469403E-01    0.156466433000019E-01    0.370417366069537E-01    0.250183846308056E+00   -0.109780542658849E-01   -0.234208983238674E-01
    0.940093572489738E-01    0.157253243650734E-01    0.244224976760416E-01    0.201358396057266E+00    0.486156868751250E-01   -0.221571255125961E-02
    0.409786208369860E-02    0.156377341762165E-01    0.426931228677492E-02    0.123033530131291E+00   -0.405630524417719E-01    0.324653360758256E-01
    0.192750702901491E+00    0.156819420238036E-01    0.250029807251623E-01    0.256471087806872E+00   -0.326254466024809E-02    0.210298152002556E-01
    0.666981570670468E-01    0.157140379577436E-01    0.493396871641486E-01    0.254389697505961E+00    0.295482200071669E-01    0.217770859023126E-01
    0.171045234839543E+00    0.157585400299302E-01    0.205606380307398E-01    0.195682399615856E+00    0.708869532524256E-02    0.626430244790858E-01
    0.108743293697185E+00    0.157618331064855E-01    0.207219722719459E-01    0.193564703311881E+00    0.160314895579654E-02    0.282082471906844E-02
    0.199755624951507E+00    0.158429404918647E-01    0.453633084159867E-01    0.141327015628407E+00    0.130815098559471E-02    0.447990431750725E-01
    0.129599449511708E+00    0.158993568699145E-01    0.456728322296096E-01    0.193941349347489E+00    0.536141665495584E-01   -0.421106600495051E-02
    0.105215665991104E+00    0.159169083243165E-01    0.358510372337418E-01    0.193414981319236E+00   -0.945367109549642E-02    0.280906826471767E-02
    0.118144351438275E+00    0.159411395285563E-01    0.337972478446501E-01    0.218913196539772E+00   -0.913151262870577E-02    0.300657123185544E-02
    0.195666258907205E-01    0.158968850441009E-01    0.187057850906201E-01    0.191353588326368E+00   -0.726422165828438E-01    0.203170552675432E-01
    0.102207507233588E+00    0.159772154425843E-01    0.228076298889176E-01    0.244692509482836E+00    0.184878409034856E-03   -0.565826410517760E-01
    0.122817362087526E+00    0.160063620643051E-01    0.471613902059707E-01    0.226454771418395E+00    0.255985990529149E-01   -0.354797879644981E-01
    0.115679347135549E+00    0.160757788672492E-01    0.448196075337464E-01    0.199092648231638E+00   -0.610434295887163E-01    0.290087497536554E-01
    0.118276488761174E+00    0.162682929613287E-01    0.823138053228660E-02    0.224492202767339E+00    0.289703639169240E-01    0.267287972490918E-01
    0.107449986795726E+00    0.163357956948025E-01    0.405494815584036E-01    0.178085891893606E+00    0.125546589388475E-01   -0.222182879276473E-01
    0.102063321453539E+00    0.162966521364564E-01    0.328634826087643E-02    0.167894564697633E+00   -0.370421050841457E-01    0.364395972917954E-02
    0.109240835664268E+00    0.163491918399332E-01    0.496446754058315E-01    0.223382560442392E+00    0.342095010893227E-02   -0.266154769847430E-01
    0.113414375480545E+00    0.163157180266143E-01    0.475191437738561E-01    0.204550533811299E+00   -0.405523059211644E-01   -0.553031184607418E-02
    0.125327492297669E+00    0.164359077152943E-01    0.189116184371975E-01    0.235148810688206E+00    0.477992236024825E-01   -0.106863359596107E-03
    0.112404079979621E+00    0.164665667424265E-01    0.481919304302097E-01    0.126449389283689E+00    0.417014338269637E-02   -0.104875454840132E-01
    0.165598565807298E+00    0.165134517928009E-01    0.222226937438738E-01    0.269842855804622E+00    0.289904766031358E-01    0.102393864737047E+00
    0.115910924908774E+00    0.165610929623447E-01    0.497535032751223E-02    0.202220470658816E+00   -0.852457177221603E-02   -0.136869074979564E-01
    0.185395970820902E+00    0.165715806290798E-01    0.276169911290867E-01    0.191394585499607E+00   -0.962350342647483E-02   -0.236704083989814E-01
    0.599369373149840E-01    0.166363806933252E-01    0.415463668532370E-02    0.233519372016169E+00   -0.198214238940730E-01   -0.648849160967869E-02
    0.139815263872154E+00    0.166598500930402E-01    0.758288572556088E-02    0.236769250011269E+00   -0.140905033265004E-01   -0.159227359430136E-01
    0.152505527729284E+00    0.166818021610586E-01    0.187451188048880E-01    0.210289639465805E+00   -0.248355880663975E-01    0.396864418372982E-01
    0.164156048939757E+00    0.167321696068626E-01    0.360791804190683E-01    0.220729345975310E+00    0.175670375365412E-02    0.250163904840890E-01
    0.574161368696151E-01    0.168276024545133E-01    0.144131711779394E-01    0.200677573116403E+00    0.589507791442554E-01    0.288429458310340E-01
    0.133264680905026E-01    0.168193021829256E-01    0.536257113367078E-02    0.248059448930788E+00   -0.152210380574569E-01   -0.573950302076467E-02
    0.139332039756346E-01    0.168964044727536E-01    0.470235542030111E-01    0.218719555945739E+00    0.606930155901903E-01   -0.352103797537508E-01
    0.175406784102157E+00    0.169717082834248E-01    0.250039257762092E-01    0.176313094670976E+00    0.413474121889503E-01   -0.280899485618881E-01
    0.821722713449419E-01    0.170224800734105E-01    0.211308107487275E-01    0.232625335996517E+00    0.120475940889323E-01    0.593313847534983E-02
    0.118231752431620E+00    0.172156578861433E-01    0.342877251243391E-02    0.197884701144015E+00    0.326136415127257E-02    0.705557816081559E-02
    0.376881083823919E-02    0.172202958200875E-01    0.305406697756733E-02    0.181935567588785E+00   -0.156416427058788E-01    0.373707974304151E-01
    0.966534381723696E-01    0.172695832372321E-01    0.155393453929205E-01    0.161920395706320E+00    0.101194710775896E-01   -0.279495749358761E-01
    0.526224671830731E-01    0.172772963340392E-01    0.216760216209815E-01    0.198985102814928E+00   -0.157676147876613E-01   -0.762531145025440E-04
    0.179479350044500E-01    0.173057632395520E-01    0.114218881973760E-01    0.203342906322281E+00   -0.167972739510490E-01    0.235442904474033E-01
    0.201904460701874E-01    0.173682213841866E-01    0.421096412456435E-01    0.197886673639853E+00    0.232637874531830E-01   -0.408220078868108E-02
    0.607104484763416E-02    0.173521321076962E-01    0.136806825085174E-01    0.238474517520113E+00   -0.146236601409267E-02   -0.859419387348743E-02
    0.616936005909500E-01    0.174527654011194E-01    0.666095931542978E-02    0.166372502402434E+00    0.357695957942040E-01   -0.116185841388153E-03
    0.122870306767369E+00    0.174157845982346E-01    0.336185661498657E-01    0.192410900292806E+00   -0.352156069446541E-01    0.137403576297050E-01
    0.122832421754428E+00    0.175239820639755E-01    0.136107307363654E-01    0.200550688246330E+00   -0.271255088387670E-01    0.383684268598265E-01
    0.611428700940087E-01    0.175844795893620E-01    0.317718236056830E-01    0.202056678516052E+00   -0.125575635170020E-02    0.533459577039854E-01
    0.397287673386507E-01    0.175683175984619E-01    0.312026811529633E-01    0.229519914563924E+00   -0.206671085586156E-01   -0.346782987710694E-01
    0.155003369160049E+00    0.175862616079366E-01    0.100827679030871E-01    0.223361295177294E+00   -0.269709229817609E-01   -0.142563934090834E-01
    0.163326700223117E+00    0.176050877025346E-01    0.196293227886376E-01    0.285349752125647E+00   -0.381598209271272E-01    0.360689140981599E-01
    0.111671530065031E+00    0.176853269213982E-01    0.395714802672736E-01    0.242428345819708E+00    0.384607793257188E-01   -0.166560315884864E-01
    0.280506187953234E-01    0.176672508867896E-01    0.133639006352201E-01    0.181714959314376E+00    0.330110183452144E-02   -0.410458253018192E-01
    0.110469960753703E+00    0.176711151421853E-01    0.429567404630277E-01    0.239392650885489E+00    0.557323918525273E-02   -0.117369037757582E-01
    0.115979359455648E+00    0.177052617288776E-01    0.182084232682498E-01    0.179367967344024E+00    0.662962247122845E-02    0.499985206429798E-03
    0.178222460411407E+00    0.177613647015577E-01    0.185295587119680E-01    0.189982127148132E+00    0.416534292284041E-01   -0.828011130828044E-02
    0.128796385050525E+00    0.177127606502426E-01    0.192709718740945E-01    0.197954467096090E+00   -0.143449977771580E-01    0.125051158372760E-02
    0.107850080663875E+00    0.177477780154792E-01    0.457739280688651E-01    0.236188534676533E+00    0.126875424369852E-02    0.575445790224495E-02
    0.191780380200899E+00    0.178587316079051E-01    0.485210028656314E-01    0.241298009904196E+00    0.466380027673655E-01    0.798397324347295E-01
    0.145823359105144E-01    0.178850416980858E-01    0.319471599824059E-02    0.171691348672531E+00   -0.235838582557510E-01   -0.216578387492948E-01
    0.519176238048861E-01    0.180358384357589E-01    0.494843953421947E-01    0.200017458564265E+00    0.247341652507486E-01   -0.116124426843825E-02
    0.418003377362764E-01    0.179959436924213E-01    0.940428452627647E-02    0.151875174842988E+00   -0.337476298555339E-01   -0.671410762600777E-02
    0.147370603937855E+00    0.180777887720257E-01    0.515543446375351E-02    0.174099178490365E+00    0.369441815814932E-01    0.270836926882561E-01
    0.144515145917771E+00    0.180804127950473E-01    0.383442426847843E-01    0.212496183881114E+00   -0.773415022998664E-02    0.331836288258534E-01
    0.861336787402435E-01    0.180590740975380E-01    0.456795791157055E-01    0.215699976429976E+00   -0.360992937816946E-01   -0.166783824178919E-01
    0.883281406453611E-01    0.182090794960397E-01    0.426042106116906E-01    0.259438848888324E+00    0.344501087790953E-01   -0.254179394591307E-01
    0.113166112247815E+00    0.182295728856049E-01    0.440981896654919E-02    0.164688542152814E+00    0.397246904662114E-01    0.694753939767833E-01
    0.102176222684713E+00    0.181812183116471E-01    0.720696582444835E-02    0.215041735284997E+00   -0.268838589329253E-01    0.499100951440869E-02
    0.189424726602648E+00    0.182490838357005E-01    0.266494263271076E-01    0.180805556673447E+00    0.145831415793412E-01   -0.157971019981258E-01
    0.108961118695010E+00    0.183199406776872E-01    0.390081833273596E-01    0.199233593950687E+00   -0.260513017277751E-01    0.351984766780795E-02
    0.142508218008853E+00    0.183578903763854E-01    0.340256242309936E-01    0.156885795039055E+00   -0.227373130188938E-01   -0.185585078748311E-01
    0.455639628864964E-01    0.184178747708131E-01    0.271696972493779E-01    0.189670048252710E+00    0.118824413122915E-01    0.801170396678009E-02
    0.625501192306604E-01    0.183894910101162E-01    0.311844455884121E-02    0.214789459796292E+00   -0.192503415543680E-01   -0.399771201978962E-01
    0.526507005758353E-01    0.185201829980561E-01    0.974264444775978E-02    0.258987990847297E+00    0.237744542317294E-01   -0.235922775385883E-01
    0.185067380004833E+00    0.185409382948016E-01    0.950612597716096E-02    0.205962469971335E+00   -0.581229580067107E-02    0.303476832705721E-01
    0.131524376603984E+00    0.185387202007584E-01    0.418952267876304E-01    0.193372632576814E+00   -0.186531845930680E-01   -0.648878520383707E-02
    0.588626296306215E-01    0.186241316020886E-01    0.484453410612782E-01    0.180104454042827E+00   -0.104035598922881E-01    0.193992133685737E-01
    0.109250425946007E+00    0.187112596408603E-01    0.478953489898730E-01    0.123907818455262E+00    0.377285382867593E-01    0.891698865989715E-02
    0.106501057791895E+00    0.188013745068005E-01    0.469200322792556E-01    0.162761005166827E+00    0.602681157714879E-01   -0.168274987014629E-02
    0.132604663950477E+00    0.187732690975916E-01    0.223187920349555E-01    0.227924215526132E+00    0.297783624679688E-02   -0.147364794065255E-01
    0.190854965069950E+00    0.187654890432299E-01    0.205975357636864E-01    0.143399257804300E+00   -0.123515995541069E-01   -0.221728832125694E-02
    0.172655023442621E+00    0.188322647487292E-01    0.306284848204149E-01    0.209450296933319E+00    0.495495069967365E-01    0.249744293805160E-01
    0.772085906294140E-01    0.188291386708633E-01    0.168454315867397E-01    0.166276742501040E+00    0.220030532355082E-01   -0.213917078582097E-01
    0.959702159235187E-01    0.188555531259472E-01    0.342465097883313E-02    0.205845808843343E+00    0.227237435226038E-01   -0.577271439774890E-01
    0.373835613003892E-01    0.188896351932651E-01    0.181764492749555E-01    0.229625944297046E+00    0.250802265304381E-01   -0.438755335222593E-01
    0.183158468626294E+00    0.189057129641938E-01    0.340266770163245E-01    0.188434426785028E+00   -0.860252509512082E-02   -0.802007925880356E-01
    0.279407538115309E-01    0.189272749182152E-01    0.241421545235796E-01    0.216592683521493E+00    0.828156779633277E-02    0.424919698180665E-01
    0.327861824165186E-01    0.188832787321897E-01    0.441330316168225E-01    0.195655497887257E+00   -0.592302914876768E-01   -0.471745920647617E-01
    0.184150219076827E+00    0.189213758203142E-01    0.640108306273549E-02    0.188725879646653E+00   -0.233200592323575E-01    0.157096648086522E-01
    0.152656052109658E+00    0.190844728278047E-01    0.449940328485058E-01    0.230588864562260E+00    0.343559953325506E-02    0.808510441297827E-02
    0.278137672059275E-01    0.191570152240703E-01    0.413039612137200E-01    0.188820766996198E+00    0.359596308698269E-01    0.451737351128238E-02
    0.961962110704228E-01    0.191440807124421E-01    0.380244855797502E-01    0.206305126440948E+00    0.160132510779653E-01   -0.265138617592707E-01
    0.197107790753428E+00    0.191651499981484E-01    0.104024312915169E-01    0.232125711862480E+00   -0.130438522201670E-01   -0.384138348472119E-02
    0.105623688233884E+00    0.192154243668290E-01    0.357340686921046E-01    0.250750638882427E+00    0.187543645117986E-01   -0.996455926887782E-02
    0.199012938262680E+00    0.193702475258899E-01    0.282269996396025E-01    0.170039858386393E+00    0.321021348437659E-01    0.556739533060494E-01
    0.155083042871404E-01    0.194179918059578E-01    0.371280228852820E-01    0.201355903695909E+00   -0.282162175363311E-01   -0.532415556843056E-01
    0.142649472729207E+00    0.194534131260986E-01    0.262835219285481E-01    0.238164856431457E+00    0.276823220122272E-02    0.290874557815373E-01
    0.916983711489504E-01    0.194416334634607E-01    0.171557135548756E-01    0.193328069617090E+00   -0.963871318896876E-02   -0.193898097563083E-01
    0.172195774259503E+00    0.194876621392921E-01    0.243224202843018E-01    0.187505583304425E+00   -0.124109109094197E-01    0.246213509801789E-01
    0.201131220559313E+00    0.195090883141390E-01    0.452786842735225E-01    0.245081447756376E+00    0.303051958909875E-02    0.333121786797037E-01
    0.128140595565863E+00    0.195217398437485E-01    0.495948856834035E-01    0.217787424023131E+00    0.884980756699222E-02   -0.382905221125875E-01
    0.264561819647236E-01    0.194944873812584E-01    0.360618575715863E-01    0.190245869364970E+00   -0.199280971839925E-01    0.115567506066495E-01
    0.404090748435860E-01    0.195351748951022E-01    0.256859118727841E-01    0.219803007479335E+00    0.139922671122925E-01    0.975436723855409E-02
    0.141751162976490E+00    0.194935870453115E-01    0.237521579888833E-02    0.212813697252739E+00   -0.524435930709079E-01    0.294776658225803E-01
    0.111059612360749E+00    0.197784396873860E-01    0.222130539833483E-01    0.208864308581443E+00   -0.699233389441581E-03   -0.765184157593346E-02
    0.179482906506319E+00    0.197955212555218E-01    0.213962828435871E-02    0.154040229843265E+00   -0.709768687842794E-01    0.310779601539045E-01
    0.192880907082261E-01    0.199037234254471E-01    0.449854178164726E-02    0.202916316792680E+00    0.247016317540579E-01   -0.157635186184540E-01
    0.322303249779126E-01    0.199009739728059E-01    0.362430241002985E-01    0.214587823495737E+00    0.123193839849986E-01   -0.125890243411871E-01
    0.125800054445242E+00    0.199331533983535E-01    0.360586408516951E-01    0.244037599063912E+00   -0.189794816851315E-01   -0.168373851816139E-01
    0.886894036263259E-01    0.200065896753314E-01    0.605111933805235E-02    0.147593877725358E+00    0.194675550596953E-01    0.421572103359442E-01
    0.189917627117739E+00    0.200333674143859E-01    0.371223567814752E-01    0.194476093707647E+00    0.143773169375062E-01   -0.554625361051111E-02
    0.155506335651117E+00    0.200402690434718E-01    0.128829714814594E-01    0.209055709544750E+00    0.756639029472099E-02    0.458411799021550E-01
    0.182165605066977E+00    0.200721726248490E-01    0.136370411467627E-01    0.155040415521561E+00    0.157329215968295E-01   -0.776691742463442E-02
    0.196091468943639E+00    0.200997756250669E-01    0.381334464994355E-01    0.166611553169840E+00    0.399458892309703E-01    0.453816431364699E-01
    0.512570218881084E-01    0.201846691581395E-01    0.120112501970174E-01    0.185978476961624E+00    0.146422880286278E-01   -0.437903932499231E-01
    0.603241578397531E-01    0.202755868453149E-01    0.300418697116378E-02    0.220683810592722E+00   -0.391814193521285E-01    0.190508427217992E-01
    0.705970702696729E-01    0.203158232952563E-01    0.270575682740490E-01    0.206601843005828E+00   -0.120567248424774E-01    0.376688543775779E-01
    0.420419551055734E-01    0.203579086402854E-01    0.686491323171204E-02    0.246413101404725E+00    0.211753426770657E-01   -0.130572771987850E-01
    0.179765413581957E+00    0.203471975802688E-01    0.184841332853732E-01    0.197765515530609E+00   -0.391216731868829E-01   -0.237470813329340E-01
    0.195210975761441E+00    0.204464165686902E-01    0.344206441002759E-01    0.193538870347058E+00    0.317303682141299E-01    0.105567266050330E-01
    0.143163764507543E+00    0.204114333581328E-01    0.499391233861365E-01    0.200743852960447E+00   -0.268296842534202E-01   -0.406696790726683E-01
    0.114184373686142E+00    0.204680944470740E-01    0.114769020885968E-01    0.188293401147783E+00   -0.231563256906661E-02   -0.228798346046248E-01
    0.130325941760026E+00    0.205237262703224E-01    0.129111780056532E-02    0.230874948293105E+00    0.165451587487778E-01   -0.255397566598514E-02
    0.190071028976952E+00    0.205423198814337E-01    0.151483766468872E-01    0.172692746743912E+00    0.291070988349743E-01   -0.237961802517637E-01
    0.132288089795244E+00    0.204533914802659E-01    0.294551786663034E-01    0.180131061981209E+00   -0.620173819403782E-01    0.429047181966992E-02
    0.627663656759290E-01    0.205633759302478E-01    0.294273560632318E-01    0.167746487330820E+00   -0.200653984956810E-02   -0.929232058704389E-02
    0.198866950143974E+00    0.205908262703306E-01    0.424899820406339E-02    0.187870085683657E+00    0.244797868749644E-01    0.115172816369497E-01
    0.115139669027141E+00    0.205907805510631E-01    0.263203770215036E-01    0.245289265404738E+00   -0.438276581230716E-02    0.487688207705903E-01
    0.318560331475478E-01    0.205961770952591E-01    0.329210610406527E-01    0.227778773765689E+00   -0.213025322097887E-02    0.348470660162051E-01
    0.728727412288013E-01    0.206334358478958E-01    0.436170886525433E-01    0.218109854307132E+00    0.206399711642091E-01   -0.195488042484796E-01
    0.241411095179482E-01    0.206708624548280E-01    0.214964186073074E-01    0.232371602191597E+00    0.133638349394446E-01   -0.684417978615226E-04
    0.181997385059105E-01    0.206620401851578E-01    0.422058363299905E-01    0.226081564661167E+00   -0.664835997786667E-02   -0.208365421515917E-01
    0.163692271740653E+00    0.206527160057796E-01    0.226171215178648E-01    0.237696055375072E+00   -0.305347739617616E-01    0.407345653915632E-01
    0.744609080165503E-01    0.207042704095108E-01    0.457276472417623E-01    0.245996873159702E+00    0.392763021031553E-02    0.126543259103075E-02
    0.160998628320228E+00    0.207273995528804E-01    0.368091655133801E-02    0.168241848457291E+00   -0.304022593283165E-02    0.331679035012044E-01
    0.524116543059611E-01    0.207649551129188E-01    0.221986540050065E-01    0.240065683752469E+00    0.287289298062705E-01   -0.435486692191073E-01
    0.996618604030495E-01    0.207782339296743E-01    0.389328322351452E-01    0.203854925951871E+00    0.397931269886333E-01   -0.421780131765351E-01
    0.107260665530001E+00    0.207404227763872E-01    0.276904806673388E-01    0.213860763520341E+00   -0.430363456652495E-02    0.765494224928570E-02
    0.405899632035579E-01    0.207470934641918E-01    0.348188847768873E-01    0.178669052871305E+00   -0.169965945001928E-01   -0.460468559257486E-02
    0.165956446055814E+00    0.207815969416046E-01    0.255488751537636E-01    0.229755095076029E+00   -0.230299546159397E-02    0.923969588451300E-02
    0.978501962528071E-01    0.207853255252423E-01    0.408671195574362E-01    0.229830931063583E+00   -0.359668308038945E-01    0.879769570676967E-02
    0.151619079749292E+00    0.207895704210704E-01    0.422456232464954E-01    0.194433129867454E+00   -0.316605548608599E-01   -0.249660327281642E-01
    0.112163183801629E+00    0.208482862412383E-01    0.145477617439429E-01    0.224899775080272E+00    0.125652730858977E-01   -0.533230991006368E-03
    0.657480569166272E-01    0.208981491465354E-01    0.422915462300682E-01    0.228029233269853E+00   -0.946233058929727E-02   -0.108447049935108E-01
    0.198089994308067E+00    0.209632221510333E-01    0.498850575097848E-01    0.222589295152824E+00    0.872804374228970E-02   -0.370440771835892E-01
    0.171690734794401E-01    0.211050446908980E-01    0.159368820151019E-04    0.170624246217876E+00    0.946997727845776E-02   -0.526160470257922E-02
    0.134524290431641E+00    0.211357865487598E-01    0.242146442469150E-01    0.220220569043231E+00   -0.938534011452281E-02   -0.142787312774634E-01
    0.940962611217387E-02    0.212031592851664E-01    0.940568302986391E-02    0.197576408827092E+00   -0.280967567873587E-02    0.174609994184718E-01
    0.182767073513193E+00    0.212485594924047E-01    0.101630092204054E-01    0.202323433443852E+00   -0.209636224287610E-01   -0.199661302477559E-01
    0.142162935803491E+00    0.214298273800081E-01    0.614200913002769E-02    0.222635576122099E+00   -0.475243434920999E-02   -0.656587897595317E-01
    0.193217416732187E+00    0.214316806121762E-01    0.138167354423684E-01    0.184610563386512E+00   -0.153190138411266E-01   -0.436189786568209E-01
    0.861928648570094E-01    0.214964693779433E-01    0.234494201761301E-01    0.122036324115897E+00    0.508946692731575E-02   -0.159723180021239E-01
    0.744746685978143E-01    0.214872253176449E-01    0.380080841005476E-01    0.196613864871886E+00   -0.479342492235410E-01    0.411624487579412E-01
    0.153118380940098E+00    0.216832421765747E-01    0.353850178688734E-01    0.186233802196061E+00    0.463246395307635E-01    0.185772380878571E-01
    0.337209581291382E-01    0.216458778704227E-01    0.427946613269967E-01    0.125796767384871E+00   -0.728653810835731E-02    0.198208817067635E-01
    0.354893320738517E-01    0.216862475600253E-01    0.492910343456186E-01    0.204082911827494E+00    0.164262504486064E-01    0.172825612227587E-01
    0.159613201683211E+00    0.216916481900125E-01    0.222388584068485E-02    0.137048420377589E+00    0.907628660927821E-02   -0.424757391582665E-01
    0.857785119720814E-01    0.216686755156241E-01    0.232881966158200E-01    0.273821642421141E+00   -0.196838821745669E-01    0.137928465934516E-01
    0.191953920193340E+00    0.217568646679983E-01    0.359608205122958E-01    0.217757175541883E+00    0.355031518904024E-01    0.567248357680383E-02
    0.832813429968985E-01    0.217600089719849E-01    0.412258298461143E-01    0.215672258352280E+00    0.885239969788915E-02    0.512076929894507E-02
    0.144080105250431E+00    0.217527124544153E-01    0.181143300324939E-02    0.222502321986455E+00    0.416961854393701E-03    0.281962284150377E-01
    0.195620551949137E+00    0.217259221505292E-01    0.431844293105637E-01    0.175813365886238E+00   -0.399084737356431E-01    0.237222337366422E-01
    0.145237049051692E+00    0.217474655170062E-01    0.208229474724556E-01    0.183670748541665E+00   -0.191175411730978E-01    0.327109096952743E-01
    0.117398339869804E+00    0.217710425896415E-01    0.117954754560671E-01    0.242956596700503E+00   -0.443039333843573E-01   -0.173222275507979E-01
    0.157297449098059E+00    0.218144617940947E-01    0.236851265249865E-02    0.202358697697666E+00   -0.183651630670036E-01    0.415902833381177E-02
    0.690116777958780E-01    0.218866012686319E-01    0.497014642920163E-01    0.266769093784853E+00    0.259991972555439E-01    0.108203654049042E-02
    0.172206267301992E+00    0.219875037433222E-01    0.195761450253371E-01    0.236587399112615E+00    0.326928520338365E-02   -0.411229317105043E-01
    0.851513128468254E-02    0.219433576124679E-01    0.353298102844676E-01    0.254046274308852E+00   -0.449017562528008E-01    0.509630349515929E-02
    0.175127432449384E+00    0.220276008676360E-01    0.419809085511803E-01    0.187001485891743E+00   -0.110119922331994E-01   -0.179328902574129E-02
    0.102878779838751E+00    0.220426358804340E-01    0.310526739844294E-01    0.197532040980573E+00   -0.853603239999263E-03   -0.363857428036547E-01
    0.890651453453456E-01    0.221112486589066E-01    0.301874274438355E-01    0.208331372132645E+00   -0.187001339657286E-01    0.166594912672647E-01
    0.132032388415581E+00    0.221663348572797E-01    0.154368809203750E-01    0.232460712409459E+00    0.339787886322496E-01    0.204851059017672E-01
    0.747759536125663E-01    0.221277328632635E-01    0.121738175540735E-01    0.238294718876407E+00   -0.219211400911486E-01   -0.154554892447600E-01
    0.225670211132006E-01    0.221337478059654E-01    0.208916043599173E-01    0.196530320921098E+00   -0.186525542968364E-01   -0.568561355286439E-02
    0.794874786015887E-01    0.222997569685522E-01    0.233827693254295E-01    0.217440657946998E+00   -0.156707432792335E-01    0.338938031113064E-01
    0.370359127661788E-01    0.223427434291121E-01    0.303152766372049E-01    0.246594433903979E+00   -0.338239283654442E-01   -0.163272408734967E-01
    0.157957634118328E+00    0.223931114016760E-01    0.289375157689599E-01    0.217828016672569E+00    0.167770476197704E-01   -0.228177806233848E-01
    0.146988275100274E+00    0.223817072034991E-01    0.447245120889750E-01    0.194902846565104E+00   -0.517541775222708E-01   -0.192551394784690E-02
    0.193012854418890E+00    0.225524316579334E-01    0.535833846608548E-02    0.239868592546357E+00    0.350189503666577E-02    0.168397932074298E-01
    0.639926853790664E-01    0.225645174890631E-01    0.286647471358253E-01    0.228070698096850E+00   -0.347460775283319E-02   -0.237038488494126E-01
    0.608594854283211E-01    0.226324729624962E-01    0.351860961424803E-01    0.182988499917886E+00    0.329673701043721E-01    0.207914069941535E-01
    0.111580294640653E+00    0.226221320099500E-01    0.130435809501496E-01    0.221606645612909E+00    0.116608467287495E-01    0.872658582606953E-02
    0.194992721770209E+00    0.225707980930427E-01    0.103526043417122E-01    0.173559251961649E+00   -0.544705704783847E-01   -0.124182962973153E-01
    0.137739559703365E+00    0.226185376159777E-01    0.439626255182605E-01    0.189804513908925E+00   -0.282004713060611E-01    0.415592575201290E-01
    0.139456631415577E+00    0.226587305587813E-01    0.162261059186523E-02    0.187378361902721E+00   -0.214417350439329E-02    0.116788407612239E-01
    0.142594401837735E-01    0.227305884079728E-01    0.587902636197710E-02    0.195241764520669E+00    0.328953728667127E-01    0.775453160424400E-02
    0.157881169391869E+00    0.228361115419114E-01    0.374669145513563E-02    0.213677517515013E+00    0.274807229618635E-01    0.178000396777048E-01
    0.147622393550151E-01    0.228061674293782E-01    0.262119831233355E-02    0.189603079076664E+00   -0.122655762917055E-01   -0.100537149091321E-01
    0.131838562020792E+00    0.228223182897734E-01    0.212371531994412E-01    0.271480095388193E+00   -0.650284614150760E-01   -0.194121673893949E-01
    0.145539785978770E+00    0.228751841513825E-01    0.246037143166001E-01    0.199971059205164E+00   -0.156273064282952E-01    0.293372228411197E-02
    0.135262056092407E+00    0.228821594898610E-01    0.459422437934052E-01    0.199574963540733E+00   -0.925920129226733E-02   -0.514801423738432E-01
    0.113598581790593E+00    0.228971002054633E-01    0.436932617114711E-01    0.142432758249024E+00   -0.248835870174258E-01    0.234607686266123E-01
    0.601499863551217E-01    0.229428618714868E-01    0.174263373110167E-01    0.200950278690993E+00    0.274871299386063E-02    0.236676397847797E-01
    0.361098774559234E-01    0.230371963344490E-01    0.222696303479835E-01    0.214491775530614E+00    0.144311701695304E-01   -0.206631599817981E-01
    0.353631606890775E-01    0.230581742186437E-01    0.157023037285322E-01    0.224151556606101E+00    0.206761382074715E-01    0.163559381175879E-01
    0.188386086285802E+00    0.229781014661581E-01    0.301088690855243E-01    0.220126973803663E+00   -0.713416565784087E-01    0.360795264790910E-01
    0.870021075308334E-01    0.231279056029098E-01    0.105985558567981E-01    0.222451453815374E+00    0.375403704890996E-01   -0.989439241831524E-02
    0.113055806233789E-01    0.231176091964623E-01    0.216020100274912E-01    0.219529764014218E+00    0.105054912503279E-02    0.153914878578493E-01
    0.901604084847934E-01    0.231758109190045E-01    0.181471582294407E-01    0.197676029123040E+00    0.430369348732382E-01    0.877482123120878E-02
    0.527384629425490E-01    0.232066207444786E-01    0.854964316318699E-02    0.174188603678175E+00    0.642415102823385E-01    0.238488563057011E-01
    0.139157910035474E+00    0.232186330954553E-01    0.388260004415509E-01    0.231033183245140E+00    0.166051945382576E-01   -0.200498519275668E-01
    0.191831801969239E+00    0.232012399935243E-01    0.102312822672378E-01    0.236978921444512E+00   -0.234085877028919E-01    0.234980919687900E-01
    0.168965789556333E+00    0.233005326292739E-01    0.247056377591920E-01    0.215375655826202E+00    0.517721785342168E-01   -0.541526947089166E-01
    0.167968410193999E+00    0.232338595299040E-01    0.398363902018532E-01    0.208601772999871E+00   -0.310088559560358E-01   -0.330309682177943E-02
    0.164762670177798E+00    0.232328633098060E-01    0.322278040538086E-01    0.168033549102252E+00   -0.491428826779682E-01   -0.381501294616050E-01
    0.136531457750452E+00    0.233387506552178E-01    0.154020154324934E-01    0.154470643423265E+00    0.406177197387942E-01   -0.218121498407838E-02
    0.700138606927447E-01    0.234030483514114E-01    0.906443707379841E-02    0.199006940697746E+00    0.669553432210760E-01    0.167319096092126E-01
    0.198064066391326E+00    0.234147149566903E-01    0.378187795805811E-02    0.161424936324711E+00    0.490224172098966E-01    0.265864740674614E-01
    0.299676525000263E-01    0.233689674170812E-01    0.413658568564272E-01    0.218156904629598E+00   -0.240474451725655E-02   -0.965772900091763E-02
    0.122659826175058E+00    0.234035059062576E-01    0.165132707698172E-01    0.216001873710021E+00    0.240876959479750E-01    0.394756937932942E-01
    0.188474279463278E+00    0.233642425250233E-01    0.260377535249257E-02    0.183381976648477E+00   -0.234891871692507E-01   -0.897588949994928E-02
    0.345818555098055E-02    0.235004812438966E-01    0.281026017508521E-01    0.182840455811796E+00   -0.126237952627579E-02    0.927882418803756E-03
    0.174773267314029E+00    0.234766524533224E-01    0.167156631188820E-01    0.259207309105172E+00   -0.268899137865057E-01    0.405613998621885E-02
    0.179450630436379E+00    0.234913670763076E-01    0.316424543724918E-02    0.181869664488101E+00   -0.435035635519699E-01   -0.367709821166978E-01
    0.169550869754821E+00    0.236366732952064E-01    0.524426697534541E-03    0.230808566422614E+00    0.255645883517143E-01   -0.290284824319284E-01
    0.118930147498438E+00    0.236499787342956E-01    0.123399688632272E-01    0.236964225006700E+00   -0.170685693247997E-01    0.383794605254354E-02
    0.106519119445430E+00    0.237114197434780E-01    0.328531770091798E-01    0.205928790823735E+00   -0.584966861151134E-02   -0.222918422788819E-02
    0.656637340705555E-01    0.237428386881362E-01    0.494983483391735E-01    0.165677561645923E+00   -0.266580150741982E-02   -0.359285484457311E-01
    0.170038625949041E+00    0.237804601786342E-01    0.355041896671121E-01    0.142963999562001E+00    0.313750117820121E-01   -0.917225602688119E-01
    0.197749199188862E+00    0.237845382559516E-01    0.876369578231027E-03    0.241979479979863E+00    0.350905528849855E-01   -0.965456256795755E-02
    0.329961252252106E-01    0.238153551096909E-01    0.514559559958557E-02    0.120859668709002E+00    0.169623823899234E-01   -0.908252647488032E-02
    0.151158717239450E+00    0.237897809530011E-01    0.475788312144774E-01    0.207753259701830E+00   -0.203735496264028E-01   -0.220185000677765E-01
    0.654620823656983E-01    0.237820724877091E-01    0.984860902929072E-02    0.182553896194381E+00   -0.444349504154247E-01   -0.357857642630501E-02
    0.812624055294973E-01    0.237805785803384E-01    0.989550787212183E-02    0.221986933796359E+00   -0.500483582581103E-01   -0.140992387443878E-01
    0.174208837998608E+00    0.238628238844281E-01    0.162397975880170E-01    0.218829185451221E+00    0.292441318241340E-01   -0.262503756816651E-01
    0.797003746171110E-01    0.239008915920747E-01    0.337066369665429E-01    0.174727162725319E+00    0.352376743208127E-01    0.993943165942617E-02
    0.109449912574599E+00    0.239048202866974E-01    0.342024794937710E-01    0.194347976701650E+00   -0.153698509831401E-01   -0.244656216546349E-01
    0.126981466682503E+00    0.239611460156902E-01    0.433722385045993E-02    0.214306012600894E+00   -0.328777773474537E-02    0.314279611465892E-01
    0.360727828658072E-01    0.240727602670341E-01    0.832812110509542E-02    0.252264083798523E+00    0.685004432206915E-01   -0.134020509258368E-01
    0.155459676500431E+00    0.240412969940254E-01    0.104837093116765E-02    0.169948519903497E+00    0.167575397548928E-01   -0.110131975494633E-01
    0.177329876753435E+00    0.240295259040346E-01    0.163678062083086E-01    0.218260356844340E+00    0.930722882061688E-03    0.196129533534601E-01
    0.191110255276752E+00    0.240499740238716E-01    0.355284705055414E-01    0.207680253840354E+00    0.255226630377760E-02    0.146605297807274E-01
    0.560058623809659E-01    0.240715014766358E-01    0.132381964616463E-01    0.234302638299375E+00   -0.730255801596689E-02    0.250989066687695E-01
    0.101152786065189E-01    0.241158341062893E-01    0.187918847370921E-01    0.222490209504881E+00   -0.159955764044786E-01   -0.332745469811354E-02
    0.191307633975788E-01    0.242551890643733E-01    0.289723090695066E-01    0.147941501766968E+00    0.435769037105947E-01    0.288112317998240E-01
    0.144906821761454E-01    0.241792521787074E-01    0.902739071888430E-02    0.191715152373123E+00   -0.463794849687341E-01    0.218431296467741E-01
    0.546803304719084E-01    0.243094523504893E-01    0.252470430251852E-01    0.160310383474836E+00    0.196553827676868E-01   -0.301456371806947E-01
    0.131461739946316E+00    0.242566330524137E-01    0.124836604932677E-01    0.201299933292824E+00   -0.399452778912736E-01    0.546626213724215E-02
    0.149902022841176E+00    0.242975379716940E-01    0.274777597786016E-01    0.248886842445806E+00   -0.112421639417901E-01   -0.339050238085136E-01
    0.666965457546291E-02    0.243541505874120E-01    0.455555338294902E-01    0.192046326471404E+00    0.430784100488200E-01    0.503222677548455E-01
    0.928679375637250E-01    0.242794787010281E-01    0.298078866565377E-01    0.262605364614086E+00   -0.412207354868887E-01    0.266210352618332E-01
    0.163760754653069E+00    0.243878513121927E-01    0.595968560740140E-02    0.218687592231077E+00    0.282875293722189E-01    0.492827847229934E-02
    0.301558863812874E-01    0.244008213376024E-01    0.445198799846433E-01    0.152384074228877E+00    0.917456137443471E-02   -0.360154472254038E-01
    0.150849140555391E+00    0.245603084591904E-01    0.315206697200561E-02    0.220908383625968E+00    0.406012049534620E-04    0.285028042136425E-01
    0.146427222583699E+00    0.246086367998982E-01    0.385830691676451E-01    0.187420846129657E+00    0.369468352876093E-01    0.134220602100287E-01
    0.137555584479597E+00    0.245732319454971E-01    0.469340707166816E-01    0.191960302037370E+00   -0.223238865771039E-01   -0.164463299132190E-01
    0.924936858526057E-01    0.246312791950439E-01    0.339607950526575E-01    0.160208439223033E+00    0.142346281987988E-01    0.245761911496678E-02
    0.794989764599534E-01    0.246405389319599E-01    0.738586665417969E-02    0.177386357206605E+00   -0.168677971858234E-01   -0.134815858009310E-01
    0.514111828303793E-01    0.246949366449877E-01    0.233670233877843E-01    0.244823459314238E+00    0.304353488009064E-01    0.148091858386840E-03
    0.752700404090522E-01    0.247456452980794E-01    0.203010639576604E-01    0.263156605327227E+00    0.357769919504352E-01   -0.273815204943074E-01
    0.355357987141173E-01    0.247704903248268E-01    0.186001410987166E-02    0.204013813660033E+00    0.477915223620811E-01   -0.267697756014088E-01
    0.170564549665534E+00    0.247204347985801E-01    0.318609674957671E-02    0.194614499829498E+00   -0.221508623130381E-01    0.148965125883425E-01
    0.715286765426678E-01    0.247588977726916E-01    0.215147666810039E-01    0.215103953938613E+00    0.146637573469562E-01    0.247955904009801E-01
    0.166667944741791E+00    0.247634818258726E-01    0.168821307030684E-01    0.170266177260208E+00    0.123966019980460E-01   -0.365839546035745E-01
    0.106770159170933E+00    0.247884698576981E-01    0.111803480791825E-01    0.210060591951693E+00    0.395246975091507E-02    0.306246940756731E-01
    0.339789937377648E-01    0.247819566861745E-01    0.171812395450499E-01    0.242453010526558E+00   -0.374360037640531E-01    0.139848158222893E-02
    0.870869339938852E-01    0.249125928889779E-01    0.257824326710314E-01    0.175342694487894E+00   -0.121681673908068E-01   -0.130232798023591E-01
    0.152091968789143E+00    0.250230503746610E-01    0.322759501153665E-01    0.150106702993344E+00    0.159661792041705E-02    0.310640984071935E-01
    0.133469188332295E+00    0.250357023687856E-01    0.378224449098918E-01    0.207549779936569E+00   -0.562307133877818E-02   -0.244126662263819E-01
    0.151623832508209E+00    0.250282405575278E-01    0.821797392624201E-02    0.214928930743814E+00   -0.271067207858773E-01   -0.279823356853040E-01
    0.147375890205345E-01    0.250322742536172E-01    0.263626796565071E-01    0.171115631287910E+00   -0.252666272809777E-01    0.255273065618241E-01
    0.140299246147147E+00    0.250644882316418E-01    0.278038714835373E-01    0.263622862212323E+00   -0.317757750675644E-01    0.474169699840387E-02
    0.125499884912362E+00    0.250813753853942E-01    0.401500813278968E-01    0.197416518467518E+00   -0.202267668423595E-01   -0.427814995126325E-01
    0.206441055051899E-01    0.251371339657459E-01    0.859860007523020E-02    0.198817343475187E+00   -0.315567430929396E-01   -0.176978227987743E-01
    0.691155096433765E-01    0.252517180519963E-01    0.102660487103354E-01    0.180518244946754E+00    0.144086636423841E-01   -0.145886978077351E-01
    0.737801884747746E-01    0.252818100771221E-01    0.459381513965769E-01    0.195697799097120E+00   -0.230794153782881E-01   -0.144701352407692E-01
    0.178709675102073E+00    0.253172286852675E-01    0.381389048004403E-01    0.233235509389880E+00   -0.359855355959724E-02    0.132828642221386E-01
    0.616674075964843E-01    0.253537604589729E-01    0.166292372147797E-01    0.248397305781202E+00    0.216202519837218E-01   -0.297319478992331E-01
    0.722237176674824E-02    0.253561223198036E-01    0.317848784264018E-01    0.224583350168733E+00   -0.136386973399801E-02    0.197120742189972E-01
    0.182469951843607E+00    0.253666298172679E-01    0.313376081254987E-01    0.230547843716827E+00   -0.114862793522425E-01   -0.470673639972449E-01
    0.111236854797612E+00    0.254523814795386E-01    0.420895421694587E-01    0.217161787090833E+00    0.325377353438521E-01   -0.613096429531098E-01
    0.709725528963208E-01    0.254633484631108E-01    0.353488322001576E-01    0.257720295717720E+00   -0.632082831709313E-03   -0.131966897118449E-01
    0.190881737845494E+00    0.254986571764039E-01    0.433851436574853E-02    0.215697107376586E+00   -0.609767476522578E-02   -0.309300882272626E-01
    0.103877229328309E+00    0.255245311514712E-01    0.116741421336994E-01    0.150900089518093E+00   -0.143765812830979E-01    0.150821205580901E-01
    0.131322279338570E+00    0.256374682744311E-01    0.283170084921768E-01    0.223624449335631E+00    0.477804249130301E-01   -0.844053561109895E-01
    0.111778937883244E+00    0.256365993385748E-01    0.339852878563248E-01    0.165734190458200E+00   -0.102209152842769E-01    0.437779278418213E-01
    0.111408010056305E+00    0.256380540555610E-01    0.151584589712224E-01    0.160030361788941E+00   -0.925602760990910E-02    0.628940761621164E-02
    0.713505343260391E-01    0.256973898644142E-01    0.148151368606594E-01    0.235541917491473E+00    0.189571331193032E-01    0.113216083325526E-01
    0.148876751645302E+00    0.256958850521661E-01    0.123095852420304E-01    0.211865778364311E+00   -0.570430545729542E-01    0.499523965663390E-01
    0.119743218751515E+00    0.258022492181984E-01    0.435701009980685E-01    0.216396952980483E+00   -0.117385159533305E-01   -0.384530394599505E-01
    0.196146459466838E+00    0.259408091457917E-01    0.488352879978924E-02    0.224905175520832E+00    0.354738295250144E-01    0.317648789193675E-01
    0.180786916163097E+00    0.259807159118816E-01    0.400039875356553E-01    0.227874682238791E+00    0.431636376183704E-01    0.172574074364538E-02
    0.200621850233301E+00    0.259722651417239E-01    0.187026830273985E-02    0.199642494764180E+00    0.893129072591324E-02    0.208948277142201E-02
    0.110966306792678E-01    0.260849520464449E-01    0.355554165561165E-01    0.180929716543942E+00    0.692698321184464E-01    0.127439216098696E-01
    0.172599900817550E+00    0.260574803389318E-01    0.575186159453422E-02    0.192720488926374E+00    0.467795410020529E-02   -0.157777049958930E-01
    0.475441426884628E-01    0.261522790254867E-01    0.465186398100536E-01    0.209611998760183E+00   -0.796854688697892E-01   -0.221340919922662E-01
    0.175346430025424E-01    0.262382727017390E-01    0.335708541576085E-01    0.222955413169745E+00   -0.163781325960753E-01   -0.285461625202555E-01
    0.879115668670569E-01    0.262625065767293E-01    0.160757392854025E-01    0.190832058297342E+00   -0.121383083935301E-01   -0.361169854466099E-02
    0.716760122502155E-01    0.262704452669701E-01    0.338412268081783E-01    0.261035622522718E+00   -0.409659248092856E-01    0.336313428858486E-01
    0.186434830221710E+00    0.263385384295198E-01    0.468481582867321E-01    0.257532358298844E+00   -0.595186913109542E-02    0.276382487063843E-01
    0.129272747464411E+00    0.264770249043853E-01    0.353703022068201E-01    0.219337798082186E+00    0.111093537043684E-01    0.104917451481548E-01
    0.199330641603269E+00    0.264433533311032E-01    0.416971132375985E-01    0.201196836903679E+00   -0.270570640605354E-01   -0.132654512838086E-01
    0.914475182524669E-01    0.265121360535502E-01    0.313574483956670E-01    0.168653464170581E+00   -0.264035857557249E-01    0.171352276174345E-01
    0.652328890674648E-01    0.265821158600629E-01    0.103087397599438E-01    0.219412889995042E+00    0.247804169237077E-01   -0.602479859299253E-01
    0.662788419730348E-01    0.266551455038203E-01    0.125059899268724E-01    0.239979235992544E+00    0.282046565534298E-01   -0.590527903335056E-02
    0.171609339351069E+00    0.266444938852155E-01    0.692826163257743E-03    0.252273334968832E+00   -0.441592505891780E-01    0.367754064597177E-01
    0.150311776411908E+00    0.267220058362404E-01    0.292149859619635E-01    0.203366861006641E+00   -0.842399208100151E-02    0.356236276547977E-01
    0.111829062642637E+00    0.267610903123823E-01    0.309763509107595E-01    0.245118789553550E+00    0.256152382438223E-01    0.212774933177350E-01
    0.696992180931298E-01    0.267465457919704E-01    0.349932349369362E-01    0.227517118928980E+00    0.835646306165691E-02    0.513185793644558E-02
    0.870097225479190E-01    0.267488136216967E-01    0.122452721904439E-01    0.200087069662931E+00   -0.177191943130205E-01    0.114242400799465E-02
    0.135761302920398E-01    0.268156688051882E-01    0.740054993476019E-02    0.193136327766209E+00    0.488166026278897E-01    0.259907801301906E-01
    0.407279494362005E-01    0.269737895276093E-01    0.355524022543876E-01    0.214862180219730E+00    0.510446732180943E-01   -0.813230410214870E-02
    0.738919686922812E-01    0.269421848272663E-01    0.367601039634227E-01    0.180776226954256E+00    0.103427952169037E-01   -0.163280489297014E-01
    0.152340008365369E+00    0.269690732881536E-01    0.423534751215010E-01    0.277988674930803E+00    0.201196169120505E-01    0.226386084455298E-01
    0.242320692026695E-02    0.269854467967782E-01    0.110377401358605E-01    0.189417305259813E+00   -0.540764516591124E-02    0.273785370169382E-01
    0.143252477093604E+00    0.270595124420664E-01    0.204455271277216E-01    0.241556037280908E+00    0.183633969193301E-01   -0.386105364468038E-01
    0.114961265670947E+00    0.270707982530667E-01    0.464194943451011E-01    0.171916215616404E+00   -0.568577429558446E-02    0.276225327643460E-01
    0.181784082989018E+00    0.271013235010284E-01    0.482451400243873E-01    0.184650973995691E+00    0.212433990994258E-01   -0.249322308706551E-01
    0.674068975116357E-01    0.270641718649579E-01    0.294078205866171E-01    0.202747150236474E+00   -0.335226466015616E-01    0.154163329930757E-01
    0.180524288700973E+00    0.272015857018460E-01    0.476313288661839E-01    0.208477404889099E+00    0.238091937223670E-01   -0.185824587325893E-01
    0.724276038666849E-01    0.273144753787395E-01    0.224204097125581E-01    0.214582818434517E+00   -0.366377323325227E-01    0.122250864775481E-01
    0.198922642391987E+00    0.274233763935322E-01    0.501894406331116E-02    0.195201063639898E+00   -0.402637502600563E-01    0.519756610676964E-01
    0.142967150947555E-01    0.275471512329692E-01    0.954915138761447E-02    0.260021624686090E+00    0.153159472932708E-01    0.128513025063583E-01
    0.295745659459300E-01    0.275356549297093E-01    0.150416285558145E-01    0.219881055329491E+00   -0.625616588223710E-02   -0.450823657887673E-01
    0.105495503378368E+00    0.275843075959999E-01    0.140812317126840E-01    0.176697870075720E+00   -0.862614966300954E-02   -0.203612960967012E-01
    0.946752830034654E-02    0.276517871431092E-01    0.793953095973308E-02    0.194093325305617E+00    0.328333241433594E-01    0.317180674696373E-01
    0.129341253389561E+00    0.277113537384120E-01    0.172784359881622E-01    0.178435452807735E+00    0.252877407342525E-01   -0.249022658135322E-01
    0.347217893061429E-01    0.277094238920782E-01    0.968873855529308E-02    0.209919699039836E+00    0.149379521903910E-01    0.523103384338676E-01
    0.601354534524174E-01    0.277806231519779E-01    0.224778313434153E-01    0.221607731446016E+00    0.111719831731602E-01    0.181908548919875E-01
    0.992282999350681E-02    0.278588202477648E-01    0.156262493202805E-01    0.209414362481511E+00    0.318144091628413E-01   -0.209710892261483E-01
    0.148079970917020E+00    0.279271510960112E-01    0.203379349771485E-01    0.227702799473330E+00    0.489046656846224E-01    0.483544945964772E-01
    0.903330508741319E-01    0.278427740504239E-01    0.703293285388655E-02    0.207929676383467E+00   -0.380558276829707E-01   -0.203623526848317E-01
    0.158504314770010E+00    0.278757732941409E-01    0.326023195607336E-01    0.263151180596360E+00   -0.242811041517785E-01    0.309337860097340E-02
    0.784986613555366E-01    0.279353271825182E-01    0.276625637431162E-01    0.157708207175676E+00    0.283532186114621E-01   -0.240057533026291E-01
    0.110886572111113E-01    0.279365645133485E-01    0.329042332473930E-01    0.169154784824718E+00   -0.979958482759734E-02    0.198284057320716E-01
    0.645022722922563E-01    0.279981306376232E-01    0.472279037486320E-01    0.188489090375362E+00    0.130329698080786E-01    0.981344369142146E-02
    0.899717377557021E-01    0.279588683980002E-01    0.173651400010999E-01    0.166266581438899E+00   -0.416812917824909E-01    0.256432764802522E-02
    0.775879064015152E-01    0.280017214378135E-01    0.172404108299640E-01    0.228233711161345E+00    0.179160604634324E-02    0.518855727973028E-01
    0.153525484902944E+00    0.280255260368431E-01    0.118171814205751E-01    0.184824242136931E+00   -0.297784781692291E-01   -0.283696760419604E-01
    0.141914532262888E+00    0.280885839163346E-01    0.659858299071186E-03    0.186399095839086E+00    0.343874950541985E-01   -0.257004500712121E-01
    0.185291033312984E+00    0.280843047514112E-01    0.377209406767813E-02    0.210556930897874E+00   -0.112907564482240E-01    0.262203225665787E-01
    0.189366204769744E+00    0.280680077800677E-01    0.132173689790706E-01    0.226460495256202E+00   -0.398586606946024E-01    0.109212619095538E-01
    0.176786381538947E-01    0.281143094705252E-01    0.346391747340642E-01    0.187655330898308E+00   -0.112716347285407E-01   -0.151301431504485E-01
    0.207227100593298E-01    0.281598829506863E-01    0.206213633119824E-01    0.296452634541904E+00    0.122176471261198E-01   -0.172758619585073E-01
    0.173271580053369E-01    0.281728178489540E-01    0.309351170070674E-01    0.215793355701363E+00   -0.141510435045308E-01    0.600205628252289E-02
    0.120473593024585E+00    0.281782740315683E-01    0.354348798975526E-01    0.212641304079383E+00   -0.355211703912281E-01    0.104026676306765E-01
    0.182094817108088E+00    0.282586317574083E-01    0.157578063694568E-01    0.252484414705309E+00    0.198017893389869E-01   -0.165496642529935E-01
    0.163657494130754E+00    0.283509093184298E-01    0.151754780352188E-01    0.201308092211691E+00    0.396821577693930E-01   -0.404777129239538E-01
    0.192688928798429E-01    0.283307529723524E-01    0.301857065324860E-02    0.219355225688333E+00    0.117685236448727E-01    0.407423502749100E-01
    0.408252965620140E-01    0.283743225964417E-01    0.229688143724263E-01    0.160072914819521E+00    0.551452875803606E-01   -0.173339691556510E-02
    0.430680822438325E-01    0.284476653815768E-01    0.264294781544193E-01    0.142839139330711E+00    0.452717834416629E-01    0.187883486360249E-01
    0.749234822058811E-01    0.283811363993749E-01    0.127184978614057E-01    0.193846097183050E+00   -0.350625055913453E-01    0.477626216836903E-02
    0.989158145855397E-01    0.284446243223676E-01    0.379598153643355E-01    0.209770627296899E+00   -0.460514256078350E-02   -0.703589727544795E-01
    0.525497211799816E-01    0.284892642813203E-01    0.185161400408778E-03    0.187972475170800E+00   -0.888237661103428E-02    0.120790903161242E-01
    0.184627772388953E+00    0.285513673169340E-01    0.189829592152757E-01    0.235102865917193E+00    0.247221985871894E-01    0.921114390275478E-02
    0.268878333935234E-02    0.285944292317174E-01    0.251544786146574E-03    0.186468106546592E+00   -0.150544618299248E-01   -0.406894767580503E-01
    0.137247701829846E-01    0.286030844742796E-01    0.492679295416174E-02    0.187193117037770E+00   -0.138293862049176E-01   -0.121461377102701E-01
    0.256318921574212E-01    0.286107950333651E-01    0.406179252608126E-01    0.209448219780356E+00   -0.154212081997892E-01   -0.205025081470891E-01
    0.131588320685179E+00    0.286403308608488E-01    0.311005952753939E-03    0.230792389304632E+00    0.576812312282512E-02    0.848773609123208E-02
    0.105929158810586E+00    0.286371889690218E-01    0.243355597729450E-01    0.200623926664213E+00   -0.276290847549854E-01   -0.179938163438209E-02
    0.191413465917958E+00    0.286683647277821E-01    0.222297738175265E-01    0.275499904189845E+00    0.383748140103818E-03   -0.169818270623493E-01
    0.775543280727790E-01    0.287695538477528E-01    0.373056538098149E-01    0.189465916943518E+00    0.128736695368183E-01    0.117643462615402E-01
    0.488504347015525E-01    0.287894727368395E-01    0.353686892303027E-01    0.230273395906511E+00    0.306362277866435E-01    0.272535965393045E-01
    0.723962894368621E-02    0.287770309402603E-01    0.470913691593726E-01    0.147127002478358E+00    0.161357842879648E-01    0.107601236126984E-01
    0.868698342476747E-01    0.288379410272169E-01    0.692046158910562E-02    0.208655479616437E+00    0.131513411224073E-01   -0.414791465446569E-01
    0.911692320700409E-01    0.288706712487705E-01    0.409173125800675E-01    0.179954427587693E+00    0.512360551989182E-02    0.114340795955479E-01
    0.258094691150025E-01    0.288316429971983E-01    0.139661692570588E-01    0.193677458030647E+00   -0.360889540814820E-01   -0.108530060657934E-01
    0.537368376797463E-01    0.289063380426682E-01    0.387369308061421E-01    0.262901598155726E+00    0.299767168595844E-01   -0.416966353954489E-01
    0.190108049373656E+00    0.289012567267680E-01    0.303159268704972E-01    0.250555130764428E+00   -0.519312346745574E-02   -0.144476781529213E-01
    0.187568483914930E+00    0.289207171134831E-01    0.337700236106071E-01    0.202476869070391E+00    0.530800176722101E-02   -0.180241034953188E-01
    0.196663310810090E+00    0.290078039135716E-01    0.431471970692675E-01    0.211864302886692E+00    0.206242046291885E-01   -0.676139460333190E-02
    0.877320329269033E-01    0.289736056065456E-01    0.487570076107347E-02    0.186647557659494E+00   -0.143435608845278E-01    0.311383446232893E-01
    0.174632167920440E+00    0.289733986569670E-01    0.776404059470030E-02    0.243025911550100E+00   -0.187772847052181E-01    0.118774307179715E-01
    0.576550950404795E-01    0.289885344019363E-01    0.115897620564214E-01    0.238900347672802E+00   -0.969649052494911E-02    0.158864071869063E-01
    0.185123000796323E+00    0.289901706478650E-01    0.265452092879165E-01    0.228246751586827E+00   -0.178912663595197E-01    0.241488219895808E-01
    0.112812008021068E+00    0.290785983297221E-01    0.793526495085343E-02    0.249004170775125E+00    0.940971349705397E-02    0.142248181425752E-01
    0.178423469996708E+00    0.291277146686334E-01    0.107697283013611E-02    0.195627286686522E+00   -0.560869969796837E-02   -0.507106062749090E-02
    0.777787730916623E-01    0.291014940356893E-01    0.231264704901107E-01    0.180549210372211E+00   -0.329075862502374E-01   -0.541814254865168E-01
    0.127194803784064E-01    0.290944551813659E-01    0.364541797205135E-01    0.184785605751625E+00   -0.409174486812268E-01    0.112037480564266E-02
    0.605451688655966E-01    0.292803039871790E-01    0.280164873449453E-01    0.200843807809154E+00    0.458574001022775E-01    0.200135329411987E-01
    0.240092043090666E-02    0.292889401255812E-01    0.109927605874863E-03    0.281440548369459E+00    0.923663902821749E-02   -0.736558161457542E-01
    0.509213022554606E-01    0.293470329054900E-01    0.169872873973416E-01    0.203459936693913E+00    0.101445218816516E-01   -0.174905660437949E-01
    0.101048813184943E+00    0.294424764889348E-01    0.350348241268581E-01    0.206795503199032E+00    0.252919823963404E-01    0.338981775084110E-01
    0.163292646137460E+00    0.294702787583003E-01    0.419264742215580E-01    0.197050893232795E+00    0.278567158350182E-01   -0.308084466879125E-01
    0.103496725213667E+00    0.294497998347550E-01    0.353246657365527E-01    0.240394374201784E+00    0.634913575402632E-02   -0.748243160060339E-02
    0.151449538824664E+00    0.294558948870135E-01    0.312772579607332E-01    0.286984868563098E+00   -0.882393268086996E-02   -0.167787789787677E-01
    0.705857065680755E-01    0.295766598713091E-01    0.106715376993818E-01    0.216918260391720E+00    0.180500318804797E-01   -0.160700592179890E-01
    0.114314817227965E+00    0.296335578858574E-01    0.443802393349477E-01    0.182525350164737E+00    0.408249434975769E-01    0.365293153844876E-01
    0.177075058338365E+00    0.296498581127689E-01    0.318128169618593E-01    0.195275544986952E+00    0.235388567202913E-01   -0.573479463298807E-01
    0.543653731810924E-01    0.296427848208415E-01    0.189493358195333E-01    0.157470259052894E+00    0.126214439309751E-01   -0.138237706742508E-01
    0.180884538810064E+00    0.296141960578253E-01    0.261623406073524E-01    0.135950095632388E+00   -0.330868865259690E-01   -0.124545193614931E-01
    0.164541216294471E+00    0.296723907101601E-01    0.230782923892387E-01    0.211829792146833E+00   -0.521218560902973E-02   -0.305787472908000E-01
    0.621766375875964E-01    0.297136459772523E-01    0.474662206572583E-01    0.222702365452760E+00    0.344852503805065E-01    0.148534155446312E-01
    0.181335917270623E+00    0.297558735575374E-01    0.174503708491883E-02    0.210080800900193E+00    0.152177290414208E-01    0.415174998333633E-02
    0.106998336819596E+00    0.297212645260577E-01    0.462856118327889E-01    0.197668003808823E+00   -0.354054658673259E-01   -0.650752720697785E-01
    0.345315897327245E-01    0.298011474234084E-01    0.286786651018558E-01    0.179263472619786E+00    0.120761393200519E-01   -0.283819712494108E-01
    0.742687289259464E-02    0.298682962387486E-01    0.416192338580112E-01    0.223335174479546E+00   -0.285474087671091E-01   -0.150511903671473E-01
    0.314253748050267E-01    0.299176007629154E-01    0.332810060919050E-01    0.231101371948808E+00    0.242206560139878E-02   -0.946741426137495E-02
    0.158294561340606E+00    0.299783583191653E-01    0.224063270939008E-01    0.181591788606730E+00    0.211348449381713E-01   -0.981999312187724E-02
    0.124794808155168E+00    0.301730571471526E-01    0.239394384699766E-01    0.170660904825319E+00    0.456437850333768E-01    0.343361220549837E-01
    0.867841984115079E-01    0.301716892443200E-01    0.443895402956534E-01    0.198137291955584E+00    0.488073101701224E-02   -0.192091912745490E-01
    0.155025797150648E+00    0.302067351210368E-01    0.466725939744672E-01    0.153982783328958E+00    0.132597636587291E-01   -0.533933293178905E-02
    0.284998299346450E-01    0.302006008711839E-01    0.635234669102298E-02    0.210613311573870E+00    0.482936502520619E-02   -0.120874779775811E-01
    0.143435039766064E+00    0.302306831512024E-01    0.241764851546664E-01    0.184674822818172E+00   -0.300414007113690E-01   -0.127616151453023E-01
    0.349102764097994E-01    0.302883598914914E-01    0.310686040279973E-01    0.183416304545971E+00    0.200047906216941E-01    0.474854371097128E-01
    0.137756082541404E-01    0.303882186597226E-01    0.464556327577839E-01    0.202690735906840E+00    0.245102486793509E-02   -0.567639559926470E-02
    0.268257224057938E-01    0.303970867391321E-01    0.397353912688986E-01    0.205965084984638E+00    0.114683928999785E-01    0.134750974411426E-01
    0.181568240539632E+00    0.304197406548522E-01    0.201646552019570E-01    0.138717528752246E+00    0.276089217235749E-01    0.425797652920218E-02
    0.640659494374083E-01    0.304145496977655E-01    0.868202367652991E-02    0.117254802467410E+00    0.139776240098429E-01    0.373737726154476E-01
    0.929778439722998E-01    0.303822254230318E-01    0.118402700369718E-02    0.170909320365749E+00   -0.291635666014087E-01   -0.461422036257984E-01
    0.147279674697399E+00    0.303933702763529E-01    0.206515101560551E-01    0.158262783896940E+00   -0.597199094303606E-01    0.265543560415424E-01
    0.180100546588419E+00    0.304697549735163E-01    0.438368984989667E-01    0.162602991164958E+00   -0.220890668513843E-01   -0.173043651966599E-01
    0.868387192205400E-01    0.305037638780566E-01    0.203541122588204E-01    0.184630309106904E+00   -0.449182101322898E-02   -0.201865504246039E-01
    0.470388618686366E-01    0.305438802644563E-01    0.112155776910679E-01    0.228144896933752E+00    0.145051386123402E-01   -0.449142739595276E-01
    0.349042412650744E-01    0.305587018627127E-01    0.479415849446688E-01    0.187736682135963E+00   -0.549485351397738E-01   -0.107061815209466E-01
    0.477284578563041E-01    0.306766504387630E-01    0.109515000939536E-01    0.200106842323033E+00    0.372326162956886E-01    0.155739586131177E-01
    0.198786975631427E+00    0.306763530308755E-01    0.339993907230898E-01    0.182926913098187E+00    0.189753129260328E-01   -0.108863498850881E-01
    0.173884875446717E+00    0.307408888210598E-01    0.175569709710467E-01    0.195514805275062E+00    0.260110376617651E-02   -0.531147411919558E-01
    0.636460026082045E-01    0.307527601341187E-01    0.120941248037517E-01    0.180222614847038E+00    0.412710955510175E-02    0.132418285364934E-01
    0.146477003295119E+00    0.307445881028190E-01    0.407350717344459E-02    0.208006391970190E+00   -0.834189769458879E-02   -0.983307706905519E-02
    0.756539718078349E-01    0.308021784412975E-01    0.134472911208758E-01    0.249158247639325E+00   -0.161269060110566E-01   -0.119541563728191E-02
    0.151366236964956E+00    0.308543795313894E-01    0.148341219245639E-02    0.183371308457896E+00    0.108708091373424E-01    0.592977434418751E-02
    0.154037434038528E+00    0.308369824086787E-01    0.413083210542303E-01    0.220207183071135E+00   -0.308589640643237E-01   -0.293565858030609E-01
    0.150873124306508E+00    0.309112995027479E-01    0.191057759618545E-01    0.244204397617424E+00   -0.147017107971927E-02   -0.630916119818349E-03
    0.175865844124273E+00    0.309218653865200E-01    0.491662361166425E-02    0.221691445265367E+00   -0.166330259143033E-01    0.265926545236154E-01
    0.117412839665448E-02    0.310222912986926E-01    0.416277084190993E-01    0.176513100782438E+00    0.439858176861886E-01    0.843570373072195E-02
    0.116052613298189E+00    0.310012709101927E-01    0.341964593802193E-01    0.204185300361530E+00    0.378989172047442E-02    0.138554566965411E-01
    0.771458621026210E-01    0.309493184068440E-01    0.742756458652109E-02    0.221343527843314E+00   -0.547443626278613E-01   -0.132809519084087E-02
    0.117456677008813E+00    0.310119755173388E-01    0.351010517886055E-01    0.203628135381074E+00    0.749392305787576E-02   -0.477969092023991E-01
    0.599509143516515E-01    0.309757983021053E-01    0.332268647337853E-01    0.220479326740481E+00   -0.333198294359157E-01    0.125826710849774E-01
    0.778254563973103E-01    0.310499830336713E-01    0.106562061334337E-01    0.194084865278349E+00   -0.311716695355115E-02    0.364567283300487E-01
    0.256966445759569E-01    0.312778235602450E-01    0.499640776332965E-01    0.266928596124086E+00    0.265761073014521E-01   -0.255205399021318E-01
    0.193573387907421E+00    0.312778837257251E-01    0.285011878740696E-01    0.231382356133128E+00   -0.135752391336783E-01    0.192466824376234E-01
    0.672170262512477E-01    0.313148430380258E-01    0.396917291256312E-01    0.118668171154649E+00    0.210486789688986E-01   -0.911691318463383E-02
    0.175141372248711E+00    0.312910703185374E-01    0.414071436877319E-01    0.195125443165671E+00   -0.458311057785344E-01   -0.121531738641375E-01
    0.273081483252776E-01    0.313888524742390E-01    0.428059341522544E-01    0.140662396740726E+00   -0.524815744455909E-02   -0.109332172076531E-01
    0.797317298556846E-01    0.314452532250409E-01    0.245231741477215E-01    0.194953181205348E+00    0.407467489420008E-01    0.265863218766162E-01
    0.766760080122897E-02    0.313925454919037E-01    0.462728858468274E-01    0.228264053841420E+00   -0.388246668872207E-01   -0.387845487130781E-02
    0.881435960915144E-01    0.314975671731108E-01    0.111331595910343E-01    0.187830095954808E+00    0.300863355946754E-01    0.283234514745779E-01
    0.930683014326345E-01    0.315156000899142E-01    0.178798595878863E-02    0.150600630096271E+00    0.215359829738699E-01   -0.463753944926642E-02
    0.161834143029098E+00    0.316024930673832E-01    0.324286616045863E-01    0.175169894007651E+00    0.221700142767252E-01    0.185650067209262E-01
    0.221447691917268E-01    0.315791553545971E-01    0.113642410875910E-01    0.151185388169277E+00   -0.329266000591855E-01    0.150816840837611E-01
    0.925364375946295E-01    0.316277985649392E-01    0.327226300291129E-01    0.190058134073002E+00   -0.288063341047928E-01   -0.539872893704642E-01
    0.702889517450697E-01    0.317159695736463E-01    0.356445412495420E-01    0.183826437791231E+00   -0.194279525137508E-01    0.171955269916209E-02
    0.927273648427341E-01    0.317463824286033E-01    0.242818040312899E-01    0.197209819540771E+00   -0.277338650993418E-01   -0.105980639559621E-01
    0.543535538931204E-02    0.318013778255036E-01    0.264015013335425E-01    0.177116154106231E+00   -0.551642601043893E-02    0.124132915449178E-01
    0.158544767468305E+00    0.318012947039985E-01    0.402814034476754E-01    0.203810654735877E+00   -0.456814708072618E-01    0.136005580668749E-01
    0.192749891005651E+00    0.317797529962763E-01    0.207936047023347E-01    0.202131123059551E+00   -0.690420667185492E-01    0.243922998641940E-01
    0.117897789853454E+00    0.318428218956858E-01    0.195773780858047E-01    0.209600456006287E+00   -0.302875312993347E-01   -0.363136433054909E-01
    0.194418566475814E+00    0.319398932152594E-01    0.208628301237066E-01    0.178402914063257E+00   -0.110396335653483E-01   -0.251287831588856E-02
    0.149466591693150E+00    0.320098994772776E-01    0.314877207214186E-01    0.224083592233970E+00    0.203797790735881E-01   -0.415158691587909E-01
    0.182224141355040E+00    0.320363874688217E-01    0.571713790823589E-02    0.163034955712127E+00    0.197963119110582E-01   -0.486724651411973E-01
    0.173142353317892E+00    0.320741093729756E-01    0.266891030409599E-01    0.222687094514303E+00    0.564004469739252E-01    0.465130840554564E-01
    0.160093812716509E+00    0.320751453230936E-01    0.243573217440389E-01    0.198463457853127E+00   -0.169503075831785E-02   -0.591054343184090E-01
    0.195081672252529E+00    0.320991666740524E-01    0.111097567152786E-02    0.219870470822758E+00   -0.150353453149845E-01   -0.478952969026453E-02
    0.158357558512026E+00    0.321449415470138E-01    0.153394490354696E-01    0.198859054794687E+00    0.233534294059625E-01   -0.169136828074249E-03
    0.246937651493891E-01    0.322878197864095E-01    0.235518855640447E-02    0.209001921144027E+00    0.454462512487562E-01    0.245076906449529E-01
    0.517212891446883E-01    0.322565526848451E-01    0.381642347419121E-02    0.299056338912784E+00    0.249480172923908E-02    0.503383166050163E-01
    0.183505885981669E+00    0.323335140186457E-01    0.278888029684882E-01    0.188989027327291E+00    0.158122055567138E-01    0.312896406679378E-01
    0.418543985521579E-01    0.323806123482560E-01    0.185343993987028E-01    0.192167917980006E+00    0.557577600665776E-01    0.341414355270567E-01
    0.168511072128403E+00    0.323568317260145E-01    0.244213177377848E-01    0.188794597225192E+00    0.120375808928847E-01    0.113974638307057E-01
    0.668252076678726E-01    0.324065895778023E-01    0.246700229059402E-02    0.211691981633907E+00    0.337201884851039E-01   -0.723903870607531E-02
    0.131460557565666E+00    0.323527416632399E-01    0.497043274051695E-01    0.188127178404375E+00   -0.394380919119011E-01   -0.767552928474831E-03
    0.566012360168885E-01    0.324868144965815E-01    0.457923496074122E-01    0.240087846093107E+00    0.744579092219587E-01   -0.176090374496590E-01
    0.960880087878050E-01    0.324497772804207E-01    0.292880091141158E-01    0.194767999113840E+00   -0.205247164157295E-01   -0.352240318530955E-01
    0.100672654319323E+00    0.324954720098265E-01    0.315408881564800E-02    0.258745089575690E+00   -0.142841674053133E-01   -0.304034702299862E-01
    0.191374815509994E+00    0.324784193983436E-01    0.388984333333718E-01    0.177517227312614E+00   -0.573257261030100E-01   -0.829880419463263E-02
    0.136048541948289E+00    0.325969338389531E-01    0.146222612844908E-01    0.205281915127217E+00    0.171591367929829E-01   -0.165467082862279E-01
    0.302543054670529E-02    0.326120251124815E-01    0.216576638777775E-01    0.167017679236323E+00   -0.100612123610302E-01   -0.423649788336179E-03
    0.128210336563784E+00    0.326435890985637E-01    0.434893753331470E-02    0.222845194343005E+00   -0.107520820373721E-01    0.121623165888129E-01
    0.977536337748073E-01    0.326895656586988E-01    0.177343920325075E-01    0.172220762265984E+00    0.229488592850497E-01    0.306043022699586E-02
    0.541852472655088E-01    0.327150963612552E-01    0.350863458455763E-01    0.160020287705613E+00    0.136232067155806E-01    0.193269015074233E-01
    0.158752365780381E+00    0.328015819747791E-01    0.108728394812367E-01    0.207952795109738E+00    0.150240500523113E-01   -0.242131752422872E-01
    0.190555436072326E+00    0.328285361795012E-01    0.463947949803753E-01    0.154724419101595E+00    0.141659303395722E-01    0.206216891038493E-01
    0.896463233186417E-01    0.328037402104596E-01    0.421074136636802E-01    0.193782110583010E+00   -0.199770874574289E-01    0.817825046288618E-02
    0.145110488276389E+00    0.328334820117695E-01    0.281621660654369E-02    0.184293360736953E+00   -0.196194221202771E-01   -0.427911221963182E-01
    0.962310821406202E-01    0.329734180352035E-01    0.141916085307621E-01    0.176059882347128E+00   -0.163652649902474E-01   -0.134945951757018E-01
    0.857547338442094E-02    0.330250652094921E-01    0.162419537992127E-01    0.208251334293845E+00   -0.283769574391343E-01   -0.828595349035999E-02
    0.159929552328400E+00    0.330572531374835E-01    0.418708069705959E-01    0.215411289822483E+00   -0.194722515548606E-01    0.433152258800497E-02
    0.740557401676044E-01    0.330712086688302E-01    0.376196799558690E-01    0.210113035743352E+00   -0.228171709315707E-01   -0.256846921160291E-01
    0.118805698299755E+00    0.332447471305289E-01    0.546689639793943E-02    0.238618414819755E+00    0.248621673719313E-01   -0.154412461550702E-01
    0.605107237540830E-01    0.332296528425494E-01    0.102324671006644E-01    0.182258321646977E+00   -0.603115126738469E-02    0.428709141235761E-01
    0.333055876699426E-01    0.332984997542747E-01    0.209507566401835E-01    0.261334201844128E+00    0.599084295730454E-01   -0.285718699592121E-01
    0.330400058263936E-01    0.332643726665061E-01    0.264651200134434E-01    0.193304147735620E+00    0.124104048347203E-01   -0.694659915974677E-02
    0.163506681487426E+00    0.332774077438880E-01    0.488619765740183E-02    0.206527463944242E+00   -0.171744372288119E-02    0.552915755061563E-01
    0.698291564838165E-01    0.332764129694339E-01    0.236412114918786E-01    0.162961393257441E+00   -0.244697665479499E-01   -0.412435502687768E-03
    0.171866698283685E+00    0.333696803352198E-01    0.489669976243451E-01    0.157742222480032E+00    0.560170965555069E-01    0.292211621733290E-01
    0.576141760301593E-01    0.332992313288237E-01    0.661630684422341E-02    0.185604053469968E+00   -0.203778311448353E-01   -0.284997449404475E-01
    0.503438979027978E-01    0.333079118703889E-01    0.679327802762505E-02    0.201438679368552E+00   -0.120137447447125E-01   -0.595088126906908E-01
    0.136410766453230E+00    0.333383158812144E-01    0.108297593629382E-01    0.178965144428039E+00   -0.979417099560478E-02   -0.368439396025982E-03
    0.178609387984094E+00    0.334024203258276E-01    0.483070195712972E-01    0.185627699677635E+00   -0.776041667617645E-02    0.131651569120982E-01
    0.886957245568967E-01    0.334106556280666E-01    0.391668586087563E-01    0.163633530560951E+00   -0.211584658372298E-01    0.353428375523012E-02
    0.813429375154790E-01    0.334738502651985E-01    0.490794217983322E-01    0.194169680639833E+00    0.708924913126864E-02    0.238746141289736E-01
    0.780655135042427E-02    0.335239157815629E-01    0.864128140463351E-02    0.157033692262292E+00   -0.241467249216076E-01   -0.759563211833654E-02
    0.315487779003462E-01    0.335724842686538E-01    0.998798563799565E-02    0.173717329606528E+00    0.180167312258307E-01    0.386216573049328E-01
    0.144170342937641E+00    0.335818237960794E-01    0.148505446865561E-01    0.202020085883493E+00   -0.136368913023640E-01    0.151490660720194E-03
    0.120407545825479E+00    0.335967562590394E-01    0.344219531010762E-01    0.208195355138545E+00   -0.190105056223420E-01    0.102144485827376E-01
    0.569590616266133E-01    0.335910418028017E-01    0.416217851663322E-01    0.184398427379009E+00   -0.271306956271126E-01    0.171062606519458E-01
    0.874707775441437E-01    0.336313889214550E-01    0.423300276032629E-01    0.235344000860977E+00    0.129896552471386E-01    0.416769747679609E-01
    0.296629082002754E-01    0.336978167994029E-01    0.365462459627315E-01    0.279442279447812E+00    0.134588593279564E-01   -0.605070523447785E-01
    0.194459163604477E+00    0.336969008249663E-01    0.229865965198678E-02    0.218128131025242E+00   -0.511358455851089E-01   -0.241938556257080E-01
    0.902870291754588E-01    0.338326042874094E-01    0.129742219938961E-02    0.213215828275872E+00    0.426439907754163E-02   -0.356027466672529E-01
    0.226307706434059E-01    0.339344511351089E-01    0.250080882019264E-01    0.213326917953050E+00    0.810937207479367E-02   -0.175118377195299E-02
    0.127310139342284E+00    0.339501335662397E-01    0.870811416416034E-02    0.206220809819791E+00   -0.253843485776563E-01    0.172712576358866E-01
    0.532212950609337E-01    0.339994709537503E-01    0.268529655998790E-01    0.161472618924973E+00    0.102475794851110E-01   -0.771020127337145E-02
    0.350750915278694E-01    0.339701534512694E-01    0.164689649465335E-02    0.182381658738649E+00   -0.315978277365188E-01   -0.351112670008864E-01
    0.183858953986555E-01    0.340654751056906E-01    0.257587464996594E-01    0.180340593964919E+00    0.500876293857414E-01    0.538604705519994E-03
    0.113557006639471E-01    0.340121483335313E-01    0.142403881671687E-01    0.199700831167876E+00   -0.400470682036222E-01   -0.301485654401653E-01
    0.899846648157019E-01    0.341862887712870E-01    0.435845209456695E-01    0.253526597135329E+00   -0.211353915110654E-01   -0.323868872635890E-01
    0.186800673886238E+00    0.342108615020472E-01    0.140585691473735E-01    0.231625450520526E+00   -0.296894387771141E-02   -0.861053541185821E-02
    0.821456466065446E-01    0.342231750789166E-01    0.406686585738299E-01    0.261146107100096E+00   -0.162933098624669E-01    0.832403863561696E-02
    0.103940895896299E+00    0.343788472431404E-01    0.348525422094686E-01    0.193312327956279E+00    0.314233090537581E-01   -0.425962346991367E-01
    0.316466172449381E-01    0.343522947309516E-01    0.254484485823064E-01    0.267631003093436E+00   -0.239429254182256E-01    0.586645246989379E-01
    0.141983335204320E+00    0.343764286646451E-01    0.389809085115360E-01    0.176167589198455E+00   -0.226866015331638E-01   -0.366225659643449E-01
    0.182460277598491E+00    0.344810045006244E-01    0.458093401364435E-01    0.203119651396694E+00    0.405763680204126E-03   -0.894127976076157E-02
    0.450981974253278E-01    0.344552794541493E-01    0.437801427944455E-01    0.229865940639474E+00   -0.272358899414567E-01   -0.100101782917071E-01
    0.188988563824401E+00    0.345470283297876E-01    0.368831052333660E-01    0.237159002535051E+00    0.289959429205044E-01   -0.464239372737215E-01
    0.180892723599861E+00    0.344939038170035E-01    0.154586740793995E-01    0.202645462110445E+00   -0.373780601766548E-01   -0.149705730954237E-01
    0.118146520993180E+00    0.346131020267178E-01    0.303697815736920E-01    0.220802781752929E+00   -0.200926540362872E-01   -0.821791776449668E-02
    0.446926820957178E-01    0.346041546145002E-01    0.505630382005334E-02    0.215788405648043E+00   -0.306841443406231E-01   -0.241860888252454E-01
    0.104860553544342E+00    0.346564025480473E-01    0.444642315912772E-01    0.205336833947466E+00    0.181286334575458E-01    0.391972914449334E-02
    0.135679063179284E+00    0.347043481845192E-01    0.406204233607717E-01    0.201351738078658E+00   -0.651740308185307E-02    0.330864803173427E-01
    0.324311314073524E-02    0.347200995349348E-01    0.260561164280769E-01    0.205345465726255E+00   -0.180705912668241E-02    0.249390765989119E-01
    0.255448621678233E-01    0.347906965088690E-01    0.415190376262305E-01    0.234392839538501E+00    0.437400346401048E-03   -0.311707346174557E-01
    0.106666123323846E+00    0.347957688602581E-01    0.152887470247767E-01    0.197964068159603E+00   -0.290038853014466E-02   -0.437540531425894E-02
    0.207167182564707E-01    0.348605922382452E-01    0.389182632231884E-01    0.204534161897173E+00    0.246773131616926E-01   -0.169344741334956E-01
    0.188515612248820E+00    0.349502554232256E-01    0.137688605273556E-01    0.213527083898683E+00    0.873893562014586E-02   -0.883895043200018E-02
    0.144225256858167E+00    0.350018024321582E-01    0.240288658185337E-01    0.168073901482663E+00    0.550953893897457E-02    0.206808263610942E-01
    0.527150330430964E-01    0.350461646505496E-01    0.113514207400778E-01    0.173629391609251E+00    0.154903750021299E-01   -0.628014436023425E-01
    0.128254474087587E+00    0.351170382112459E-01    0.333421440729808E-01    0.255356584402566E+00    0.274241731631467E-01    0.479419407127355E-03
    0.107714209141662E+00    0.350183958871198E-01    0.312076677922947E-01    0.201220732100982E+00   -0.791943917706709E-01    0.253681404154380E-01
    0.174618778622845E-01    0.350956631944589E-01    0.314185128838075E-01    0.218544259622114E+00   -0.505238489061328E-01   -0.486916671739845E-01
    0.127471074860294E+00    0.352695774497622E-01    0.380541844756587E-01    0.258365337780043E+00    0.131542581709685E-01   -0.264604320731169E-01
    0.151007980292430E+00    0.352036890972961E-01    0.203956514348785E-01    0.188531197763278E+00   -0.587044216475275E-01   -0.155734166537441E-01
    0.650505493192179E-01    0.352023367692451E-01    0.351745763653372E-01    0.225410491755604E+00   -0.647116517017290E-01    0.261741182456107E-02
    0.913178171394834E-01    0.353241935519672E-01    0.199558263232975E-01    0.209542279689237E+00    0.255504628247086E-01   -0.273089879201988E-02
    0.117793307875894E+00    0.353273567799262E-01    0.134150454583423E-02    0.214814077336877E+00   -0.196942803363942E-02   -0.686619255417490E-01
    0.114668932925573E+00    0.353187035040694E-01    0.450785566716099E-01    0.175393611949304E+00   -0.218487452099788E-01    0.656963740759396E-02
    0.176323862564565E-01    0.353546003433810E-01    0.324153998631723E-01    0.169715458514704E+00    0.231446034593851E-02    0.140443598632495E-02
    0.375410428272989E-01    0.353860694431981E-01    0.293011781556125E-01    0.262366899282360E+00   -0.305769748833842E-01   -0.425692044758776E-02
    0.184140442752402E+00    0.354432339962639E-01    0.108681910257136E-01    0.150720529005160E+00    0.228155299704348E-01    0.357250128990124E-02
    0.163677089385059E+00    0.355981746471368E-01    0.314371551157886E-01    0.211911139223612E+00   -0.900699032682853E-02    0.285340828376160E-01
    0.632038129708554E-01    0.356183464107460E-01    0.149930098193638E-01    0.197276835204413E+00   -0.627170203674003E-01    0.210581770373575E-01
    0.669405699474791E-01    0.357316607377403E-01    0.215707967710852E-01    0.213537218150987E+00   -0.209547825862575E-02    0.274771904856417E-02
    0.837590415782433E-01    0.358243508571072E-01    0.126646969890482E-01    0.218824953694642E+00    0.297223901439812E-01   -0.915480693874154E-02
    0.164067653080993E+00    0.358312918797184E-01    0.361284129082572E-01    0.147246828804173E+00    0.352579275714806E-01   -0.159102318338591E-01
    0.465902268032581E-01    0.358047521174212E-01    0.270283103331068E-01    0.187086692855555E+00   -0.272537457515982E-02    0.360553184705002E-01
    0.119181971656959E+00    0.358439580865710E-01    0.226732519026793E-01    0.213968804332538E+00    0.252932297315336E-01   -0.383083394271892E-01
    0.178221847360855E+00    0.358097123835549E-01    0.407154246530715E-01    0.221184561097653E+00   -0.133101804540925E-01   -0.287178737596627E-01
    0.923185723418430E-01    0.359278943550497E-01    0.350993781919200E-02    0.193641728189964E+00    0.539720382712594E-01   -0.575494157108098E-01
    0.553650498692501E-01    0.358901015143387E-01    0.192500194794680E-01    0.178767948760677E+00   -0.295619920182065E-02   -0.350483192238249E-01
    0.156898788283366E+00    0.359348079803210E-01    0.450212287568682E-01    0.202947626316776E+00    0.967009324552159E-02   -0.336281255713838E-01
    0.154647488726819E+00    0.359498397783018E-01    0.227551672215904E-01    0.162906164297170E+00   -0.158029931328238E-01   -0.307397280951026E-01
    0.198749037899161E+00    0.359484162324617E-01    0.153407692900795E-01    0.213661917023277E+00   -0.205733644876086E-01    0.139958806202606E-01
    0.916863938671161E-01    0.359776573561401E-01    0.152314543294197E-01    0.146891101701841E+00   -0.140320710004871E-01   -0.283858011060415E-01
    0.654326731727240E-01    0.359810341813232E-01    0.207514206934117E-01    0.139604217674508E+00   -0.137350144695984E-01   -0.119933754606165E-01
    0.112660174761078E+00    0.360414818063354E-01    0.436462069813948E-01    0.216412884771996E+00   -0.600353694187896E-02    0.268829458661350E-01
    0.176684949408631E+00    0.361449759294958E-01    0.339041547191659E-01    0.213231264246299E+00    0.815249320800585E-02    0.420508841408598E-02
    0.139043410759143E+00    0.362716946325598E-01    0.498715656194961E-01    0.212052160646323E+00    0.912008698628276E-01   -0.587766412662549E-02
    0.527066963856159E-01    0.362033162528452E-01    0.211741784747543E-01    0.180734210277361E+00   -0.196951887702018E-01   -0.138300087150785E-03
    0.144823803513156E+00    0.362660860303700E-01    0.185631737386729E-01    0.216557353725896E+00    0.386903108617716E-01   -0.929984907828719E-02
    0.264416141703581E-01    0.363338294602244E-01    0.339224782444024E-01    0.250850996688446E+00    0.237496204048043E-01   -0.600530622629124E-01
    0.106461511384148E+00    0.363101848201442E-01    0.352761607375442E-01    0.254756064198160E+00   -0.288308567095115E-01   -0.420699174473225E-01
    0.283996647617096E-01    0.363641392988372E-01    0.273077998834771E-01    0.187141020445898E+00   -0.137930886435033E-01    0.252640971359154E-01
    0.121501316349474E+00    0.364201192391571E-01    0.372222328132849E-01    0.207639250589380E+00   -0.109379615266669E-01   -0.686343814940815E-02
    0.695834736291626E-01    0.364139603169739E-01    0.447042919483740E-01    0.184890977584162E+00   -0.445167633299888E-01   -0.846497561822320E-01
    0.361060959111744E-01    0.364678281945012E-01    0.218305210706523E-01    0.171320058705924E+00   -0.307014411778445E-01    0.473743884740299E-02
    0.228319418683938E-01    0.365045843024090E-01    0.255116862535842E-03    0.230432738564534E+00   -0.112250754907462E-01    0.280584684068815E-02
    0.122358791897806E+00    0.365011586422010E-01    0.198659641460934E-01    0.190099611380681E+00   -0.170891989746122E-01   -0.207417591068652E-01
    0.949129238131089E-01    0.365815606828994E-01    0.810288947029606E-02    0.227779714813195E+00    0.404658645726666E-01   -0.107044051879842E-01
    0.132930606255298E+00    0.365401969262557E-01    0.124276200769323E-01    0.161560196521320E+00   -0.433381687549808E-02   -0.204764144523319E-01
    0.101461184052356E+00    0.366002703171018E-01    0.352554336461204E-01    0.166425313795055E+00    0.226650129795555E-01    0.545320947516182E-01
    0.816630426274703E-01    0.365637610992650E-01    0.856194671239924E-02    0.174555699730645E+00   -0.195508176471800E-01    0.358137589545556E-01
    0.182484220596753E+00    0.365707982841656E-01    0.490731037539344E-01    0.208752623669264E+00   -0.311529707709953E-01   -0.153479515044552E-01
    0.108176903698010E+00    0.366278745336518E-01    0.418978724106146E-01    0.255423458795898E+00   -0.248060516718031E-01   -0.139021758156044E-01
    0.579725534329501E-01    0.366681407696209E-01    0.322728582387050E-01    0.232292571613847E+00   -0.208709935381210E-01   -0.342259801818238E-01
    0.515928277885808E-02    0.367036296106546E-01    0.155647831497596E-01    0.254911572221035E+00    0.124227679103374E-01    0.401825910622781E-01
    0.156449904890088E+00    0.367819244232501E-01    0.389674506270874E-01    0.215408221583411E+00    0.570888286472878E-01    0.403411031545273E-01
    0.173977443636952E+00    0.367256210115725E-01    0.377975240785536E-01    0.216593600106786E+00   -0.462856530191564E-01    0.960482518920743E-02
    0.153615748136039E+00    0.367940361512088E-01    0.101721642717049E-02    0.169913163341186E+00   -0.186634926013024E-02    0.207395274057384E-02
    0.787728552869526E-01    0.367670073075583E-01    0.249401824827278E-02    0.227866879761083E+00   -0.412043106340922E-01   -0.431843167706876E-01
    0.193042152580458E+00    0.369202543775553E-01    0.109051380664913E-01    0.175889870899878E+00   -0.102182937471935E-01   -0.294821613291873E-01
    0.725149148559182E-01    0.370535204989655E-01    0.373481328755362E-01    0.209195381375839E+00    0.406898448712610E-01    0.407651326719567E-02
    0.191432039927769E+00    0.370425408735841E-01    0.308638733416569E-01    0.190847169710780E+00    0.154908540782625E-01   -0.137625563442711E-01
    0.732658291049065E-02    0.370844915139560E-01    0.475158295185440E-01    0.199335524341571E+00    0.197281207536348E-01   -0.390372503144938E-01
    0.111037404310272E-01    0.371404755233433E-01    0.422579298407278E-01    0.186872479254158E+00    0.485110558255390E-01   -0.623588116536278E-01
    0.471122750712351E-01    0.371663930714288E-01    0.260143684571540E-01    0.185360699859818E+00   -0.165859300864887E-01    0.120389665677584E-01
    0.930950096215327E-01    0.372070721884345E-01    0.166002394377205E-01    0.188019924682000E+00   -0.336373116676029E-01   -0.292670087722725E-02
    0.196084384971858E+00    0.372587074728806E-01    0.215747916622704E-01    0.165763265402507E+00    0.126604581845448E-01    0.499718824330536E-01
    0.572572179890997E-01    0.373082835413706E-01    0.156030415451674E-01    0.191165156374772E+00   -0.873404516393104E-02   -0.232065348736773E-01
    0.957315644813068E-01    0.373474455860842E-01    0.279256050047231E-01    0.234427683860566E+00   -0.193687124745645E-01    0.125442837950435E-01
    0.402458648653760E-01    0.373721579513820E-01    0.257342199298972E-01    0.215887439367643E+00   -0.169213898890199E-01   -0.151629564517990E-01
    0.483055434388194E-01    0.374595765516352E-01    0.688210080206136E-02    0.181046604800988E+00    0.378721033303451E-01    0.250205582555885E-03
    0.155001763680290E+00    0.374787840552538E-01    0.378045987239531E-01    0.170470875901400E+00    0.425107019557606E-01    0.187812846786699E-01
    0.156792242285248E+00    0.376517404727617E-01    0.298480101542578E-01    0.182312638009844E+00    0.425595765796909E-01    0.382652798842934E-01
    0.750307555073537E-01    0.376542525669795E-01    0.380970212297864E-01    0.175326022505020E+00    0.329123554175991E-01   -0.104871613424407E-01
