    0.191385174333568E-01    0.124429329042346E-01    0.351295420272091E-01    0.221638256714239E+00   -0.499061398381674E-01    0.827103965190309E-02
    0.171267358798693E+00    0.125184938634829E-01    0.419812348479087E-01    0.169909465319450E+00    0.397335006788287E-02   -0.394191855906045E-02
    0.123791940605214E+00    0.125149350185089E-01    0.442951447904123E-01    0.255734344092043E+00   -0.361410422371169E-01   -0.121881079239876E-01
    0.768638007971039E-01    0.126298535295278E-01    0.200472120972130E-01    0.186313187710628E+00    0.599980935536389E-02   -0.177141606020332E-01
    0.451596873106929E-01    0.127617273549849E-01    0.198744204014008E-01    0.178416736176679E+00    0.441735580607403E-01   -0.312310556118051E-01
    0.354230203072738E-01    0.127753820185980E-01    0.403698784578522E-01    0.278657268538886E+00    0.404368633348368E-01    0.202763248944974E-01
    0.130984217111982E+00    0.127245602639913E-01    0.455136121341640E-01    0.220246876124677E+00   -0.208689413259744E-01   -0.457197731374872E-01
    0.134582955321146E+00    0.127630131949163E-01    0.143033804805320E-01    0.199835626143607E+00   -0.196293042511966E-02   -0.758405794383504E-02
    0.436654465927919E-01    0.128470095920081E-01    0.482035861246229E-01    0.182159251434544E+00    0.741873974108335E-01    0.132181481828035E-01
    0.838408363121761E-01    0.128789634317256E-01    0.420351335922774E-01    0.178851366582517E+00    0.165878861637542E-01   -0.536609022137739E-01
    0.983342887314345E-01    0.129160619530695E-01    0.480193279439774E-01    0.232031223264988E+00    0.714938904773473E-02   -0.243829914250287E-01
    0.139495155299818E+00    0.130723342578094E-01    0.208439987717393E-01    0.129234380653846E+00    0.370620874233262E-01   -0.643613154154407E-02
    0.864106856784437E-01    0.130682935994455E-01    0.950413184535297E-02    0.184663520070904E+00   -0.118147539364198E-01    0.119238230306751E-01
    0.173854177437433E-01    0.132153981670174E-01    0.160790993461839E-01    0.182817976874542E+00   -0.118665560398481E-02   -0.290988437558548E-01
    0.518448559577316E-01    0.131529757442377E-01    0.213411190918898E-01    0.199564287178544E+00   -0.774105906929888E-01    0.504861974484711E-01
    0.335218071273820E-01    0.132640904225433E-01    0.275094284085286E-01    0.236926404422529E+00    0.322092792205011E-01   -0.747520542660200E-02
    0.172698716961607E+00    0.132735801219786E-01    0.345131671218989E-01    0.240226531276235E+00   -0.221521467824275E-01    0.110139449489125E-01
    0.145698125281162E-01    0.133378759961464E-01    0.433773031275107E-01    0.188923872044919E+00    0.348752206274421E-01   -0.305446296088847E-01
    0.338740978831447E-01    0.133086824103998E-01    0.343744767209637E-01    0.218246743692075E+00   -0.118994458357128E-01    0.268561636212249E-01
    0.125055982883715E+00    0.133418504207220E-01    0.231496817644854E-01    0.182425201609442E+00   -0.448418487641569E-02   -0.342606675772676E-01
    0.328570384799808E-01    0.133500991269308E-01    0.132120583276818E-01    0.185472669420642E+00    0.261294143886804E-02    0.287855332238966E-01
    0.117679926618819E+00    0.133971280909598E-01    0.236567142840827E-01    0.220867564548214E+00    0.177216309112153E-01    0.267902411062092E-01
    0.193563550541866E-01    0.133834288731417E-01    0.161080540242532E-01    0.252337093496871E+00   -0.113582794853128E-02    0.157717394339089E-01
    0.162043672656476E+00    0.134950087516271E-01    0.250376065569703E-01    0.219478926510133E+00    0.253876876071353E-01   -0.497294046135894E-01
    0.617874199391401E-02    0.135447222312228E-01    0.875124343469824E-02    0.187858944403604E+00    0.121544374934724E-01   -0.346277164395269E-01
    0.175157742675750E+00    0.135502765088857E-01    0.382216176062869E-01    0.258270488581778E+00    0.174034260211257E-01   -0.537200586655540E-01
    0.793884705670692E-01    0.135578198943651E-01    0.294773251178251E-02    0.197535374138482E+00    0.216732791114493E-02    0.134578889386895E-01
    0.196876711402188E+00    0.136512661659161E-01    0.192751974111795E-01    0.218655435496622E+00   -0.218825327223346E-01   -0.425779780557812E-02
    0.124492086264889E+00    0.136881261544276E-01    0.611728413884295E-02    0.166186568359903E+00    0.115554801775957E-01    0.400914926843010E-01
    0.174825769189074E+00    0.137355082846354E-01    0.392983708596733E-03    0.220834563505132E+00    0.413047971665954E-01   -0.295525470277034E-02
    0.342645077177432E-01    0.137136679925641E-01    0.257886527313118E-01    0.216027716324401E+00   -0.391066346802781E-01   -0.351037456364409E-02
    0.154130560027366E+00    0.137356088590032E-01    0.596892233448146E-02    0.228099574882544E+00   -0.314521615227405E-01   -0.345563236828419E-01
    0.861898589740251E-02    0.137881404807609E-01    0.251663069117142E-01    0.283694678953729E+00    0.125688832986461E-01   -0.139597928316691E-01
    0.254779655714507E-01    0.137690736520325E-01    0.237126243136332E-01    0.192149011850470E+00   -0.277248874888829E-01   -0.205176396499788E-01
    0.128578987455932E-01    0.138310944145485E-01    0.160435511808744E-02    0.171057580658673E+00   -0.199462816919618E-02    0.343851572791889E-01
    0.122153031217287E+00    0.138843081235826E-01    0.377910316830332E-01    0.184796181653828E+00    0.162460880871701E-01   -0.599383455886376E-03
    0.120756524556632E+00    0.139136206199055E-01    0.289354445808382E-02    0.223520705224196E+00    0.181262902953155E-01   -0.292419020368289E-01
    0.137540884797263E+00    0.139568809188020E-01    0.977354341405318E-02    0.263655263425817E+00   -0.400756291698109E-01    0.259825662065199E-01
    0.182765200558532E+00    0.140378090070596E-01    0.341089639735441E-01    0.206511524551527E+00   -0.214604508116548E-01   -0.220379289756845E-01
    0.896499116096424E-03    0.140274358904298E-01    0.171462119741026E-01    0.144782765868694E+00   -0.570534833243724E-01   -0.179332824009655E-01
    0.163385174265946E+00    0.142543115846879E-01    0.273784088965076E-01    0.193404186193379E+00    0.225569731951548E-01    0.203913337098479E-01
    0.127000432532694E+00    0.142680808942118E-01    0.193234662396412E-01    0.200588627191392E+00    0.457675186671852E-02   -0.445588150420943E-01
    0.137807298245021E+00    0.143364077643533E-01    0.226211654983903E-01    0.181107207963937E+00   -0.266181443901958E-01    0.166048114059357E-01
    0.134977261214511E+00    0.143441581262416E-01    0.485876110279292E-01    0.228466379943579E+00   -0.317137195770754E-01   -0.225840558884992E-01
    0.575725272798871E-01    0.144087375018220E-01    0.477867788585618E-01    0.198651999884117E+00   -0.861655061407213E-02   -0.136381349384183E-01
    0.767499690124383E-01    0.146572786143203E-01    0.711120891951804E-02    0.227841278118490E+00    0.249749867819354E-01   -0.220205158632181E-01
    0.199880338157261E+00    0.145827951880150E-01    0.908499642911862E-02    0.190832275021612E+00   -0.745771979369651E-01    0.306189267008986E-01
    0.151087501041511E-02    0.147539096643375E-01    0.137541602045681E-01    0.267010936246119E+00   -0.659911169490014E-02   -0.129839851563242E-01
    0.792877722218985E-01    0.148046152284718E-01    0.920365965002561E-02    0.231871229654483E+00   -0.115242513093033E-01    0.886182870825528E-01
    0.140457897771106E+00    0.148185705218881E-01    0.258152431193059E-01    0.199946252994806E+00   -0.495039217931361E-02    0.118655232729264E-01
    0.774109548019427E-01    0.147705593191971E-01    0.309443382783438E-01    0.208447357197856E+00   -0.572522633783767E-01    0.324878054852449E-01
    0.179681070354322E+00    0.148138868776719E-01    0.208172688282054E-01    0.188177652073691E+00   -0.555033708213660E-01    0.466470874364329E-01
    0.168568315830649E+00    0.149215816174390E-01    0.763029879116953E-02    0.219255467093182E+00   -0.921044900111849E-02    0.266580249788829E-01
    0.138798273369401E+00    0.149562998060081E-01    0.272738235747189E-01    0.189843499225109E+00    0.163200701883074E-01    0.346824321851817E-01
    0.183448725079357E+00    0.150195415300220E-01    0.322465866351685E-01    0.194165463014704E+00   -0.242937490486258E-01   -0.171728611162322E-01
    0.138152723465292E+00    0.150516303780786E-01    0.442061312164889E-01    0.194219632374850E+00   -0.147162397065474E-01   -0.506134196045140E-02
    0.104595568569893E+00    0.151474340374939E-01    0.335451534768350E-01    0.211205858533943E+00   -0.286040172616180E-01   -0.242807895901752E-01
    0.769454699226243E-01    0.151887695436638E-01    0.527170394537146E-02    0.198718255199974E+00   -0.173436045888746E-01    0.432726397931166E-01
    0.570794278822233E-01    0.152222955815960E-01    0.473201604513285E-01    0.209030591775912E+00   -0.270202333093074E-01    0.161782756307855E-01
    0.127699438156747E+00    0.154139096347288E-01    0.888408654615937E-02    0.159862973860271E+00    0.431061850179903E-02   -0.373762676706933E-01
    0.948730361084934E-02    0.154595077145621E-01    0.323653784489306E-01    0.192159230649285E+00    0.141041100501730E-01   -0.421049045266994E-02
    0.550215529723468E-02    0.154840421430552E-01    0.102718995494362E-01    0.234813254256707E+00   -0.225230993442448E-02    0.190969828541267E-01
    0.791706732056392E-01    0.155157401793514E-01    0.165208729054007E-01    0.194256885443437E+00    0.176499298721464E-01   -0.431932343137336E-01
    0.871128166236818E-01    0.154864341839777E-01    0.405388696081546E-01    0.247343510442380E+00   -0.345768075233041E-01    0.299268072266495E-01
    0.612465105606682E-01    0.155244600005414E-01    0.441598627699527E-01    0.200789282631643E+00   -0.173319350894472E-01   -0.465221014622697E-01
    0.181062772562934E+00    0.156043903597781E-01    0.350422807176782E-01    0.244746592142057E+00    0.131828576603649E-01    0.158017576504268E-01
    0.938121850962419E-01    0.156777193988768E-01    0.244246673239040E-01    0.201358396155420E+00    0.486156868727777E-01   -0.221571255503003E-02
    0.664517753951375E-01    0.156854198968760E-01    0.493185956070355E-01    0.254389697602697E+00    0.295482200040724E-01    0.217770859032047E-01
    0.924716111397791E-01    0.156572897649439E-01    0.370644500830285E-01    0.250183846405990E+00   -0.109780542700598E-01   -0.234208983302216E-01
    0.192502325030299E+00    0.156851016154142E-01    0.249826145280378E-01    0.256471087917189E+00   -0.326254466559923E-02    0.210298152035474E-01
    0.397591134044661E-02    0.156779402435265E-01    0.423713266988392E-02    0.123033530217967E+00   -0.405630524460190E-01    0.324653360776264E-01
    0.170853561159983E+00    0.157515965525458E-01    0.204992783017902E-01    0.195682399731745E+00    0.708869532501849E-02    0.626430244842723E-01
    0.108553257314319E+00    0.157602591799197E-01    0.207192028655554E-01    0.193564703402679E+00    0.160314895314034E-02    0.282082472020327E-02
    0.129409320569771E+00    0.158467966253186E-01    0.456769605164687E-01    0.193941349462933E+00    0.536141665443762E-01   -0.421106601237980E-02
    0.199615826111851E+00    0.158416464859801E-01    0.453189937870694E-01    0.141327015694873E+00    0.130815098538391E-02    0.447990431817216E-01
    0.105025779236312E+00    0.159261895439664E-01    0.358482794077805E-01    0.193414981450038E+00   -0.945367109791259E-02    0.280906825606857E-02
    0.122596700416526E+00    0.159814183212041E-01    0.471959623602685E-01    0.226454771548816E+00    0.255985990482942E-01   -0.354797879686692E-01
    0.117930511850811E+00    0.159500594060434E-01    0.337943109547683E-01    0.218913196641135E+00   -0.913151263331414E-02    0.300657122868229E-02
    0.101970184956242E+00    0.159770361327838E-01    0.228625082391418E-01    0.244692509566610E+00    0.184878407132578E-03   -0.565826410559806E-01
    0.193791959279841E-01    0.159680377623033E-01    0.186858846281046E-01    0.191353588439282E+00   -0.726422165922114E-01    0.203170552695112E-01
    0.115484514280070E+00    0.161355162096406E-01    0.447912194561424E-01    0.199092648386860E+00   -0.610434295928098E-01    0.290087497496239E-01
    0.118057610002271E+00    0.162400470034694E-01    0.820532009055753E-02    0.224492202888829E+00    0.289703639174991E-01    0.267287972529622E-01
    0.107274714732384E+00    0.163234394045126E-01    0.405713487884666E-01    0.178085892034839E+00    0.125546589384879E-01   -0.222182879355171E-01
    0.109022900925317E+00    0.163458543194594E-01    0.496706417884230E-01    0.223382560568623E+00    0.342095010783797E-02   -0.266154769852476E-01
    0.125098834389957E+00    0.163894279120275E-01    0.189117223507667E-01    0.235148810829635E+00    0.477992236019385E-01   -0.106863360198212E-03
    0.101897855800566E+00    0.163331583575856E-01    0.328275701790152E-02    0.167894564772799E+00   -0.370421050862855E-01    0.364395973027691E-02
    0.113214135376573E+00    0.163554157863936E-01    0.475245575471591E-01    0.204550533962132E+00   -0.405523059236090E-01   -0.553031184898870E-02
    0.165339405660875E+00    0.164856090094930E-01    0.221243535121158E-01    0.269842855924332E+00    0.289904766031220E-01    0.102393864748701E+00
    0.112278637417854E+00    0.164624298029614E-01    0.482023344707481E-01    0.126449389430813E+00    0.417014338190636E-02   -0.104875454866910E-01
    0.115712741262402E+00    0.165694473624313E-01    0.498876401024509E-02    0.202220470792937E+00   -0.852457177275927E-02   -0.136869074936723E-01
    0.185208047515275E+00    0.165810295932231E-01    0.276402322326961E-01    0.191394585624195E+00   -0.962350343062403E-02   -0.236704083984850E-01
    0.597095827788905E-01    0.166556788380368E-01    0.416095388285266E-02    0.233519372133140E+00   -0.198214238939890E-01   -0.648849161152212E-02
    0.139584913916998E+00    0.166735585742270E-01    0.759837676381969E-02    0.236769250123071E+00   -0.140905033312691E-01   -0.159227359434074E-01
    0.572197880573696E-01    0.167699232864520E-01    0.143849503953794E-01    0.200677573248506E+00    0.589507791450044E-01    0.288429458301981E-01
    0.163940572485421E+00    0.167304547089432E-01    0.360547593657735E-01    0.220729346053384E+00    0.175670375359867E-02    0.250163904827360E-01
    0.152299954670208E+00    0.167060807124210E-01    0.187063224891348E-01    0.210289639561623E+00   -0.248355880727286E-01    0.396864418407085E-01
    0.137200356931871E-01    0.168372518933970E-01    0.470578709157713E-01    0.218719556046681E+00    0.606930155901813E-01   -0.352103797571365E-01
    0.130857355493922E-01    0.168340736386621E-01    0.536814110954896E-02    0.248059449072646E+00   -0.152210380622402E-01   -0.573950301984913E-02
    0.175233359192274E+00    0.169310381831912E-01    0.250315555833262E-01    0.176313094792635E+00    0.413474121888701E-01   -0.280899485566112E-01
    0.819457151396244E-01    0.170107467977194E-01    0.211250324041940E-01    0.232625336124513E+00    0.120475940853562E-01    0.593313847736857E-02
    0.118037637596359E+00    0.172124586536545E-01    0.342185134882481E-02    0.197884701281744E+00    0.326136415067594E-02    0.705557816551457E-02
    0.964936683280625E-01    0.172595981682636E-01    0.155669237545992E-01    0.161920395794739E+00    0.101194710764851E-01   -0.279495749398578E-01
    0.358995561992151E-02    0.172356726342975E-01    0.301732890473360E-02    0.181935567676239E+00   -0.156416427083092E-01    0.373707974319294E-01
    0.524273315721325E-01    0.172927589144090E-01    0.216760963989316E-01    0.198985102914368E+00   -0.157676147872285E-01   -0.762531160132061E-04
    0.199963758158441E-01    0.173454062594236E-01    0.421136447175841E-01    0.197886673728025E+00    0.232637874532664E-01   -0.408220079365218E-02
    0.177487499929501E-01    0.173222170478782E-01    0.113988253335253E-01    0.203342906437292E+00   -0.167972739561654E-01    0.235442904492367E-01
    0.583908353393051E-02    0.173535545336446E-01    0.136890419782077E-01    0.238474517613888E+00   -0.146236601860190E-02   -0.859419387096278E-02
    0.615295860120685E-01    0.174175027519062E-01    0.666107385462088E-02    0.166372502519706E+00    0.357695957956378E-01   -0.116185842655131E-03
    0.122681491681673E+00    0.174503420886521E-01    0.336050825748739E-01    0.192410900397724E+00   -0.352156069485898E-01    0.137403576265324E-01
    0.122635994829941E+00    0.175505498126227E-01    0.135731512488484E-01    0.200550688382307E+00   -0.271255088379697E-01    0.383684268619669E-01
    0.609450862919003E-01    0.175857087903346E-01    0.317196057506767E-01    0.202056678607300E+00   -0.125575635437012E-02    0.533459577060409E-01
    0.395052370417119E-01    0.175884453722185E-01    0.312364544768876E-01    0.229519914683611E+00   -0.206671085568537E-01   -0.346782987717391E-01
    0.111436121480382E+00    0.176479798133488E-01    0.395876540063999E-01    0.242428345976633E+00    0.384607793232642E-01   -0.166560315975159E-01
    0.154785476019142E+00    0.176125722501498E-01    0.100966752827674E-01    0.223361295285533E+00   -0.269709229874693E-01   -0.142563934058186E-01
    0.110237164914535E+00    0.176656954816894E-01    0.429681539393964E-01    0.239392651054510E+00    0.557323918427322E-02   -0.117369037822657E-01
    0.278719782226490E-01    0.176640056354113E-01    0.134042520172168E-01    0.181714959421587E+00    0.330110183264649E-02   -0.410458253079669E-01
    0.163052652322474E+00    0.176417361269194E-01    0.195946824565067E-01    0.285349752260340E+00   -0.381598209277575E-01    0.360689141056772E-01
    0.178035978949863E+00    0.177204787904594E-01    0.185376862515513E-01    0.189982127277596E+00    0.416534292269072E-01   -0.828011130818365E-02
    0.115802812851541E+00    0.176987363868606E-01    0.182079311475462E-01    0.179367967485126E+00    0.662962247171522E-02    0.499985209742885E-03
    0.128602218083305E+00    0.177268311824919E-01    0.192697452887830E-01    0.197954467247843E+00   -0.143449977775797E-01    0.125051158030118E-02
    0.107620220389100E+00    0.177465432552929E-01    0.457683277916272E-01    0.236188534831131E+00    0.126875424377990E-02    0.575445789847992E-02
    0.191546756184981E+00    0.178135768322596E-01    0.484437022740159E-01    0.241298010036047E+00    0.466380027647523E-01    0.798397324401943E-01
    0.144132047051288E-01    0.179082738900703E-01    0.321605089019663E-02    0.171691348806375E+00   -0.235838582573590E-01   -0.216578387493747E-01
    0.517215489973591E-01    0.180115918188601E-01    0.494855336965566E-01    0.200017458650271E+00    0.247341652520009E-01   -0.116124427070421E-02
    0.147199259170122E+00    0.180414290817213E-01    0.512877926024677E-02    0.174099178600519E+00    0.369441815758546E-01    0.270836926896577E-01
    0.416502712223555E-01    0.180292894263160E-01    0.941091867650258E-02    0.151875174913618E+00   -0.337476298517396E-01   -0.671410763042550E-02
    0.144307406081378E+00    0.180879738301401E-01    0.383118018122129E-01    0.212496183996386E+00   -0.773415023569793E-02    0.331836288262958E-01
    0.859229871895157E-01    0.180943351870982E-01    0.456958702359615E-01    0.215699976517198E+00   -0.360992937846765E-01   -0.166783824207189E-01
    0.880772309543017E-01    0.181757619486186E-01    0.426287929260371E-01    0.259438848983762E+00    0.344501087763495E-01   -0.254179394628284E-01
    0.113004116941895E+00    0.181904978333849E-01    0.434147973933838E-02    0.164688542303797E+00    0.397246904656423E-01    0.694753939816456E-01
    0.189246845635888E+00    0.182347365812784E-01    0.266649679057357E-01    0.180805556811470E+00    0.145831415746174E-01   -0.157971019963743E-01
    0.101966062053259E+00    0.182074919499330E-01    0.720208810287608E-02    0.215041735352119E+00   -0.268838589352969E-01    0.499100951503229E-02
    0.108765790241978E+00    0.183454813526561E-01    0.390047324715765E-01    0.199233594112074E+00   -0.260513017283415E-01    0.351984765695849E-02
    0.453776335963078E-01    0.184062016211734E-01    0.271618266597562E-01    0.189670048321164E+00    0.118824413158460E-01    0.801170396592175E-02
    0.142353293125346E+00    0.183803434963115E-01    0.340439507765540E-01    0.156885795159462E+00   -0.227373130242253E-01   -0.185585078723515E-01
    0.623403165995704E-01    0.184082944109503E-01    0.315749351873371E-02    0.214789459917254E+00   -0.192503415539145E-01   -0.399771201993592E-01
    0.524001161757133E-01    0.184971799725783E-01    0.976547120777741E-02    0.258987990968120E+00    0.237744542350295E-01   -0.235922775412797E-01
    0.184865744124852E+00    0.185466284934997E-01    0.947641579829932E-02    0.205962470110982E+00   -0.581229580813920E-02    0.303476832689811E-01
    0.131334556708764E+00    0.185570306798463E-01    0.419015963576729E-01    0.193372632707594E+00   -0.186531845980509E-01   -0.648878521095740E-02
    0.109127549409626E+00    0.186738451163759E-01    0.478865062171155E-01    0.123907818615973E+00    0.377285382875190E-01    0.891698865695477E-02
    0.586854186405135E-01    0.186343680238304E-01    0.484262535055227E-01    0.180104454163371E+00   -0.104035598916166E-01    0.193992133671394E-01
    0.106340694433792E+00    0.187419942060844E-01    0.469216902403854E-01    0.162761005321108E+00    0.602681157721759E-01   -0.168274987312374E-02
    0.172450323197924E+00    0.187838389581938E-01    0.306040767776467E-01    0.209450297058385E+00    0.495495069972776E-01    0.249744293810276E-01
    0.132382462760479E+00    0.187703660328333E-01    0.223331584911610E-01    0.227924215676863E+00    0.297783624489188E-02   -0.147364794134269E-01
    0.770446410060514E-01    0.188074435604316E-01    0.168665239078526E-01    0.166276742640521E+00    0.220030532332994E-01   -0.213917078585063E-01
    0.190713028790907E+00    0.187777146300829E-01    0.205997304309302E-01    0.143399257942847E+00   -0.123515995580705E-01   -0.221728831937918E-02
    0.957689685354657E-01    0.188333370115828E-01    0.348108854737296E-02    0.205845808946615E+00    0.227237435188704E-01   -0.577271439801842E-01
    0.371600308679609E-01    0.188652207313065E-01    0.182191601150188E-01    0.229625944414945E+00    0.250802265342318E-01   -0.438755335268603E-01
    0.277292587508938E-01    0.189191882614788E-01    0.241006626246514E-01    0.216592683663113E+00    0.828156779310088E-02    0.424919698187717E-01
    0.182973872095180E+00    0.189141402793000E-01    0.341052443373652E-01    0.188434426921654E+00   -0.860252509719045E-02   -0.802007925926976E-01
    0.183964837716806E+00    0.189442826113931E-01    0.638565179791298E-02    0.188725879786653E+00   -0.233200592411826E-01    0.157096648069888E-01
    0.325946956612422E-01    0.189412470308244E-01    0.441792010813329E-01    0.195655498007351E+00   -0.592302914887518E-01   -0.471745920641389E-01
    0.152431367705841E+00    0.190811252002671E-01    0.449861547713563E-01    0.230588864659662E+00    0.343559952901214E-02    0.808510441307278E-02
    0.276283426127684E-01    0.191217023714097E-01    0.412995250907299E-01    0.188820767109829E+00    0.359596308680198E-01    0.451737351341304E-02
    0.959942538528872E-01    0.191284049428324E-01    0.380504406582274E-01    0.206305126579895E+00    0.160132510763926E-01   -0.265138617692216E-01
    0.105380518988243E+00    0.191972370366147E-01    0.357437319750033E-01    0.250750639044328E+00    0.187543645101245E-01   -0.996455927956127E-02
    0.196881696726134E+00    0.191778549116033E-01    0.104061728583406E-01    0.232125711999467E+00   -0.130438522241975E-01   -0.384138348348834E-02
    0.198845640015789E+00    0.193386629848783E-01    0.281722233367169E-01    0.170039858470716E+00    0.321021348458179E-01    0.556739533119575E-01
    0.142417881645785E+00    0.194507213020224E-01    0.262552373382043E-01    0.238164856556592E+00    0.276823219519916E-02    0.290874557892774E-01
    0.915086006292167E-01    0.194510948087018E-01    0.171747465606997E-01    0.193328069745689E+00   -0.963871319289517E-02   -0.193898097594866E-01
    0.153112537067996E-01    0.194456047139406E-01    0.371801260481556E-01    0.201355903807228E+00   -0.282162175392652E-01   -0.532415556935110E-01
    0.200893309225851E+00    0.195061464555727E-01    0.452463466774998E-01    0.245081447827737E+00    0.303051958927995E-02    0.333121786866781E-01
    0.127927953073371E+00    0.195130991008426E-01    0.496322716440363E-01    0.217787424152939E+00    0.884980756434372E-02   -0.382905221214518E-01
    0.401944263649629E-01    0.195215107560962E-01    0.256763862520399E-01    0.219803007595290E+00    0.139922671179091E-01    0.975436723747538E-02
    0.172011548060504E+00    0.194998559892173E-01    0.242982295491494E-01    0.187505583441321E+00   -0.124109109086890E-01    0.246213509893751E-01
    0.262693360432015E-01    0.195140593367230E-01    0.360505073555522E-01    0.190245869481149E+00   -0.199280971857525E-01    0.115567506090661E-01
    0.141543370085771E+00    0.195447933630656E-01    0.234643358481085E-02    0.212813697373546E+00   -0.524435930768007E-01    0.294776658241747E-01
    0.110855165777303E+00    0.197791241311690E-01    0.222205439794988E-01    0.208864308707008E+00   -0.699233390870362E-03   -0.765184157409969E-02
    0.190893091501484E-01    0.198795251306784E-01    0.451398409225733E-02    0.202916316906951E+00    0.247016317540691E-01   -0.157635186191131E-01
    0.320205445886331E-01    0.198889305813126E-01    0.362553310913660E-01    0.214587823644679E+00    0.123193839847127E-01   -0.125890243373072E-01
    0.179331106403965E+00    0.198654659443682E-01    0.210900227492523E-02    0.154040229951094E+00   -0.709768687911542E-01    0.310779601527073E-01
    0.885435453581245E-01    0.199873510462576E-01    0.600945786952420E-02    0.147593877845906E+00    0.194675550537984E-01    0.421572103352315E-01
    0.125563046317623E+00    0.199515861785260E-01    0.360749932381766E-01    0.244037599181949E+00   -0.189794816887418E-01   -0.168373851868310E-01
    0.189726749359845E+00    0.200192561168518E-01    0.371278004143337E-01    0.194476093836474E+00    0.143773169363309E-01   -0.554625361308114E-02
    0.195927414317908E+00    0.200604427709965E-01    0.380887613120150E-01    0.166611553285510E+00    0.399458892324007E-01    0.453816431381594E-01
    0.155301915058390E+00    0.200328704127804E-01    0.128381466776436E-01    0.209055709667534E+00    0.756639029089414E-02    0.458411799056965E-01
    0.182012418135400E+00    0.200566277878718E-01    0.136447152119030E-01    0.155040415655511E+00    0.157329215912589E-01   -0.776691742665241E-02
    0.510743667259385E-01    0.201702885183036E-01    0.120542580843344E-01    0.185978477076878E+00    0.146422880346589E-01   -0.437903932544721E-01
    0.418027684889138E-01    0.203373543006717E-01    0.687758758197248E-02    0.246413101480064E+00    0.211753426823863E-01   -0.130572772028295E-01
    0.703948930431696E-01    0.203276218114452E-01    0.270207061415877E-01    0.206601843116700E+00   -0.120567248462636E-01    0.376688543807526E-01
    0.601088539444174E-01    0.203138130848774E-01    0.298560055725143E-02    0.220683810724236E+00   -0.391814193499667E-01    0.190508427199278E-01
    0.195021065184294E+00    0.204152810529677E-01    0.344102852817153E-01    0.193538870476166E+00    0.317303682149849E-01    0.105567266068882E-01
    0.179571600846053E+00    0.203855373206080E-01    0.185074057289563E-01    0.197765515668338E+00   -0.391216731892435E-01   -0.237470813328683E-01
    0.142967171344373E+00    0.204377082971480E-01    0.499789521566621E-01    0.200743853078711E+00   -0.268296842597949E-01   -0.406696790737732E-01
    0.113999379222026E+00    0.204703695093098E-01    0.114993810640465E-01    0.188293401293677E+00   -0.231563256886704E-02   -0.228798346007455E-01
    0.189900971783143E+00    0.205136570010225E-01    0.151718096613785E-01    0.172692746891880E+00    0.291070988298589E-01   -0.237961802517957E-01
    0.130101014377461E+00    0.205076073311347E-01    0.129360598330637E-02    0.230874948413921E+00    0.165451587467452E-01   -0.255397566308324E-02
    0.198682375482541E+00    0.205667758827558E-01    0.423768294676186E-02    0.187870085798078E+00    0.244797868740644E-01    0.115172816398987E-01
    0.626009378904448E-01    0.205653547343890E-01    0.294365199392758E-01    0.167746487443166E+00   -0.200653985106350E-02   -0.929232058562051E-02
    0.132111142717183E+00    0.205143126473463E-01    0.294509640325604E-01    0.180131062104764E+00   -0.620173819434461E-01    0.429047181280031E-02
    0.726597234219977E-01    0.206132777426884E-01    0.436361810654921E-01    0.218109854434178E+00    0.206399711634932E-01   -0.195488042480765E-01
    0.114901710700757E+00    0.205950323295334E-01    0.262730657502534E-01    0.245289265533105E+00   -0.438276581386386E-02    0.487688207715471E-01
    0.316340714556632E-01    0.205982529454415E-01    0.328871039093437E-01    0.227778773925924E+00   -0.213025322026432E-02    0.348470660185292E-01
    0.239147875746354E-01    0.206578465395222E-01    0.214964852672631E-01    0.232371602330458E+00    0.133638349362778E-01   -0.684417961198193E-04
    0.179792724812642E-01    0.206685234094620E-01    0.422261553224852E-01    0.226081564765186E+00   -0.664835997976274E-02   -0.208365421593865E-01
    0.742220346101105E-01    0.207004565138481E-01    0.457264184529987E-01    0.245996873270809E+00    0.392763020843612E-02    0.126543259023011E-02
    0.994624352963807E-01    0.207393055174354E-01    0.389740937093899E-01    0.203854926101942E+00    0.397931269884325E-01   -0.421780131859172E-01
    0.521785207577371E-01    0.207370557595514E-01    0.222409451630628E-01    0.240065683866376E+00    0.287289298114113E-01   -0.435486692212705E-01
    0.163461301877537E+00    0.206823867234997E-01    0.225775396368036E-01    0.237696055513418E+00   -0.305347739605190E-01    0.407345654014086E-01
    0.160832807578191E+00    0.207303960280425E-01    0.364822595490905E-02    0.168241848557456E+00   -0.304022593409875E-02    0.331679035001607E-01
    0.107051541479703E+00    0.207446310915393E-01    0.276829952712259E-01    0.213860763655144E+00   -0.430363456844416E-02    0.765494224613449E-02
    0.404141058533453E-01    0.207638225844474E-01    0.348234169988578E-01    0.178669052979578E+00   -0.169965944965195E-01   -0.460468559297624E-02
    0.165732534705418E+00    0.207838413611401E-01    0.255398704664810E-01    0.229755095209672E+00   -0.230299546047935E-02    0.923969589888680E-02
    0.111943781193801E+00    0.208360280978847E-01    0.145482819413062E-01    0.224899775208330E+00    0.125652730857226E-01   -0.533230987980043E-03
    0.151428370104576E+00    0.208206246615343E-01    0.422701111680487E-01    0.194433129972686E+00   -0.316605548650463E-01   -0.249660327271212E-01
    0.976263507585841E-01    0.208203556797114E-01    0.408585509782011E-01    0.229830931205230E+00   -0.359668308040320E-01    0.879769569918055E-02
    0.655257564087991E-01    0.209073737571920E-01    0.423021184860581E-01    0.228029233412477E+00   -0.946233058897976E-02   -0.108447049916010E-01
    0.197872872190646E+00    0.209547084831277E-01    0.499211917204192E-01    0.222589295264699E+00    0.872804374201860E-02   -0.370440771761545E-01
    0.170008895373173E-01    0.210957101552396E-01    0.211232341332051E-04    0.170624246337686E+00    0.946997727838943E-02   -0.526160470400109E-02
    0.134309253128369E+00    0.211449509889267E-01    0.242285869039583E-01    0.220220569177606E+00   -0.938534011666315E-02   -0.142787312820224E-01
    0.921582585878595E-02    0.212059152612553E-01    0.938855575170456E-02    0.197576408968120E+00   -0.280967567886793E-02    0.174609994215934E-01
    0.182568847950071E+00    0.212690985164332E-01    0.101825709555162E-01    0.202323433579416E+00   -0.209636224373959E-01   -0.199661302502600E-01
    0.141946068136471E+00    0.214344566911358E-01    0.620596687120512E-02    0.222635576239209E+00   -0.475243435581866E-02   -0.656587897606150E-01
    0.193036061157967E+00    0.214467295264998E-01    0.138595853463830E-01    0.184610563544224E+00   -0.153190138452700E-01   -0.436189786563382E-01
    0.860717440098562E-01    0.214914180905479E-01    0.234652726749778E-01    0.122036324251638E+00    0.508946692200247E-02   -0.159723180019474E-01
    0.742821179145393E-01    0.215341689675563E-01    0.379677723064695E-01    0.196613864979708E+00   -0.479342492265076E-01    0.411624487599156E-01
    0.152935515062197E+00    0.216377552897888E-01    0.353667765887629E-01    0.186233802308823E+00    0.463246395277999E-01    0.185772380913993E-01
    0.352894254034295E-01    0.216701574474074E-01    0.492741054453032E-01    0.204082911920160E+00    0.164262504504701E-01    0.172825612203833E-01
    0.335961724462385E-01    0.216531058433883E-01    0.427749997545186E-01    0.125796767503461E+00   -0.728653811005674E-02    0.198208817062148E-01
    0.159477547994803E+00    0.216826642721228E-01    0.226592930728451E-02    0.137048420471842E+00    0.907628660774135E-02   -0.424757391587035E-01
    0.191741280373038E+00    0.217221958502229E-01    0.359552813336881E-01    0.217757175676434E+00    0.355031518901255E-01    0.567248357576374E-02
    0.855144831978337E-01    0.216876554298378E-01    0.232748970521067E-01    0.273821642557131E+00   -0.196838821810692E-01    0.137928465944449E-01
    0.830705287507254E-01    0.217513559723669E-01    0.412208244220146E-01    0.215672258433224E+00    0.885239969677812E-02    0.512076929743802E-02
    0.143862996488313E+00    0.217523055999104E-01    0.178392026453760E-02    0.222502322102510E+00    0.416961847878151E-03    0.281962284152358E-01
    0.145056525417650E+00    0.217662554878313E-01    0.207907970492778E-01    0.183670748666291E+00   -0.191175411800153E-01    0.327109096990120E-01
    0.195447575131635E+00    0.217651867465022E-01    0.431610898080456E-01    0.175813365998814E+00   -0.399084737337057E-01    0.237222337397028E-01
    0.687540041810399E-01    0.218614885127100E-01    0.497004191474577E-01    0.266769093912548E+00    0.259991972537206E-01    0.108203654124983E-02
    0.157099144316160E+00    0.218324590420408E-01    0.236443694329500E-02    0.202358697797900E+00   -0.183651630696741E-01    0.415902833312894E-02
    0.117162503112674E+00    0.218140481968956E-01    0.118122900559888E-01    0.242956596837172E+00   -0.443039333832883E-01   -0.173222275470667E-01
    0.171976220917496E+00    0.219843248451909E-01    0.196161310169636E-01    0.236587399254406E+00    0.326928520471817E-02   -0.411229317079333E-01
    0.826914223399209E-02    0.219868352837112E-01    0.353248756131672E-01    0.254046274408317E+00   -0.449017562556455E-01    0.509630349328130E-02
    0.102685115721818E+00    0.220434727690566E-01    0.310883472489490E-01    0.197532041144546E+00   -0.853603241147811E-03   -0.363857428111449E-01
    0.174943628366454E+00    0.220384245737900E-01    0.419826711780558E-01    0.187001485976658E+00   -0.110119922330869E-01   -0.179328903443383E-02
    0.131806133841427E+00    0.221332632200445E-01    0.154169427172083E-01    0.232460712541385E+00    0.339787886328549E-01    0.204851058985800E-01
    0.888612542059919E-01    0.221295502309709E-01    0.301711230216029E-01    0.208331372259473E+00   -0.187001339706138E-01    0.166594912649007E-01
    0.223742149698409E-01    0.221520469011937E-01    0.208971822331769E-01    0.196530321055236E+00   -0.186525542989681E-01   -0.568561355063186E-02
    0.745442283125998E-01    0.221490496712363E-01    0.121888469592498E-01    0.238294718996973E+00   -0.219211400960411E-01   -0.154554892461279E-01
    0.792751442124042E-01    0.223150597078544E-01    0.233496714676106E-01    0.217440658076600E+00   -0.156707432830241E-01    0.338938031147424E-01
    0.157744878488831E+00    0.223767250277743E-01    0.289598022101369E-01    0.217828016807326E+00    0.167770476178958E-01   -0.228177806199645E-01
    0.367966494352723E-01    0.223755617925963E-01    0.303311184791073E-01    0.246594434062205E+00   -0.338239283595747E-01   -0.163272408732572E-01
    0.146797218605374E+00    0.224324400272012E-01    0.447263996034584E-01    0.194902846682802E+00   -0.517541775271892E-01   -0.192551394856416E-02
    0.192779634910392E+00    0.225490268343565E-01    0.534196546679719E-02    0.239868592723328E+00    0.350189503242962E-02    0.168397932070130E-01
    0.606796178864987E-01    0.226000678669646E-01    0.351656593430708E-01    0.182988500034073E+00    0.329673701045788E-01    0.207914069970095E-01
    0.637703851894751E-01    0.225679041843670E-01    0.286878512440568E-01    0.228070698219961E+00   -0.347460775477420E-02   -0.237038488481315E-01
    0.111363958804471E+00    0.226107485109548E-01    0.130350619220470E-01    0.221606645731223E+00    0.116608467289355E-01    0.872658582904862E-02
    0.139272470920555E+00    0.226608379101851E-01    0.161113231297521E-02    0.187378362012969E+00   -0.214417350936900E-02    0.116788407614851E-01
    0.140679218799384E-01    0.226983203836036E-01    0.587141971724344E-02    0.195241764674555E+00    0.328953728691726E-01    0.775453160553680E-02
    0.137553311020748E+00    0.226462097746727E-01    0.439218448392122E-01    0.189804514012557E+00   -0.282004713115359E-01    0.415592575166411E-01
    0.194821977433146E+00    0.226243852187110E-01    0.103648212287105E-01    0.173559252124594E+00   -0.544705704811691E-01   -0.124182962970496E-01
    0.157672316030080E+00    0.228092512458834E-01    0.372929328348940E-02    0.213677517620393E+00    0.274807229600085E-01    0.178000396772194E-01
    0.145759777187111E-01    0.228182168450387E-01    0.263107484703451E-02    0.189603079217115E+00   -0.122655762902909E-01   -0.100537149092000E-01
    0.135066597728973E+00    0.228912277031237E-01    0.459926620633085E-01    0.199574963648090E+00   -0.925920129662516E-02   -0.514801423792101E-01
    0.145343720961242E+00    0.228905062090891E-01    0.246008378988157E-01    0.199971059330392E+00   -0.156273064349400E-01    0.293372228986955E-02
    0.599530282108961E-01    0.229401677651944E-01    0.174031398591864E-01    0.200950278836838E+00    0.274871299992068E-02    0.236676397840014E-01
    0.113457652941332E+00    0.229217210534127E-01    0.436700486587578E-01    0.142432758428363E+00   -0.248835870175021E-01    0.234607686217285E-01
    0.131577125180610E+00    0.228849410594095E-01    0.212558472244898E-01    0.271480095518689E+00   -0.650284614145620E-01   -0.194121673957176E-01
    0.359002193894944E-01    0.230230903799126E-01    0.222898278504630E-01    0.214491775673198E+00    0.144311701760536E-01   -0.206631599829511E-01
    0.351445089090949E-01    0.230380053896127E-01    0.156863490992767E-01    0.224151556726657E+00    0.206761382138630E-01    0.163559381140122E-01
    0.867851195998020E-01    0.230912872433402E-01    0.106082072378201E-01    0.222451453958037E+00    0.375403704814110E-01   -0.989439242096217E-02
    0.525672479802932E-01    0.231434759260118E-01    0.852620143998581E-02    0.174188603804915E+00    0.642415102914839E-01    0.238488563011130E-01
    0.899666647785849E-01    0.231336301077894E-01    0.181385579636715E-01    0.197676029275423E+00    0.430369348670971E-01    0.877482122858249E-02
    0.110911812964276E-01    0.231165831987970E-01    0.215869782405610E-01    0.219529764120623E+00    0.105054912246285E-02    0.153914878598502E-01
    0.188171758500702E+00    0.230475636450797E-01    0.300737400649227E-01    0.220126973948943E+00   -0.713416565829195E-01    0.360795264795326E-01
    0.138932878740643E+00    0.232024592784504E-01    0.388455294290195E-01    0.231033183354137E+00    0.166051945335176E-01   -0.200498519294175E-01
    0.168755804283575E+00    0.232500561954860E-01    0.247584351300251E-01    0.215375655957006E+00    0.517721785357433E-01   -0.541526947001240E-01
    0.191601329531126E+00    0.232240058760246E-01    0.102084293378969E-01    0.236978921608442E+00   -0.234085877079142E-01    0.234980919681988E-01
    0.136378920894342E+00    0.232986414206474E-01    0.154041693412801E-01    0.154470643545594E+00    0.406177197364291E-01   -0.218121498618720E-02
    0.698191267272310E-01    0.233375306390540E-01    0.904806442318937E-02    0.199006940802484E+00    0.669553432173921E-01    0.167319096097296E-01
    0.167764299178815E+00    0.232642008303533E-01    0.398396221899415E-01    0.208601773084440E+00   -0.310088559563726E-01   -0.330309682789268E-02
    0.197904945399728E+00    0.233663922141539E-01    0.375567094064782E-02    0.161424936444389E+00    0.490224172107474E-01    0.265864740700428E-01
    0.164597270786840E+00    0.232812358098710E-01    0.322653561272584E-01    0.168033549227907E+00   -0.491428826800011E-01   -0.381501294604729E-01
    0.122448908905537E+00    0.233799852257601E-01    0.164747243192503E-01    0.216001873840799E+00    0.240876959511376E-01    0.394756937940633E-01
    0.297545187360013E-01    0.233713167914976E-01    0.413752922127703E-01    0.218156904744414E+00   -0.240474451895257E-02   -0.965772900181397E-02
    0.188293960450424E+00    0.233873393806713E-01    0.261260132090939E-02    0.183381976795545E+00   -0.234891871748303E-01   -0.897588950253309E-02
    0.327832699003171E-02    0.235017230356213E-01    0.281016890010132E-01    0.182840455875214E+00   -0.126237952889558E-02    0.927882419639143E-03
    0.174522439168497E+00    0.235026731208409E-01    0.167117380981167E-01    0.259207309241105E+00   -0.268899137883103E-01    0.405613998479446E-02
    0.179271976304091E+00    0.235341014785494E-01    0.320036629292857E-02    0.181869664607787E+00   -0.435035635628810E-01   -0.367709821185441E-01
    0.169326133423467E+00    0.236117812737022E-01    0.552691483143003E-03    0.230808566511271E+00    0.255645883494351E-01   -0.290284824314437E-01
    0.118699602001477E+00    0.236665849616588E-01    0.123362348768840E-01    0.236964225133053E+00   -0.170685693230740E-01    0.383794605596438E-02
    0.197514154483863E+00    0.237504533465542E-01    0.885747455276117E-03    0.241979480094360E+00    0.350905528862784E-01   -0.965456256535916E-02
    0.169897748127109E+00    0.237495430013273E-01    0.355945737816609E-01    0.142963999663706E+00    0.313750117820188E-01   -0.917225602754688E-01
    0.106317426682151E+00    0.237171490823519E-01    0.328553603383052E-01    0.205928790977337E+00   -0.584966861173279E-02   -0.222918423486749E-02
    0.655003877339979E-01    0.237454669795349E-01    0.495337713421930E-01    0.165677561774871E+00   -0.266580150566767E-02   -0.359285484468034E-01
    0.328761605892936E-01    0.237985183431382E-01    0.515461086492102E-02    0.120859668790872E+00    0.169623823976125E-01   -0.908252647776900E-02
    0.173995224644210E+00    0.238342767914866E-01    0.162654222815056E-01    0.218829185585515E+00    0.292441318223420E-01   -0.262503756836191E-01
    0.150955395018511E+00    0.238097199679864E-01    0.476003800957895E-01    0.207753259810703E+00   -0.203735496309823E-01   -0.220185000694060E-01
    0.795283669057249E-01    0.238662023564690E-01    0.336968522320715E-01    0.174727162805826E+00    0.352376743173058E-01    0.993943166087594E-02
    0.652826688189611E-01    0.238257430541518E-01    0.985212604592141E-02    0.182553896310859E+00   -0.444349504147285E-01   -0.357857642565559E-02
    0.810459726217753E-01    0.238293747482896E-01    0.990925435343912E-02    0.221986933932446E+00   -0.500483582647492E-01   -0.140992387461991E-01
    0.109259210848638E+00    0.239199017769192E-01    0.342264861047759E-01    0.194347976850723E+00   -0.153698509832806E-01   -0.244656216619806E-01
    0.358287398907269E-01    0.240064922049851E-01    0.834108639262613E-02    0.252264083887200E+00    0.685004432298714E-01   -0.134020509293406E-01
    0.126772018571682E+00    0.239643592658785E-01    0.430650830025561E-02    0.214306012706078E+00   -0.328777773481282E-02    0.314279611480321E-01
    0.155292163063971E+00    0.240247795623199E-01    0.105922632766637E-02    0.169948520006828E+00    0.167575397519195E-01   -0.110131975492897E-01
    0.177116675659045E+00    0.240286167552552E-01    0.163486478820801E-01    0.218260356981541E+00    0.930722877759449E-03    0.196129533515646E-01
    0.190906935479215E+00    0.240474753449720E-01    0.355141177883635E-01    0.207680253976135E+00    0.255226630375564E-02    0.146605297788160E-01
    0.557778116887515E-01    0.240786091789757E-01    0.132137672743304E-01    0.234302638445949E+00   -0.730255800691769E-02    0.250989066640927E-01
    0.989812648855801E-02    0.241314459091725E-01    0.187951323579053E-01    0.222490209599287E+00   -0.159955764052505E-01   -0.332745469527755E-02
    0.189846097982268E-01    0.242121387961940E-01    0.289438460271621E-01    0.147941501888278E+00    0.435769037071785E-01    0.288112317988647E-01
    0.648145252404245E-02    0.243119344966797E-01    0.455062188845100E-01    0.192046326554405E+00    0.430784100521634E-01    0.503222677547121E-01
    0.143026342016970E-01    0.242247445046731E-01    0.900596541037401E-02    0.191715152515169E+00   -0.463794849655266E-01    0.218431296493623E-01
    0.545221409944580E-01    0.242900570083928E-01    0.252767898356516E-01    0.160310383599765E+00    0.196553827756777E-01   -0.301456371817844E-01
    0.149660648974703E+00    0.243084407761633E-01    0.275106413347703E-01    0.248886842578606E+00   -0.112421639473313E-01   -0.339050238062028E-01
    0.163547199957841E+00    0.243602277298385E-01    0.595487300236783E-02    0.218687592339225E+00    0.282875293735713E-01    0.492827847055071E-02
    0.131264552571803E+00    0.242957622480510E-01    0.124783059068969E-01    0.201299933407572E+00   -0.399452778894130E-01    0.546626213543456E-02
    0.926142296736810E-01    0.243193028144532E-01    0.297821675829880E-01    0.262605364759092E+00   -0.412207354907601E-01    0.266210352570594E-01
    0.300053429048465E-01    0.243917575927779E-01    0.445554604129677E-01    0.152384074331016E+00    0.917456137196229E-02   -0.360154472283155E-01
    0.146243146547842E+00    0.245723493371230E-01    0.385698866445292E-01    0.187420846245129E+00    0.369468352826702E-01    0.134220602099109E-01
    0.150633516299907E+00    0.245602688291662E-01    0.312424595481795E-02    0.220908383741487E+00    0.406012006190237E-04    0.285028042131452E-01
    0.923355107664143E-01    0.246172252316374E-01    0.339583686254529E-01    0.160208439364566E+00    0.142346281964998E-01    0.245761910958417E-02
    0.137367135946682E+00    0.245951474333858E-01    0.469502161733781E-01    0.191960302137069E+00   -0.223238865817358E-01   -0.164463299170886E-01
    0.511734862146549E-01    0.246653872732542E-01    0.233668796068997E-01    0.244823459429892E+00    0.304353488120338E-01    0.148091855929459E-03
    0.793243561985493E-01    0.246571436990924E-01    0.739913801322767E-02    0.177386357334539E+00   -0.168677971930623E-01   -0.134815858020730E-01
    0.750157894815476E-01    0.247110790618437E-01    0.203275188398151E-01    0.263156605464637E+00    0.357769919475471E-01   -0.273815204919692E-01
    0.353361898006324E-01    0.247237306781081E-01    0.188620589427180E-02    0.204013813745582E+00    0.477915223675087E-01   -0.267697756043572E-01
    0.713184660426237E-01    0.247445676048449E-01    0.214905351717190E-01    0.215103954068981E+00    0.146637573454281E-01    0.247955904026466E-01
    0.166500215784479E+00    0.247512699517306E-01    0.169181695021931E-01    0.170266177390826E+00    0.123966020031600E-01   -0.365839546051874E-01
    0.170373584710086E+00    0.247421702727531E-01    0.317147958659422E-02    0.194614499926880E+00   -0.221508623177517E-01    0.148965125874382E-01
    0.106564678944490E+00    0.247846035714429E-01    0.111503911557301E-01    0.210060592037398E+00    0.395246975085338E-02    0.306246940771511E-01
    0.337435233115404E-01    0.248183145426652E-01    0.171798813393773E-01    0.242453010658363E+00   -0.374360037577961E-01    0.139848157960246E-02
    0.869142527646139E-01    0.249245763600267E-01    0.257952582750406E-01    0.175342694624839E+00   -0.121681673971888E-01   -0.130232798032486E-01
    0.151943595317621E+00    0.250214721923492E-01    0.322452447036264E-01    0.150106703126606E+00    0.159661791768155E-02    0.310640984089013E-01
    0.133266030534017E+00    0.250412064497492E-01    0.378463409772457E-01    0.207549780039135E+00   -0.562307134215765E-02   -0.244126662297435E-01
    0.151413854471274E+00    0.250547228742576E-01    0.824531168805805E-02    0.214928930866484E+00   -0.271067207896512E-01   -0.279823356860274E-01
    0.145690304621124E-01    0.250571633081040E-01    0.263375338182100E-01    0.171115631413014E+00   -0.252666272841155E-01    0.255273065629979E-01
    0.125306414851388E+00    0.251011978087896E-01    0.401920076032842E-01    0.197416518578826E+00   -0.202267668439336E-01   -0.427814995169856E-01
    0.140044455305916E+00    0.250951994392824E-01    0.277992886451714E-01    0.263622862326303E+00   -0.317757750717816E-01    0.474169700084634E-02
    0.204492274993837E-01    0.251680654481618E-01    0.861594723596504E-02    0.198817343596204E+00   -0.315567430890888E-01   -0.176978227985123E-01
    0.689378988263034E-01    0.252375414543720E-01    0.102804024424938E-01    0.180518245059499E+00    0.144086636396604E-01   -0.145886978064017E-01
    0.614264894602950E-01    0.253327911863977E-01    0.166580739424995E-01    0.248397305927142E+00    0.216202519895962E-01   -0.297319478991145E-01
    0.178482556231413E+00    0.253207328661815E-01    0.381259702814678E-01    0.233235509505500E+00   -0.359855355915197E-02    0.132828642098698E-01
    0.735882023350446E-01    0.253044517618326E-01    0.459523470871726E-01    0.195697799213649E+00   -0.230794153798108E-01   -0.144701352428514E-01
    0.700328723499141E-02    0.253574527958243E-01    0.317656489931113E-01    0.224583350269708E+00   -0.136386973830019E-02    0.197120742186162E-01
    0.111025125809428E+00    0.254206577500812E-01    0.421493180114347E-01    0.217161787251253E+00    0.325377353453825E-01   -0.613096429587868E-01
    0.182245547100376E+00    0.253778100370746E-01    0.313834213483079E-01    0.230547843858039E+00   -0.114862793526622E-01   -0.470673639999144E-01
    0.707230078281648E-01    0.254639604954417E-01    0.353616102734731E-01    0.257720295854529E+00   -0.632082834322209E-03   -0.131966897104532E-01
    0.190670989901232E+00    0.255046149402199E-01    0.436873476410712E-02    0.215697107536905E+00   -0.609767476985620E-02   -0.309300882291712E-01
    0.131105016124899E+00    0.255910470146000E-01    0.283990128480254E-01    0.223624449440153E+00    0.477804249119569E-01   -0.844053561173719E-01
    0.103728050163309E+00    0.255387437765148E-01    0.116592320156307E-01    0.150900089588764E+00   -0.143765812836742E-01    0.150821205579283E-01
    0.111249999969795E+00    0.256471932320712E-01    0.151522489631313E-01    0.160030361894426E+00   -0.925602760951945E-02    0.628940761838146E-02
    0.111615594593132E+00    0.256466728057687E-01    0.339421414738663E-01    0.165734190604102E+00   -0.102209152849070E-01    0.437779278355915E-01
    0.711213193862606E-01    0.256789419457907E-01    0.148041193661948E-01    0.235541917618627E+00    0.189571331169884E-01    0.113216083341032E-01
    0.148670054432578E+00    0.257515365145045E-01    0.122608514577506E-01    0.211865778502568E+00   -0.570430545790407E-01    0.499523965641180E-01
    0.119531880306611E+00    0.258137133339029E-01    0.436076551569851E-01    0.216396953121676E+00   -0.117385159536090E-01   -0.384530394625711E-01
    0.195927271729832E+00    0.259062371160529E-01    0.485257143337700E-02    0.224905175668078E+00    0.354738295255688E-01    0.317648789201817E-01
    0.180564933819612E+00    0.259386683911226E-01    0.400023064187766E-01    0.227874682361211E+00    0.431636376183254E-01    0.172574073437482E-02
    0.109190176698113E-01    0.260169520319524E-01    0.355429062492822E-01    0.180929716681279E+00    0.692698321156226E-01    0.127439216045752E-01
    0.200426079132123E+00    0.259635070432919E-01    0.186821933844726E-02    0.199642494840593E+00    0.893129072858340E-02    0.208948277567026E-02
    0.172410687258877E+00    0.260528875094536E-01    0.576735219299936E-02    0.192720489035983E+00    0.467795409168877E-02   -0.157777049985850E-01
    0.173171428368836E-01    0.262542500960628E-01    0.335987018558940E-01    0.222955413298661E+00   -0.163781326006041E-01   -0.285461625285754E-01
    0.877241319507957E-01    0.262744288021541E-01    0.160792866894410E-01    0.190832058459533E+00   -0.121383083997601E-01   -0.361169854698666E-02
    0.473396579574548E-01    0.262300153276233E-01    0.465402324854439E-01    0.209611998829319E+00   -0.796854688700710E-01   -0.221340919947905E-01
    0.714237714071327E-01    0.263100309729810E-01    0.338087285682769E-01    0.261035622656895E+00   -0.409659248122365E-01    0.336313428871425E-01
    0.186185528817500E+00    0.263443000718310E-01    0.468214033800558E-01    0.257532358430877E+00   -0.595186913192167E-02    0.276382487056890E-01
    0.129058526549522E+00    0.264661747183472E-01    0.353600552212842E-01    0.219337798182060E+00    0.111093537024276E-01    0.104917451439004E-01
    0.199133483415526E+00    0.264698672753477E-01    0.417101124098269E-01    0.201196836976265E+00   -0.270570640583620E-01   -0.132654512822807E-01
    0.650190068754781E-01    0.265579600782850E-01    0.103674690866200E-01    0.219412890121360E+00    0.247804169246406E-01   -0.602479859283027E-01
    0.912812934396494E-01    0.265381594211788E-01    0.313405599195405E-01    0.168653464317940E+00   -0.264035857591300E-01    0.171352276135454E-01
    0.660455796675903E-01    0.266277302852297E-01    0.125117299193177E-01    0.239979236121121E+00    0.282046565539012E-01   -0.590527903135316E-02
    0.111591115989476E+00    0.267362245718932E-01    0.309556959934770E-01    0.245118789695436E+00    0.256152382422549E-01    0.212774933131317E-01
    0.133867773312975E-01    0.267678084759178E-01    0.737506829064603E-02    0.193136327914158E+00    0.488166026323947E-01    0.259907801322067E-01
    0.171365108527723E+00    0.266872453322961E-01    0.657223162252227E-03    0.252273335060680E+00   -0.441592505926197E-01    0.367754064596887E-01
    0.694773805396483E-01    0.267383979333386E-01    0.349882311868237E-01    0.227517119078175E+00    0.835646305980100E-02    0.513185793759368E-02
    0.150112616971662E+00    0.267302555458498E-01    0.291800993451954E-01    0.203366861151111E+00   -0.842399208335959E-02    0.356236276560417E-01
    0.868135540507100E-01    0.267661857973500E-01    0.122441521400518E-01    0.200087069822170E+00   -0.177191943187615E-01    0.114242400543116E-02
    0.405181492422478E-01    0.269239474272897E-01    0.355603429677145E-01    0.214862180324544E+00    0.510446732219028E-01   -0.813230410140424E-02
    0.737141080381181E-01    0.269320088414404E-01    0.367761686723325E-01    0.180776227073242E+00    0.103427952149822E-01   -0.163280489287426E-01
    0.152072289827256E+00    0.269496969792862E-01    0.423316728838398E-01    0.277988675036788E+00    0.201196169092244E-01    0.226386084462807E-01
    0.223716879431041E-02    0.269907579702802E-01    0.110108500282693E-01    0.189417305337667E+00   -0.540764516348716E-02    0.273785370189842E-01
    0.143017876749696E+00    0.270416778257965E-01    0.204830258598206E-01    0.241556037414967E+00    0.183633969131743E-01   -0.386105364443054E-01
    0.181602595789582E+00    0.270804440822762E-01    0.482696450711710E-01    0.184650974128279E+00    0.212433990953728E-01   -0.249322308720672E-01
    0.114791900406059E+00    0.270763996599277E-01    0.463922816847844E-01    0.171916215769045E+00   -0.568577429523277E-02    0.276225327624922E-01
    0.672083230352585E-01    0.270970045927566E-01    0.293927215322128E-01    0.202747150387071E+00   -0.335226466040620E-01    0.154163329937251E-01
    0.180320288424577E+00    0.271782878192638E-01    0.476495122598211E-01    0.208477405015483E+00    0.238091937184391E-01   -0.185824587352829E-01
    0.722179464921888E-01    0.273502721439435E-01    0.224084652355838E-01    0.214582818573791E+00   -0.366377323336443E-01    0.122250864789467E-01
    0.198731454870693E+00    0.274628122780847E-01    0.496803707734572E-02    0.195201063745222E+00   -0.402637502581795E-01    0.519756610701109E-01
    0.140451087382196E-01    0.275323309667702E-01    0.953671600111817E-02    0.260021624823689E+00    0.153159472971069E-01    0.128513025094974E-01
    0.293600268336755E-01    0.275417591039525E-01    0.150856156592972E-01    0.219881055451244E+00   -0.625616587902191E-02   -0.450823657909023E-01
    0.927718183165750E-02    0.276195876468299E-01    0.790842519075839E-02    0.194093325438756E+00    0.328333241476495E-01    0.317180674713120E-01
    0.105321542233705E+00    0.275928001424509E-01    0.141012776497081E-01    0.176697870152595E+00   -0.862614966334622E-02   -0.203612960963724E-01
    0.129165699596246E+00    0.276864743843352E-01    0.173029360925804E-01    0.178435452912718E+00    0.252877407362827E-01   -0.249022658169045E-01
    0.345166378968913E-01    0.276948252528975E-01    0.963761643718210E-02    0.209919699139533E+00    0.149379521986136E-01    0.523103384316065E-01
    0.599191417119044E-01    0.277697181573308E-01    0.224600752143424E-01    0.221607731600302E+00    0.111719831769004E-01    0.181908548919198E-01
    0.971800418573257E-02    0.278277029357599E-01    0.156467609042987E-01    0.209414362589691E+00    0.318144091640254E-01   -0.209710892222435E-01
    0.147858448588190E+00    0.278795738353969E-01    0.202908929544891E-01    0.227702799640008E+00    0.489046656798465E-01    0.483544945963993E-01
    0.783429833446954E-01    0.279073389582309E-01    0.276862604675279E-01    0.157708207284672E+00    0.283532186088514E-01   -0.240057533019320E-01
    0.901296569160163E-01    0.278799997392069E-01    0.705285102805557E-02    0.207929676557653E+00   -0.380558276859321E-01   -0.203623526892249E-01
    0.158249898812816E+00    0.278992483944255E-01    0.325993288658945E-01    0.263151180749455E+00   -0.242811041514083E-01    0.309337860084770E-02
    0.109219113886336E-01    0.279462245406053E-01    0.328846872213929E-01    0.169154784969374E+00   -0.979958482999141E-02    0.198284057282558E-01
    0.643170686768560E-01    0.279853248400937E-01    0.472182613589979E-01    0.188489090507767E+00    0.130329698115734E-01    0.981344369005855E-02
    0.773656789918334E-01    0.279999769804814E-01    0.171898907013471E-01    0.228233711307652E+00    0.179160604483862E-02    0.518855727988968E-01
    0.141731452311177E+00    0.280548087474925E-01    0.685101110130991E-03    0.186399095936439E+00    0.343874950498339E-01   -0.257004500753288E-01
    0.898078617706616E-01    0.279999503922862E-01    0.173626125435937E-01    0.166266581613589E+00   -0.416812917864015E-01    0.256432764531765E-02
    0.153343887278034E+00    0.280547846494929E-01    0.118450558256268E-01    0.184824242270629E+00   -0.297784781705502E-01   -0.283696760446276E-01
    0.185085074493519E+00    0.280953489419730E-01    0.374644634067725E-02    0.210556931044323E+00   -0.112907564544963E-01    0.262203225636182E-01
    0.204385424087988E-01    0.281481716023145E-01    0.206379232629886E-01    0.296452634656145E+00    0.122176471276579E-01   -0.172758619559134E-01
    0.174942338417804E-01    0.281253858307787E-01    0.346540427563394E-01    0.187655331030645E+00   -0.112716347315190E-01   -0.151301431607152E-01
    0.189145516196864E+00    0.281068505412992E-01    0.132067260733306E-01    0.226460495408104E+00   -0.398586606990633E-01    0.109212619079681E-01
    0.171162439223355E-01    0.281866489252380E-01    0.309292506624210E-01    0.215793355836958E+00   -0.141510435080094E-01    0.600205627717110E-02
    0.181850091617211E+00    0.282394384831546E-01    0.157738474574300E-01    0.252484414853796E+00    0.198017893353226E-01   -0.165496642551078E-01
    0.120265738201817E+00    0.282129956328496E-01    0.354247113903284E-01    0.212641304201982E+00   -0.355211703922929E-01    0.104026676253877E-01
    0.406674698981798E-01    0.283199511446893E-01    0.229705234451485E-01    0.160072914944241E+00    0.551452875907173E-01   -0.173339691329832E-02
    0.163460449107019E+00    0.283120675032120E-01    0.152150985582501E-01    0.201308092331074E+00    0.396821577740074E-01   -0.404777129299061E-01
    0.190548154494032E-01    0.283192676052085E-01    0.297880858407722E-02    0.219355225819102E+00    0.117685236475009E-01    0.407423502757461E-01
    0.429268445279635E-01    0.284029011571732E-01    0.264109004490457E-01    0.142839139438460E+00    0.452717834502083E-01    0.187883486375872E-01
    0.747332933204646E-01    0.284155373956045E-01    0.127138117109417E-01    0.193846097320379E+00   -0.350625055943432E-01    0.477626217209539E-02
    0.987109994514567E-01    0.284491206758524E-01    0.380285122196786E-01    0.209770627440950E+00   -0.460514256019105E-02   -0.703589727625414E-01
    0.184398984906902E+00    0.285273092113747E-01    0.189739955031061E-01    0.235102866068815E+00    0.247221985846829E-01    0.921114390402824E-02
    0.523650041439747E-01    0.284979928267033E-01    0.173291504250707E-03    0.187972475274440E+00   -0.888237660643486E-02    0.120790903201713E-01
    0.250564134676897E-02    0.286092151604634E-01    0.291508466738688E-03    0.186468106609607E+00   -0.150544618267328E-01   -0.406894767632708E-01
    0.131363450995873E+00    0.286347107619434E-01    0.302736032833692E-03    0.230792389392021E+00    0.576812312281175E-02    0.848773609439593E-02
    0.135408031597895E-01    0.286166755242765E-01    0.493872976483746E-02    0.187193117185817E+00   -0.138293862009922E-01   -0.121461377092099E-01
    0.254269567989994E-01    0.286258839695854E-01    0.406379860131078E-01    0.209448219893060E+00   -0.154212082002424E-01   -0.205025081556316E-01
    0.191147897006834E+00    0.286679948126781E-01    0.222461434977088E-01    0.275499904333856E+00    0.383748138251554E-03   -0.169818270582170E-01
    0.105732526941973E+00    0.286642682843048E-01    0.243373233500965E-01    0.200623926776749E+00   -0.276290847562383E-01   -0.179938163652022E-02
    0.486262129113495E-01    0.287596416318942E-01    0.353421518607492E-01    0.230273395986789E+00    0.306362277905319E-01    0.272535965401563E-01
    0.773682012366530E-01    0.287569070592493E-01    0.372940967942625E-01    0.189465917036301E+00    0.128736695355423E-01    0.117643462624096E-01
    0.709409571690802E-02    0.287610699493173E-01    0.470807255964405E-01    0.147127002580783E+00    0.161357842916619E-01    0.107601236127758E-01
    0.866657628244556E-01    0.288250786144731E-01    0.696102945957248E-02    0.208655479780930E+00    0.131513411199500E-01   -0.414791465486214E-01
    0.534828892242805E-01    0.288773821861811E-01    0.387772074580570E-01    0.262901598252797E+00    0.299767168622605E-01   -0.416966353939039E-01
    0.909921359808203E-01    0.288656290249561E-01    0.409060601157222E-01    0.179954427727086E+00    0.512360552004194E-02    0.114340795924898E-01
    0.256194550754290E-01    0.288670493269733E-01    0.139768169779916E-01    0.193677458148785E+00   -0.360889540785631E-01   -0.108530060663951E-01
    0.187370067740726E+00    0.289155155642486E-01    0.337876862388145E-01    0.202476869210734E+00    0.530800176676592E-02   -0.180241034985830E-01
    0.189865033918408E+00    0.289062935793750E-01    0.303299397908190E-01    0.250555130909647E+00   -0.519312346808016E-02   -0.144476781517107E-01
    0.196456093822056E+00    0.289876321078185E-01    0.431538101504026E-01    0.211864302976755E+00    0.206242046311661E-01   -0.676139460392719E-02
    0.875486580719559E-01    0.289876976655557E-01    0.484510840026146E-02    0.186647557822897E+00   -0.143435608861295E-01    0.311383446184798E-01
    0.574227715801753E-01    0.289979639496682E-01    0.115743129994174E-01    0.238900347816775E+00   -0.969649051855095E-02    0.158864071817485E-01
    0.174396070753265E+00    0.289916405954413E-01    0.775250179322867E-02    0.243025911672513E+00   -0.187772847113704E-01    0.118774307134738E-01
    0.184900572286524E+00    0.290076058476526E-01    0.265216760439549E-01    0.228246751730806E+00   -0.178912663604095E-01    0.241488219941645E-01
    0.112570415066891E+00    0.290694686815133E-01    0.792146351199801E-02    0.249004170875595E+00    0.940971349893698E-02    0.142248181440766E-01
    0.178231487199919E+00    0.291332188795879E-01    0.108194941810829E-02    0.195627286812871E+00   -0.560869970401802E-02   -0.507106062884931E-02
    0.776014413320207E-01    0.291338151971238E-01    0.231796863834487E-01    0.180549210504081E+00   -0.329075862513853E-01   -0.541814254859849E-01
    0.125379180525443E-01    0.291346588926923E-01    0.364530788887971E-01    0.184785605899055E+00   -0.409174486820594E-01    0.112037479742904E-02
    0.603484938212550E-01    0.292353984145507E-01    0.279968892178157E-01    0.200843807957440E+00    0.458574001026444E-01    0.200135329420272E-01
    0.213069389797049E-02    0.292800715209859E-01    0.180648601633877E-03    0.281440548427903E+00    0.923663903153470E-02   -0.736558161518090E-01
    0.507219662584024E-01    0.293370940034298E-01    0.170044234462272E-01    0.203459936832820E+00    0.101445218914473E-01   -0.174905660529178E-01
    0.100846475946193E+00    0.294177297715187E-01    0.350016567536338E-01    0.206795503347362E+00    0.252919823958654E-01    0.338981775011326E-01
    0.163099473303060E+00    0.294429702763814E-01    0.419566763428098E-01    0.197050893343343E+00    0.278567158350324E-01   -0.308084466898628E-01
    0.103263000349710E+00    0.294436268496538E-01    0.353319405752993E-01    0.240394374349091E+00    0.634913575389358E-02   -0.748243160748241E-02
    0.151173734559059E+00    0.294643750493474E-01    0.312933830576317E-01    0.286984868719930E+00   -0.882393267835904E-02   -0.167787789779164E-01
    0.703737774757434E-01    0.295590249941619E-01    0.106872381436765E-01    0.216918260526450E+00    0.180500318786923E-01   -0.160700592145439E-01
    0.114135518598837E+00    0.295934546541872E-01    0.443443557923849E-01    0.182525350316827E+00    0.408249434981603E-01    0.365293153818963E-01
    0.176883756508174E+00    0.296267982546003E-01    0.318689979193434E-01    0.195275545107367E+00    0.235388567233235E-01   -0.573479463349899E-01
    0.542098463188867E-01    0.296303191426690E-01    0.189629889861042E-01    0.157470259211957E+00    0.126214439385975E-01   -0.138237706799150E-01
    0.619594063927595E-01    0.296800079324602E-01    0.474517321483481E-01    0.222702365577166E+00    0.344852503843987E-01    0.148534155428829E-01
    0.180749910488130E+00    0.296469612573663E-01    0.261746740377508E-01    0.135950095771206E+00   -0.330868865256558E-01   -0.124545193568061E-01
    0.164334080266683E+00    0.296774874031805E-01    0.231081935668981E-01    0.211829792276853E+00   -0.521218560447921E-02   -0.305787472941679E-01
    0.181130348794008E+00    0.297409826900083E-01    0.174097451034892E-02    0.210080801041276E+00    0.152177290364979E-01    0.415174998141935E-02
    0.343552202639249E-01    0.297892662395515E-01    0.287065888786275E-01    0.179263472798237E+00    0.120761393257669E-01   -0.283819712487502E-01
    0.106804931026826E+00    0.297559065625154E-01    0.463492839210474E-01    0.197668003933620E+00   -0.354054658654201E-01   -0.650752720722050E-01
    0.312002182657577E-01    0.299152410023302E-01    0.332902299671808E-01    0.231101372106537E+00    0.242206560557811E-02   -0.946741426481265E-02
    0.720901551056022E-02    0.298961434587504E-01    0.416339158844207E-01    0.223335174583755E+00   -0.285474087641240E-01   -0.150511903685675E-01
    0.158115938480680E+00    0.299575690176450E-01    0.224159865353840E-01    0.181591788749004E+00    0.211348449404657E-01   -0.981999312666454E-02
    0.124626845519224E+00    0.301281350224486E-01    0.239056452261499E-01    0.170660904924946E+00    0.456437850342071E-01    0.343361220499558E-01
    0.865898762229097E-01    0.301669024910348E-01    0.444083796168777E-01    0.198137292067895E+00    0.488073101756864E-02   -0.192091912755010E-01
    0.154873623238060E+00    0.301936311228345E-01    0.466778705850419E-01    0.153982783439295E+00    0.132597636585992E-01   -0.533933293334184E-02
    0.282937546544487E-01    0.301958755632568E-01    0.636417372319147E-02    0.210613311684620E+00    0.482936503100284E-02   -0.120874779800823E-01
    0.347301008406481E-01    0.302687085603573E-01    0.310219575988326E-01    0.183416304728300E+00    0.200047906269150E-01    0.474854371094614E-01
    0.143253529236403E+00    0.302602098103952E-01    0.241890281071327E-01    0.184674822949921E+00   -0.300414007133722E-01   -0.127616151412805E-01
    0.181430891263579E+00    0.303924040561868E-01    0.201604392243585E-01    0.138717528903510E+00    0.276089217225419E-01    0.425797653113762E-02
    0.266240220387812E-01    0.303858558110496E-01    0.397221951871471E-01    0.205965085100345E+00    0.114683929009533E-01    0.134750974307490E-01
    0.135769607389543E-01    0.303858165272448E-01    0.464611959221582E-01    0.202690736052101E+00    0.245102487020043E-02   -0.567639560251885E-02
    0.639495838122069E-01    0.304006780701434E-01    0.864493332010089E-02    0.117254802599327E+00    0.139776240105882E-01    0.373737726180480E-01
    0.928096207277234E-01    0.304109306439443E-01    0.122944401892622E-02    0.170909320530437E+00   -0.291635666000638E-01   -0.461422036342601E-01
    0.147123682143888E+00    0.304522335222662E-01    0.206253367139877E-01    0.158262784074398E+00   -0.597199094323670E-01    0.265543560409645E-01
    0.866571950814496E-01    0.305081801298969E-01    0.203739591962206E-01    0.184630309274888E+00   -0.449182101487510E-02   -0.201865504270252E-01
    0.179940113000505E+00    0.304915493342672E-01    0.438539719942030E-01    0.162602991304387E+00   -0.220890668522891E-01   -0.173043652036812E-01
    0.468166674061299E-01    0.305297534462769E-01    0.112593205189613E-01    0.228144897063669E+00    0.145051386204521E-01   -0.449142739664119E-01
    0.475323944541246E-01    0.306401701598368E-01    0.109362408290747E-01    0.200106842454257E+00    0.372326163036246E-01    0.155739586054312E-01
    0.198607076211644E+00    0.306576917648660E-01    0.340100969007359E-01    0.182926913185591E+00    0.189753129292242E-01   -0.108863498852856E-01
    0.347200066697564E-01    0.306126253741949E-01    0.479520914104136E-01    0.187736682215659E+00   -0.549485351386312E-01   -0.107061815242793E-01
    0.173693254480712E+00    0.307383395204294E-01    0.176090278881788E-01    0.195514805402622E+00    0.260110376838999E-02   -0.531147411949734E-01
    0.634686539259552E-01    0.307486988378063E-01    0.120810941369649E-01    0.180222614990407E+00    0.412710955615638E-02    0.132418285400208E-01
    0.146273372053006E+00    0.307527545393070E-01    0.408313342424584E-02    0.208006392083398E+00   -0.834189769658842E-02   -0.983307707387308E-02
    0.151185886335399E+00    0.308436877972888E-01    0.147758009939289E-02    0.183371308572120E+00    0.108708091373051E-01    0.592977434344653E-02
    0.754122347527501E-01    0.308178250064972E-01    0.134484509309904E-01    0.249158247783132E+00   -0.161269060116817E-01   -0.119541563264600E-02
    0.153822565066890E+00    0.308670932968969E-01    0.413369659844924E-01    0.220207183190830E+00   -0.308589640626529E-01   -0.293565858019129E-01
    0.150635891554374E+00    0.309127277027916E-01    0.191063888663269E-01    0.244204397801716E+00   -0.147017108094833E-02   -0.630916123391130E-03
    0.100047128777145E-02    0.309790171740107E-01    0.416194092055295E-01    0.176513100819886E+00    0.439858176881868E-01    0.843570373073081E-02
    0.175649508913585E+00    0.309380965458290E-01    0.489067345597726E-02    0.221691445390176E+00   -0.166330259192426E-01    0.265926545204432E-01
    0.115852575587087E+00    0.309975580020463E-01    0.341828853675997E-01    0.204185300503362E+00    0.378989171910297E-02    0.138554566905347E-01
    0.117257367475214E+00    0.310046405274726E-01    0.351478350077455E-01    0.203628135515869E+00    0.749392305678169E-02   -0.477969092084410E-01
    0.597357362303542E-01    0.310083169894851E-01    0.332145846004730E-01    0.220479326882927E+00   -0.333198294359003E-01    0.125826710864967E-01
    0.769300575124730E-01    0.310026928373274E-01    0.742885944723435E-02    0.221343527980041E+00   -0.547443626300518E-01   -0.132809519072715E-02
    0.776350496745676E-01    0.310530411265474E-01    0.106204403041235E-01    0.194084865418670E+00   -0.311716695476994E-02    0.364567283323499E-01
    0.254389089268972E-01    0.312521627267326E-01    0.499887192528589E-01    0.266928596239285E+00    0.265761073044501E-01   -0.255205399053957E-01
    0.670992154678257E-01    0.312939464375710E-01    0.397007801683347E-01    0.118668171310557E+00    0.210486789695422E-01   -0.911691318465100E-02
    0.193348020621762E+00    0.312911060597305E-01    0.284824415329422E-01    0.231382356281536E+00   -0.135752391323756E-01    0.192466824405245E-01
    0.795405968859440E-01    0.314053049303560E-01    0.244971087989883E-01    0.194953181321795E+00    0.407467489418925E-01    0.265863218757385E-01
    0.174950065635064E+00    0.313360044568227E-01    0.414190590099948E-01    0.195125443269106E+00   -0.458311057789598E-01   -0.121531738735999E-01
    0.271688672234500E-01    0.313940490951440E-01    0.428167600060326E-01    0.140662396842195E+00   -0.524815744424981E-02   -0.109332172165836E-01
    0.879591461978800E-01    0.314680222731198E-01    0.111053458501889E-01    0.187830096135268E+00    0.300863355956518E-01    0.283234514717991E-01
    0.744522163075328E-02    0.314303692187283E-01    0.462766643111212E-01    0.228264053950618E+00   -0.388246668830242E-01   -0.387845487159299E-02
    0.929194154643763E-01    0.314943093046405E-01    0.179257069758288E-02    0.150600630263091E+00    0.215359829759349E-01   -0.463753945772296E-02
    0.161661670273696E+00    0.315806644108594E-01    0.324103824483343E-01    0.175169894165692E+00    0.221700142804438E-01    0.185650067175171E-01
    0.219953783127498E-01    0.316116911292783E-01    0.113493384169757E-01    0.151185388288954E+00   -0.329266000563509E-01    0.150816840849650E-01
    0.923500583007768E-01    0.316560473122771E-01    0.327755723192125E-01    0.190058134226635E+00   -0.288063341064873E-01   -0.539872893742044E-01
    0.701081879435896E-01    0.317350738471859E-01    0.356428503454127E-01    0.183826437944136E+00   -0.194279525137585E-01    0.171955269942214E-02
    0.925339636152353E-01    0.317735806866109E-01    0.242921974213501E-01    0.197209819708427E+00   -0.277338651005208E-01   -0.105980639598359E-01
    0.526096921418705E-02    0.318068092241085E-01    0.263892793742065E-01    0.177116154194928E+00   -0.551642601106835E-02    0.124132915470762E-01
    0.158345279805534E+00    0.318460072331599E-01    0.402680913686546E-01    0.203810654870191E+00   -0.456814708050327E-01    0.136005580669296E-01
    0.117692866510862E+00    0.318724335781744E-01    0.196128814110820E-01    0.209600456093271E+00   -0.302875312979114E-01   -0.363136433076216E-01
    0.192552275083730E+00    0.318472528026366E-01    0.207697572771956E-01    0.202131123197500E+00   -0.690420667207092E-01    0.243922998674530E-01
    0.194242947516872E+00    0.319507605767261E-01    0.208653037888712E-01    0.178402914197299E+00   -0.110396335674341E-01   -0.251287831282219E-02
    0.172925541774972E+00    0.320191970397914E-01    0.266438171947279E-01    0.222687094622293E+00    0.564004469777540E-01    0.465130840567450E-01
    0.149248153050881E+00    0.319900330906930E-01    0.315281907531655E-01    0.224083592387204E+00    0.203797790780976E-01   -0.415158691580692E-01
    0.182063446848327E+00    0.320168753429503E-01    0.576511165559733E-02    0.163034955848281E+00    0.197963119069171E-01   -0.486724651445314E-01
    0.159899472564946E+00    0.320768051376410E-01    0.244151991950714E-01    0.198463457988888E+00   -0.169503075408863E-02   -0.591054343245434E-01
    0.158162569633942E+00    0.321220426199120E-01    0.153396148805722E-01    0.198859054910314E+00    0.233534294081742E-01   -0.169136834467273E-03
    0.194866956636585E+00    0.321138495162647E-01    0.111565291087557E-02    0.219870470947514E+00   -0.150353453142265E-01   -0.478952969065531E-02
    0.244894445061672E-01    0.322433914517973E-01    0.233122979521676E-02    0.209001921258338E+00    0.454462512522168E-01    0.245076906436533E-01
    0.514351042603412E-01    0.322541652599641E-01    0.376825173047159E-02    0.299056339022793E+00    0.249480173561871E-02    0.503383166039342E-01
    0.416660713024889E-01    0.323259689628698E-01    0.185009403139599E-01    0.192167918100362E+00    0.557577600766594E-01    0.341414355290557E-01
    0.183320294287478E+00    0.323179860588500E-01    0.278580758013913E-01    0.188989027456568E+00    0.158122055578872E-01    0.312896406708015E-01
    0.168325579425714E+00    0.323450046745708E-01    0.244101196081728E-01    0.188794597336857E+00    0.120375808975897E-01    0.113974638287267E-01
    0.666182231063542E-01    0.323736192292136E-01    0.247408035392371E-02    0.211691981757511E+00    0.337201884861374E-01   -0.723903870594032E-02
    0.563684257130606E-01    0.324146135553409E-01    0.458094248797572E-01    0.240087846188000E+00    0.744579092253651E-01   -0.176090374509824E-01
    0.131275812393866E+00    0.323914707672830E-01    0.497050811596182E-01    0.188127178475750E+00   -0.394380919120670E-01   -0.767552929898087E-03
    0.958969859978706E-01    0.324699073254495E-01    0.293225558202890E-01    0.194767999257911E+00   -0.205247164176165E-01   -0.352240318585768E-01
    0.100422290972992E+00    0.325092934584075E-01    0.318350740117297E-02    0.258745089666696E+00   -0.142841674018894E-01   -0.304034702346996E-01
    0.135847508115991E+00    0.325801297915713E-01    0.146384655768984E-01    0.205281915195801E+00    0.171591367936386E-01   -0.165467082890623E-01
    0.191200314422800E+00    0.325347711208247E-01    0.389065911351598E-01    0.177517227432509E+00   -0.573257261013689E-01   -0.829880419917301E-02
    0.286070283470842E-02    0.326219483762924E-01    0.216580817189344E-01    0.167017679304443E+00   -0.100612123619520E-01   -0.423649785781584E-03
    0.975839557593966E-01    0.326669556269686E-01    0.177313767878855E-01    0.172220762382724E+00    0.229488592845590E-01    0.306043022310078E-02
    0.127992854000666E+00    0.326540824384234E-01    0.433706789532232E-02    0.222845194417028E+00   -0.107520820368628E-01    0.121623165883567E-01
    0.540272802845002E-01    0.327016479612593E-01    0.350672669379755E-01    0.160020287807120E+00    0.136232067180160E-01    0.193269015083009E-01
    0.158548847797559E+00    0.327868783284114E-01    0.108965362850255E-01    0.207952795209605E+00    0.150240500548956E-01   -0.242131752472284E-01
    0.190402577787803E+00    0.328145411047551E-01    0.463744220099116E-01    0.154724419219381E+00    0.141659303404522E-01    0.206216891018952E-01
    0.894561229521463E-01    0.328233480542615E-01    0.420993865747469E-01    0.193782110702248E+00   -0.199770874570392E-01    0.817825046156406E-02
    0.144929440965852E+00    0.328527558672950E-01    0.285825402752037E-02    0.184293360829134E+00   -0.196194221210953E-01   -0.427911222014304E-01
    0.960577269112090E-01    0.329895318950388E-01    0.142048958203553E-01    0.176059882476329E+00   -0.163652649888965E-01   -0.134945951789247E-01
    0.837168139698549E-02    0.330528345228245E-01    0.162500623231524E-01    0.208251334381430E+00   -0.283769574390934E-01   -0.828595348679505E-02
    0.159719011361233E+00    0.330762851328755E-01    0.418665733811877E-01    0.215411289945433E+00   -0.194722515523603E-01    0.433152258782431E-02
    0.738502331085039E-01    0.330935256549160E-01    0.376448016029957E-01    0.210113035851528E+00   -0.228171709308422E-01   -0.256846921162495E-01
    0.330532646224266E-01    0.332406570478280E-01    0.209783433136861E-01    0.261334201972938E+00    0.599084295798891E-01   -0.285718699577558E-01
    0.118573690204683E+00    0.332205737066307E-01    0.548190988341871E-02    0.238618414901989E+00    0.248621673740668E-01   -0.154412461567552E-01
    0.328502335672109E-01    0.332521890140059E-01    0.264719396902668E-01    0.193304147879826E+00    0.124104048397859E-01   -0.694659915797838E-02
    0.603315815927118E-01    0.332355808762537E-01    0.101903291716708E-01    0.182258321765257E+00   -0.603115126557152E-02    0.428709141229846E-01
    0.171711185256733E+00    0.333144548660367E-01    0.489381894123826E-01    0.157742222558065E+00    0.560170965548277E-01    0.292211621711624E-01
    0.163304718673527E+00    0.332790872288357E-01    0.483212813095328E-02    0.206527464034306E+00   -0.171744371984743E-02    0.552915755063150E-01
    0.696683636602252E-01    0.333005571104309E-01    0.236416184389947E-01    0.162961393397110E+00   -0.244697665479990E-01   -0.412435503148450E-03
    0.501467746373466E-01    0.333196682450921E-01    0.685151198506302E-02    0.201438679481207E+00   -0.120137447389820E-01   -0.595088126958226E-01
    0.574317967799787E-01    0.333192551025238E-01    0.664431141640491E-02    0.185604053570198E+00   -0.203778311410601E-01   -0.284997449422459E-01
    0.136234608443920E+00    0.333479564269806E-01    0.108301220232247E-01    0.178965144489036E+00   -0.979417099587744E-02   -0.368439398724348E-03
    0.178426898683128E+00    0.334100495375072E-01    0.482940769970684E-01    0.185627699790477E+00   -0.776041667822466E-02    0.131651569094057E-01
    0.885342748862933E-01    0.334315317121319E-01    0.391633714937002E-01    0.163633530672355E+00   -0.211584658378219E-01    0.353428375502503E-02
    0.811523847029236E-01    0.334668930700462E-01    0.490559919051791E-01    0.194169680728588E+00    0.708924913165982E-02    0.238746141252775E-01
    0.313777745694010E-01    0.335547490141496E-01    0.994996736969319E-02    0.173717329699592E+00    0.180167312305908E-01    0.386216573039514E-01
    0.765146724408114E-02    0.335477627229525E-01    0.864878273636820E-02    0.157033692354204E+00   -0.241467249203591E-01   -0.759563211716420E-02
    0.872418987501446E-01    0.336187561089909E-01    0.422894955493863E-01    0.235344000959983E+00    0.129896552473969E-01    0.416769747676978E-01
    0.143972340935212E+00    0.335951894560977E-01    0.148503962089726E-01    0.202020086000126E+00   -0.136368913017026E-01    0.151490658155357E-03
    0.120203766512781E+00    0.336153635318442E-01    0.344119553116904E-01    0.208195355241630E+00   -0.190105056230202E-01    0.102144485778035E-01
    0.567778106172743E-01    0.336177094161669E-01    0.416049708851409E-01    0.184398427470257E+00   -0.271306956247148E-01    0.171062606520558E-01
    0.293942547100336E-01    0.336848775636500E-01    0.366044169411131E-01    0.279442279559633E+00    0.134588593322304E-01   -0.605070523528647E-01
    0.194246371377954E+00    0.337467857727995E-01    0.232226167150876E-02    0.218128131145952E+00   -0.511358455843827E-01   -0.241938556266713E-01
    0.900786287336345E-01    0.338284361979244E-01    0.133222087355752E-02    0.213215828418621E+00    0.426439908160853E-02   -0.356027466748894E-01
    0.224221450397998E-01    0.339265204779738E-01    0.250098007929812E-01    0.213326918049203E+00    0.810937207719922E-02   -0.175118376933182E-02
    0.182086329879977E-01    0.340162424080830E-01    0.257582170882474E-01    0.180340594065752E+00    0.500876293866686E-01    0.538604706409511E-03
    0.530618999958392E-01    0.339893552226129E-01    0.268605765994531E-01    0.161472619032915E+00    0.102475794881622E-01   -0.771020127410328E-02
    0.127108259679790E+00    0.339749835497500E-01    0.869120648318750E-02    0.206220809889174E+00   -0.253843485768660E-01    0.172712576349155E-01
    0.348958629303706E-01    0.340012050075958E-01    0.168140074899832E-02    0.182381658806051E+00   -0.315978277340433E-01   -0.351112670043052E-01
    0.111601028020657E-01    0.340513726115147E-01    0.142699173128633E-01    0.199700831263241E+00   -0.400470682024008E-01   -0.301485654368882E-01
    0.186575031375472E+00    0.342137537574077E-01    0.140669572706346E-01    0.231625450642329E+00   -0.296894387896370E-02   -0.861053541402277E-02
    0.897390856574301E-01    0.342067616199573E-01    0.436158925832141E-01    0.253526597242333E+00   -0.211353915097119E-01   -0.323868872651624E-01
    0.818930137809644E-01    0.342389372319670E-01    0.406606058962537E-01    0.261146107166686E+00   -0.162933098628009E-01    0.832403863574512E-02
    0.103751353192443E+00    0.343480366940922E-01    0.348943078101640E-01    0.193312328073825E+00    0.314233090511632E-01   -0.425962347039408E-01
    0.313885679249854E-01    0.343753804555143E-01    0.253918843557073E-01    0.267631003218555E+00   -0.239429254122286E-01    0.586645247011437E-01
    0.141809995208123E+00    0.343987511329344E-01    0.390169432638640E-01    0.176167589269921E+00   -0.226866015312206E-01   -0.366225659671692E-01
    0.182261230364967E+00    0.344806068722440E-01    0.458181021493177E-01    0.203119651522923E+00    0.405763680033894E-03   -0.894127976403114E-02
    0.188758132052555E+00    0.345188548831459E-01    0.369282123134587E-01    0.237159002641931E+00    0.289959429229765E-01   -0.464239372786976E-01
    0.448742633487164E-01    0.344818125014018E-01    0.437898946525339E-01    0.229865940685432E+00   -0.272358899414089E-01   -0.100101782937779E-01
    0.180694269523445E+00    0.345305087739235E-01    0.154733350109897E-01    0.202645462225938E+00   -0.373780601759248E-01   -0.149705730978579E-01
    0.104659446481010E+00    0.346386473495923E-01    0.444603926053429E-01    0.205336834045144E+00    0.181286334588554E-01    0.391972914240258E-02
    0.117930959987449E+00    0.346327176886106E-01    0.303778044011413E-01    0.220802781854845E+00   -0.200926540372598E-01   -0.821791776934772E-02
    0.444819024910539E-01    0.346341265297852E-01    0.507992851029395E-02    0.215788405747939E+00   -0.306841443366138E-01   -0.241860888276944E-01
    0.135481780807972E+00    0.347107338693266E-01    0.405880055661321E-01    0.201351738139197E+00   -0.651740308026786E-02    0.330864803146631E-01
    0.304202508471882E-02    0.347218691284615E-01    0.260316944111875E-01    0.205345465784566E+00   -0.180705912647264E-02    0.249390766006562E-01
    0.253167594201161E-01    0.347902708464595E-01    0.415493718729092E-01    0.234392839624522E+00    0.437400349702877E-03   -0.311707346256583E-01
    0.106471930498668E+00    0.347986139959840E-01    0.152930390780123E-01    0.197964068216457E+00   -0.290038852921013E-02   -0.437540531392389E-02
    0.205164187277043E-01    0.348364258390889E-01    0.389348470894599E-01    0.204534161995524E+00    0.246773131647001E-01   -0.169344741444654E-01
    0.188306807975291E+00    0.349417097761336E-01    0.137775039771232E-01    0.213527084012249E+00    0.873893561845046E-02   -0.883895043384296E-02
    0.144059544667905E+00    0.349963703111873E-01    0.240084755913627E-01    0.168073901586708E+00    0.550953894197410E-02    0.206808263633845E-01
    0.525443094887787E-01    0.350309335203039E-01    0.114131711474754E-01    0.173629391712678E+00    0.154903750060882E-01   -0.628014436126953E-01
    0.128007144115130E+00    0.350904760608750E-01    0.333416797231422E-01    0.255356584472529E+00    0.274241731650719E-01    0.479419404159422E-03
    0.107517594712209E+00    0.350957773775420E-01    0.311828803740104E-01    0.201220732216510E+00   -0.791943917758464E-01    0.253681404124536E-01
    0.172488726851163E-01    0.351449064983374E-01    0.314659704432553E-01    0.218544259729883E+00   -0.505238489050828E-01   -0.486916671797889E-01
    0.127221026097085E+00    0.352568466166913E-01    0.380797931674853E-01    0.258365337843741E+00    0.131542581722111E-01   -0.264604320752848E-01
    0.911127938233643E-01    0.352991941073469E-01    0.199584983278551E-01    0.209542279830863E+00    0.255504628275310E-01   -0.273089879411920E-02
    0.150823042012596E+00    0.352612747642145E-01    0.204109280624141E-01    0.188531197897643E+00   -0.587044216451795E-01   -0.155734166560429E-01
    0.648310935493540E-01    0.352653389180483E-01    0.351720280982954E-01    0.225410491871693E+00   -0.647116517018690E-01    0.261741182526269E-02
    0.117583756942459E+00    0.353292779551485E-01    0.140848419059095E-02    0.214814077414258E+00   -0.196942803184472E-02   -0.686619255449749E-01
    0.174650640153969E-01    0.353523185200555E-01    0.324140152316324E-01    0.169715458619125E+00    0.231446034681225E-02    0.140443597970776E-02
    0.114496220036756E+00    0.353402183121647E-01    0.450720874448089E-01    0.175393612052189E+00   -0.218487452094119E-01    0.656963740647591E-02
    0.183991444376211E+00    0.354206791595740E-01    0.108646593442987E-01    0.150720529112186E+00    0.228155299699957E-01    0.357250128634004E-02
    0.372873782149952E-01    0.354156322291304E-01    0.293052938808732E-01    0.262366899396852E+00   -0.305769748800202E-01   -0.425692044624818E-02
    0.163469870599200E+00    0.356069821954639E-01    0.314092528638218E-01    0.211911139336904E+00   -0.900699031897069E-02    0.285340828351128E-01
    0.667317419619446E-01    0.357337100034714E-01    0.215681096487246E-01    0.213537218265535E+00   -0.209547825935929E-02    0.274771904881307E-02
    0.630106728384669E-01    0.356797483163687E-01    0.149723932117593E-01    0.197276835314726E+00   -0.627170203694714E-01    0.210581770392307E-01
    0.163922083585161E+00    0.357964355858182E-01    0.361441419018487E-01    0.147246828901961E+00    0.352579275765590E-01   -0.159102318356074E-01
    0.835453734111568E-01    0.357953288990706E-01    0.126736360555742E-01    0.218824953804951E+00    0.297223901501669E-01   -0.915480693895030E-02
    0.118972949354525E+00    0.358192495823057E-01    0.227106746350935E-01    0.213968804401755E+00    0.252932297313547E-01   -0.383083394311611E-01
    0.464064467827342E-01    0.358074293222384E-01    0.269928922760159E-01    0.187086692921917E+00   -0.272537457297335E-02    0.360553184712560E-01
    0.921290298771032E-01    0.358750648680554E-01    0.356626895298286E-02    0.193641728315972E+00    0.539720382783274E-01   -0.575494157165801E-01
    0.178005985569349E+00    0.358227022567352E-01    0.407434514359864E-01    0.221184561185630E+00   -0.133101804546059E-01   -0.287178737672532E-01
    0.551891771464105E-01    0.358930098365882E-01    0.192845001756754E-01    0.178767948880003E+00   -0.295619920080292E-02   -0.350483192276102E-01
    0.156700012142799E+00    0.359253366509482E-01    0.450541656733373E-01    0.202947626399935E+00    0.967009325054376E-02   -0.336281255713938E-01
    0.154486795582213E+00    0.359654280936467E-01    0.227854893619050E-01    0.162906164407343E+00   -0.158029931291506E-01   -0.307397280986619E-01
    0.198540153927023E+00    0.359685295318006E-01    0.153270863877717E-01    0.213661917086323E+00   -0.205733644907260E-01    0.139958806208025E-01
    0.915411335742052E-01    0.359915336408168E-01    0.152595249867665E-01    0.146891101839153E+00   -0.140320709964451E-01   -0.283858011081404E-01
    0.652944323253160E-01    0.359946350600865E-01    0.207632969419562E-01    0.139604217787511E+00   -0.137350144728321E-01   -0.119933754599409E-01
    0.112448734949105E+00    0.360473473846419E-01    0.436199417937872E-01    0.216412884870637E+00   -0.600353694083637E-02    0.268829458642701E-01
    0.138836795261072E+00    0.361828320003952E-01    0.498772925901496E-01    0.212052160698810E+00    0.912008698641852E-01   -0.587766412753181E-02
    0.176476414809320E+00    0.361370030043690E-01    0.339000422526822E-01    0.213231264324045E+00    0.815249321124958E-02    0.420508840864225E-02
    0.144612312092796E+00    0.362283008032348E-01    0.185722560360729E-01    0.216557353831971E+00    0.386903108665427E-01   -0.929984907886802E-02
    0.525288769974575E-01    0.362226938040648E-01    0.211743145443830E-01    0.180734210378384E+00   -0.196951887677811E-01   -0.138300091013440E-03
    0.261987776756761E-01    0.363108386224551E-01    0.339806126561742E-01    0.250850996783451E+00    0.237496204097117E-01   -0.600530622690785E-01
    0.106214941385265E+00    0.363380892562134E-01    0.353168788241996E-01    0.254756064297574E+00   -0.288308567121198E-01   -0.420699174512221E-01
    0.282157906878623E-01    0.363776915996303E-01    0.272829768251685E-01    0.187141020545687E+00   -0.137930886384216E-01    0.252640971366949E-01
    0.121298029706343E+00    0.364308279152630E-01    0.372289523776147E-01    0.207639250663846E+00   -0.109379615269162E-01   -0.686343815252666E-02
    0.694024628426523E-01    0.364575428348909E-01    0.447871652131739E-01    0.184890977680529E+00   -0.445167633284684E-01   -0.846497561841461E-01
    0.946910174209085E-01    0.365421382346715E-01    0.811331786133108E-02    0.227779714917568E+00    0.404658645809047E-01   -0.107044051918443E-01
    0.226074079646658E-01    0.365155220278176E-01    0.252382842412108E-03    0.230432738644675E+00   -0.112250754862250E-01    0.280584684010729E-02
    0.359373150960071E-01    0.364980745900952E-01    0.218258538483987E-01    0.171320058806109E+00   -0.307014411718689E-01    0.473743884938126E-02
    0.122172101860333E+00    0.365179413340423E-01    0.198863338867614E-01    0.190099611438682E+00   -0.170891989747080E-01   -0.207417591095084E-01
    0.132771148192151E+00    0.365444743538640E-01    0.124478300634207E-01    0.161560196570679E+00   -0.433381687527836E-02   -0.204764144546589E-01
    0.101297294554245E+00    0.365779506499959E-01    0.352017324546611E-01    0.166425313892804E+00    0.226650129764164E-01    0.545320947476324E-01
    0.814912257287231E-01    0.365830051621130E-01    0.852669487584766E-02    0.174555699826339E+00   -0.195508176417371E-01    0.358137589534266E-01
    0.182279990970245E+00    0.366012762703740E-01    0.490881191647509E-01    0.208752623769326E+00   -0.311529707698106E-01   -0.153479515049647E-01
    0.156239816729615E+00    0.367262455503366E-01    0.389281058514290E-01    0.215408221672518E+00    0.570888286561124E-01    0.403411031566962E-01
    0.107929519449091E+00    0.366518998384943E-01    0.419113370286991E-01    0.255423458886506E+00   -0.248060516712750E-01   -0.139021758183092E-01
    0.491247522100155E-02    0.366916017808348E-01    0.155258780224559E-01    0.254911572274341E+00    0.124227679093018E-01    0.401825910651518E-01
    0.577464576565740E-01    0.366884549942858E-01    0.323061711832718E-01    0.232292571702693E+00   -0.208709935381228E-01   -0.342259801810890E-01
    0.153448236481436E+00    0.367958761219708E-01    0.101517178714197E-02    0.169913163410231E+00   -0.186634925565973E-02    0.207395274184265E-02
    0.173765984056979E+00    0.367708095339543E-01    0.377881469210604E-01    0.216593600171512E+00   -0.462856530176630E-01    0.960482518237160E-02
    0.785510586443441E-01    0.368071139600443E-01    0.253605216071816E-02    0.227866879837253E+00   -0.412043106312937E-01   -0.431843167742993E-01
    0.192869003679597E+00    0.369303134350891E-01    0.109341607941961E-01    0.175889870994751E+00   -0.102182937482626E-01   -0.294821613306184E-01
    0.723103158231106E-01    0.370137246734028E-01    0.373441459296189E-01    0.209195381458823E+00    0.406898448734912E-01    0.407651326681417E-02
    0.191244615007260E+00    0.370273277996954E-01    0.308773891094451E-01    0.190847169798131E+00    0.154908540810616E-01   -0.137625563436812E-01
    0.109205992845286E-01    0.370929331007393E-01    0.423190435173169E-01    0.186872479343918E+00    0.485110558321061E-01   -0.623588116574358E-01
    0.713127300881912E-02    0.370651618067335E-01    0.475540784034110E-01    0.199335524404694E+00    0.197281207579903E-01   -0.390372503153151E-01
    0.469300559544517E-01    0.371826978951248E-01    0.260025335328328E-01    0.185360699921529E+00   -0.165859300848699E-01    0.120389665683221E-01
    0.195921064270875E+00    0.372462335698090E-01    0.215255561283988E-01    0.165763265475606E+00    0.126604581817393E-01    0.499718824353568E-01
    0.929103291407910E-01    0.372401120638633E-01    0.166031141571201E-01    0.188019924793995E+00   -0.336373116630679E-01   -0.292670087937739E-02
    0.570695085646770E-01    0.373168596993990E-01    0.156258285707248E-01    0.191165156476581E+00   -0.873404516449652E-02   -0.232065348775259E-01
    0.481275165714743E-01    0.374223361299047E-01    0.688185476974221E-02    0.181046604881771E+00    0.378721033330876E-01    0.250205579137227E-03
    0.955033821185250E-01    0.373662983022127E-01    0.279133949096156E-01    0.234427683954683E+00   -0.193687124751434E-01    0.125442837920933E-01
    0.154833893141831E+00    0.374369218052369E-01    0.377861039262037E-01    0.170470875983507E+00    0.425107019659259E-01    0.187812846817059E-01
    0.400348911291680E-01    0.373886942022040E-01    0.257490377700827E-01    0.215887439447599E+00   -0.169213898863656E-01   -0.151629564498381E-01
    0.156613169616987E+00    0.376099372438612E-01    0.298104249059423E-01    0.182312638108666E+00    0.425595765913560E-01    0.382652798831914E-01
    0.748581634711688E-01    0.376218534378827E-01    0.381073448571866E-01    0.175326022570325E+00    0.329123554191916E-01   -0.104871613431865E-01
