    0.170932346409048E+00    0.125106595647963E-01    0.419890071727416E-01    0.169909465381422E+00    0.397335006814286E-02   -0.394191856436157E-02
    0.187062700356306E-01    0.125402617652066E-01    0.351134115296220E-01    0.221638256788261E+00   -0.499061398406872E-01    0.827103964771003E-02
    0.764975400918516E-01    0.126180589033261E-01    0.200820351874812E-01    0.186313187808896E+00    0.599980935574594E-02   -0.177141606002650E-01
    0.123296756839654E+00    0.125849156753836E-01    0.443187448790044E-01    0.255734344221747E+00   -0.361410422464202E-01   -0.121881079284185E-01
    0.433080070338875E-01    0.127014363620114E-01    0.481776489898445E-01    0.182159251479677E+00    0.741873974136386E-01    0.132181481823949E-01
    0.448088983359654E-01    0.126748767743034E-01    0.199358244502107E-01    0.178416736243346E+00    0.441735580583795E-01   -0.312310556135454E-01
    0.348866686874470E-01    0.126975502890989E-01    0.403308511618572E-01    0.278657268645618E+00    0.404368633351204E-01    0.202763248966840E-01
    0.134191044594556E+00    0.127668628262573E-01    0.143182540729757E-01    0.199835626258208E+00   -0.196293042841570E-02   -0.758405794573313E-02
    0.130554550835999E+00    0.127652722162362E-01    0.456028040673553E-01    0.220246876233151E+00   -0.208689413330001E-01   -0.457197731454428E-01
    0.834892579030028E-01    0.128463556706592E-01    0.421406179114298E-01    0.178851366645219E+00    0.165878861595827E-01   -0.536609022163283E-01
    0.978823741017703E-01    0.129021374757621E-01    0.480668173739939E-01    0.232031223357239E+00    0.714938904470508E-02   -0.243829914270726E-01
    0.139238996480044E+00    0.129988725325159E-01    0.208567559950937E-01    0.129234380764248E+00    0.370620874212675E-01   -0.643613154041680E-02
    0.860475486392778E-01    0.130915270716603E-01    0.948068389099507E-02    0.184663520165508E+00   -0.118147539394347E-01    0.119238230303337E-01
    0.330609574936901E-01    0.132014395982801E-01    0.275239685594691E-01    0.236926404562541E+00    0.322092792150026E-01   -0.747520542708882E-02
    0.170258904943536E-01    0.132177318271642E-01    0.161363247210228E-01    0.182817976974903E+00   -0.118665561801707E-02   -0.290988437528407E-01
    0.141989172362177E-01    0.132694089729287E-01    0.434372683356719E-01    0.188923872123596E+00    0.348752206337612E-01   -0.305446296132669E-01
    0.172231689629268E+00    0.133166463809846E-01    0.344917547770616E-01    0.240226531366156E+00   -0.221521467808735E-01    0.110139449439172E-01
    0.324924605870219E-01    0.133449629487181E-01    0.131554754948510E-01    0.185472669505216E+00    0.261294143590670E-02    0.287855332193219E-01
    0.334478181435548E-01    0.133319244188982E-01    0.343220212376000E-01    0.218246743835281E+00   -0.118994458393158E-01    0.268561636235750E-01
    0.117248799138991E+00    0.133625359493413E-01    0.236044204619715E-01    0.220867564656644E+00    0.177216309095250E-01    0.267902411077833E-01
    0.124697263139697E+00    0.133506680930430E-01    0.232170517210077E-01    0.182425201729245E+00   -0.448418487788336E-02   -0.342606675791043E-01
    0.514550431388303E-01    0.133041833625675E-01    0.212425034166166E-01    0.199564287258982E+00   -0.774105906988623E-01    0.504861974475869E-01
    0.188670769514352E-01    0.133856312276903E-01    0.160774728415993E-01    0.252337093602311E+00   -0.113582796183831E-02    0.157717394357740E-01
    0.161615556264767E+00    0.134454874359210E-01    0.251346089143216E-01    0.219478926619410E+00    0.253876876074038E-01   -0.497294046029657E-01
    0.174658358547957E+00    0.135166257624494E-01    0.383254891124271E-01    0.258270488663826E+00    0.174034260210279E-01   -0.537200586755109E-01
    0.580972331087758E-02    0.135208467935681E-01    0.881926401447598E-02    0.187858944510545E+00    0.121544374837464E-01   -0.346277164384703E-01
    0.790009238657122E-01    0.135535677912370E-01    0.292132933975485E-02    0.197535374227996E+00    0.216732790864705E-02    0.134578889407838E-01
    0.174394843300749E+00    0.136549081008302E-01    0.398750449716003E-03    0.220834563580090E+00    0.413047971651406E-01   -0.295525470292627E-02
    0.124164487302074E+00    0.136653471575581E-01    0.603825289372738E-02    0.166186568462545E+00    0.115554801789304E-01    0.400914926872306E-01
    0.196449595250676E+00    0.136940109672982E-01    0.192835144887216E-01    0.218655435587270E+00   -0.218825327288551E-01   -0.425779780269730E-02
    0.807322630112393E-02    0.137639610047890E-01    0.251931621595017E-01    0.283694679033826E+00    0.125688832928567E-01   -0.139597928315966E-01
    0.153686245687139E+00    0.137968744111310E-01    0.603623447289183E-02    0.228099574973078E+00   -0.314521615316244E-01   -0.345563236814867E-01
    0.338425048535302E-01    0.137900614855979E-01    0.257955101297301E-01    0.216027716467614E+00   -0.391066346843749E-01   -0.351037456508000E-02
    0.121789638842298E+00    0.138523610103926E-01    0.377922103403842E-01    0.184796181772535E+00    0.162460880805018E-01   -0.599383459538787E-03
    0.125208757855576E-01    0.138350242929403E-01    0.153660841291069E-02    0.171057580778706E+00   -0.199462817251844E-02    0.343851572797242E-01
    0.251007876363570E-01    0.138234960802931E-01    0.237528993110433E-01    0.192149011965570E+00   -0.277248874964003E-01   -0.205176396486955E-01
    0.120320494519464E+00    0.138782610006617E-01    0.295058770880418E-02    0.223520705348895E+00    0.181262902954243E-01   -0.292419020327128E-01
    0.137031541579194E+00    0.140343011442139E-01    0.972334891495107E-02    0.263655263545372E+00   -0.400756291743281E-01    0.259825662051898E-01
    0.182360895977852E+00    0.140798238950147E-01    0.341521094379531E-01    0.206511524668936E+00   -0.214604508137701E-01   -0.220379289802613E-01
    0.163005572515846E+00    0.142100381557147E-01    0.273383860504912E-01    0.193404186307741E+00    0.225569731974252E-01    0.203913337199719E-01
    0.610422295924194E-03    0.141401680860698E-01    0.171816464153014E-01    0.144782765936792E+00   -0.570534833278094E-01   -0.179332824007831E-01
    0.126607469254258E+00    0.142591148055418E-01    0.194107592147395E-01    0.200588627344939E+00    0.457675186598975E-02   -0.445588150441188E-01
    0.137451051574547E+00    0.143887669466195E-01    0.225885030282301E-01    0.181107208095847E+00   -0.266181443933784E-01    0.166048114059212E-01
    0.571828867361033E-01    0.144256381998689E-01    0.478135290061368E-01    0.198651999985143E+00   -0.861655061511117E-02   -0.136381349398324E-01
    0.134532126779897E+00    0.144059478242957E-01    0.486316128672867E-01    0.228466380055361E+00   -0.317137195832059E-01   -0.225840558970096E-01
    0.763059065816274E-01    0.146086023892327E-01    0.715412688364368E-02    0.227841278218023E+00    0.249749867788978E-01   -0.220205158629969E-01
    0.994979742105794E-03    0.147666598930239E-01    0.137792467294850E-01    0.267010936327313E+00   -0.659911169955996E-02   -0.129839851557226E-01
    0.199506608889823E+00    0.147288484777249E-01    0.902503178716782E-02    0.190832275109381E+00   -0.745771979451815E-01    0.306189267025370E-01
    0.140065798014248E+00    0.148282783685769E-01    0.257919745222689E-01    0.199946253117866E+00   -0.495039218378172E-02    0.118655232774762E-01
    0.788377171404666E-01    0.148269834535804E-01    0.903165422070829E-02    0.231871229771219E+00   -0.115242513122913E-01    0.886182870815077E-01
    0.138425513090082E+00    0.149242551273915E-01    0.272057241498815E-01    0.189843499356597E+00    0.163200701838744E-01    0.346824321869288E-01
    0.770036771362381E-01    0.148824224221729E-01    0.308808615436968E-01    0.208447357279907E+00   -0.572522633860160E-01    0.324878054881987E-01
    0.168140142199990E+00    0.149395682676277E-01    0.757823959515055E-02    0.219255467191208E+00   -0.921044900294151E-02    0.266580249771423E-01
    0.179312141973825E+00    0.149227030334679E-01    0.207258157027681E-01    0.188177652198672E+00   -0.555033708221899E-01    0.466470874378489E-01
    0.183067676024672E+00    0.150672179291320E-01    0.322802883161569E-01    0.194165463155570E+00   -0.242937490513701E-01   -0.171728611194187E-01
    0.137771453940672E+00    0.150805195982279E-01    0.442160670577821E-01    0.194219632481304E+00   -0.147162397132795E-01   -0.506134196422632E-02
    0.104182552582553E+00    0.152033695901867E-01    0.335926348978259E-01    0.211205858689270E+00   -0.286040172648709E-01   -0.242807895985001E-01
    0.765560624379324E-01    0.152227560006756E-01    0.518690705643747E-02    0.198718255301586E+00   -0.173436045921464E-01    0.432726397944174E-01
    0.566704055338424E-01    0.152751676477684E-01    0.472885034759841E-01    0.209030591880221E+00   -0.270202333099471E-01    0.161782756294770E-01
    0.127383938684160E+00    0.154054023623405E-01    0.895785092354874E-02    0.159862973988262E+00    0.431061850109800E-02   -0.373762676689666E-01
    0.910992943901100E-02    0.154318091916732E-01    0.323736472702730E-01    0.192159230756272E+00    0.141041100475180E-01   -0.421049045440955E-02
    0.787896881578940E-01    0.154811243696827E-01    0.166055853540538E-01    0.194256885587692E+00    0.176499298711389E-01   -0.431932343140688E-01
    0.504504391275239E-02    0.154884267188600E-01    0.102347234185639E-01    0.234813254373671E+00   -0.225230994123017E-02    0.190969828555420E-01
    0.934178407905241E-01    0.155825094664920E-01    0.244290066196382E-01    0.201358396277695E+00    0.486156868709748E-01   -0.221571255871778E-02
    0.180587407482501E+00    0.155787856306745E-01    0.350115893657432E-01    0.244746592266909E+00    0.131828576589553E-01    0.158017576431325E-01
    0.608532558250125E-01    0.155584053658609E-01    0.442509783736824E-01    0.200789282744811E+00   -0.173319350918155E-01   -0.465221014612494E-01
    0.866330735210803E-01    0.155534987489156E-01    0.404808241016364E-01    0.247343510537427E+00   -0.345768075273374E-01    0.299268072224418E-01
    0.659590120510762E-01    0.156281837751502E-01    0.492764124928090E-01    0.254389697724995E+00    0.295482200018937E-01    0.217770859029359E-01
    0.129029062685594E+00    0.157416761361438E-01    0.456852170902067E-01    0.193941349608237E+00    0.536141665385295E-01   -0.421106602157715E-02
    0.919863569252118E-01    0.156785826948378E-01    0.371098770351938E-01    0.250183846527747E+00   -0.109780542735924E-01   -0.234208983381446E-01
    0.192005569287638E+00    0.156914207986488E-01    0.249418821337817E-01    0.256471088055671E+00   -0.326254467108730E-02    0.210298152072618E-01
    0.170470213800564E+00    0.157377095977773E-01    0.203765588438807E-01    0.195682399877280E+00    0.708869532626457E-02    0.626430244910804E-01
    0.108173184548350E+00    0.157571113267947E-01    0.207136640527719E-01    0.193564703515205E+00    0.160314895110260E-02    0.282082472107820E-02
    0.373200985370871E-02    0.157583523781562E-01    0.417277343609790E-02    0.123033530329284E+00   -0.405630524500058E-01    0.324653360800265E-01
    0.199336228432361E+00    0.158390584742115E-01    0.452303645292177E-01    0.141327015778333E+00    0.130815098496056E-02    0.447990431904821E-01
    0.122155377074196E+00    0.159315308350162E-01    0.472651066688726E-01    0.226454771711767E+00    0.255985990431332E-01   -0.354797879741068E-01
    0.104646005726385E+00    0.159447519832715E-01    0.358427637558814E-01    0.193414981617024E+00   -0.945367109960084E-02    0.280906824565127E-02
    0.101495540401339E+00    0.159766775131874E-01    0.229722649395982E-01    0.244692509673906E+00    0.184878405754814E-03   -0.565826410605108E-01
    0.117502832675624E+00    0.159678991610291E-01    0.337884371750134E-01    0.218913196765960E+00   -0.913151263819681E-02    0.300657122499740E-02
    0.117619852484154E+00    0.161835550877509E-01    0.815319920709070E-02    0.224492203043015E+00    0.289703639191986E-01    0.267287972581679E-01
    0.190043360022191E-01    0.161103431987289E-01    0.186460837030690E-01    0.191353588578744E+00   -0.726422166031804E-01    0.203170552725787E-01
    0.124641518574170E+00    0.162964683054991E-01    0.189119301779066E-01    0.235148811016102E+00    0.477992236024551E-01   -0.106863360621208E-03
    0.106924170605329E+00    0.162987268239340E-01    0.406150832486121E-01    0.178085892212021E+00    0.125546589394226E-01   -0.222182879447837E-01
    0.115094848568711E+00    0.162549908944288E-01    0.447344433009475E-01    0.199092648578732E+00   -0.610434295965408E-01    0.290087497446664E-01
    0.108587031447093E+00    0.163391792785144E-01    0.497225745536055E-01    0.223382560724377E+00    0.342095010822233E-02   -0.266154769858004E-01
    0.164821085367735E+00    0.164299234428791E-01    0.219276730485778E-01    0.269842856074607E+00    0.289904766045327E-01    0.102393864762510E+00
    0.101566924494420E+00    0.164061707998485E-01    0.327557453194930E-02    0.167894564868675E+00   -0.370421050885470E-01    0.364395973055351E-02
    0.112027752293926E+00    0.164541559240332E-01    0.482231425518316E-01    0.126449389611567E+00    0.417014338194586E-02   -0.104875454898805E-01
    0.112813655168241E+00    0.164348113059547E-01    0.475353850937724E-01    0.204550534147579E+00   -0.405523059250613E-01   -0.553031185258536E-02
    0.115316373969309E+00    0.165861561626049E-01    0.501559137569825E-02    0.202220470962985E+00   -0.852457177242376E-02   -0.136869074882634E-01
    0.568270904325384E-01    0.166545649503308E-01    0.143285088302637E-01    0.200677573408348E+00    0.589507791472193E-01    0.288429458289668E-01
    0.184832200903697E+00    0.165999275215198E-01    0.276867144399120E-01    0.191394585781565E+00   -0.962350343446540E-02   -0.236704083978962E-01
    0.132936991280338E-01    0.167189467346868E-01    0.471265043412986E-01    0.218719556173413E+00    0.606930155914312E-01   -0.352103797609578E-01
    0.592548737064050E-01    0.166942751274580E-01    0.417358827791527E-02    0.233519372283178E+00   -0.198214238924071E-01   -0.648849161422472E-02
    0.139124214006402E+00    0.167009755366118E-01    0.762935884033742E-02    0.236769250265225E+00   -0.140905033361033E-01   -0.159227359441226E-01
    0.163509619576549E+00    0.167270249131043E-01    0.360059172591888E-01    0.220729346150825E+00    0.175670375434937E-02    0.250163904805388E-01
    0.151888808551810E+00    0.167546378151612E-01    0.186287298576213E-01    0.210289639679995E+00   -0.248355880795268E-01    0.396864418450501E-01
    0.174886509372189E+00    0.168496979827260E-01    0.250868151975441E-01    0.176313094944101E+00    0.413474121898851E-01   -0.280899485493373E-01
    0.126042704668135E-01    0.168636165501460E-01    0.537928106130219E-02    0.248059449254083E+00   -0.152210380668166E-01   -0.573950301831968E-02
    0.814926027286652E-01    0.169872802463469E-01    0.211134757151222E-01    0.232625336281785E+00    0.120475940824492E-01    0.593313847975753E-02
    0.117649407925480E+00    0.172060601886783E-01    0.340800902159447E-02    0.197884701455576E+00    0.326136415062060E-02    0.705557817129536E-02
    0.961741286392143E-01    0.172396280303300E-01    0.156220804779663E-01    0.161920395905941E+00    0.101194710752376E-01   -0.279495749445352E-01
    0.196082353069292E-01    0.172997760098980E-01    0.421216516614789E-01    0.197886673837142E+00    0.232637874542659E-01   -0.408220080047352E-02
    0.323224518305667E-02    0.172664262627229E-01    0.294385275906342E-02    0.181935567787133E+00   -0.156416427101214E-01    0.373707974343050E-01
    0.612015568539942E-01    0.173469774534772E-01    0.666130293300677E-02    0.166372502670323E+00    0.357695957983822E-01   -0.116185844751302E-03
    0.520370603499950E-01    0.173236840751460E-01    0.216762459548361E-01    0.198985103034873E+00   -0.157676147853244E-01   -0.762531185517731E-04
    0.537516090628511E-02    0.173563993855527E-01    0.137057609175817E-01    0.238474517733017E+00   -0.146236602289064E-02   -0.859419386916074E-02
    0.173503799696528E-01    0.173551246645430E-01    0.113526996058194E-01    0.203342906580933E+00   -0.167972739619906E-01    0.235442904534145E-01
    0.110965304310690E+00    0.175732855972596E-01    0.396200014846746E-01    0.242428346169326E+00    0.384607793217608E-01   -0.166560316078618E-01
    0.122303861510009E+00    0.175194570694956E-01    0.335781154248994E-01    0.192410900528569E+00   -0.352156069531043E-01    0.137403576228465E-01
    0.605495186874481E-01    0.175881671922864E-01    0.316151700406609E-01    0.202056678719450E+00   -0.125575635626026E-02    0.533459577089485E-01
    0.177663016026437E+00    0.176387069682690E-01    0.185539413307170E-01    0.189982127439915E+00    0.416534292263748E-01   -0.828011130783035E-02
    0.122243140980612E+00    0.176036853099126E-01    0.134979922738108E-01    0.200550688559527E+00   -0.271255088361875E-01    0.383684268658715E-01
    0.390581764475265E-01    0.176287009197253E-01    0.313040011247355E-01    0.229519914841758E+00   -0.206671085542105E-01   -0.346782987728884E-01
    0.109771573235771E+00    0.176548561607000E-01    0.429909808921497E-01    0.239392651263020E+00    0.557323918485323E-02   -0.117369037898613E-01
    0.275146970770197E-01    0.176575151326597E-01    0.134849547812243E-01    0.181714959555528E+00    0.330110183096195E-02   -0.410458253147167E-01
    0.191079508152814E+00    0.177232672809789E-01    0.482891010907762E-01    0.241298010197254E+00    0.466380027626531E-01    0.798397324483079E-01
    0.115449719642954E+00    0.176856857028255E-01    0.182069469061300E-01    0.179367967663504E+00    0.662962247295155E-02    0.499985213649323E-03
    0.154349689737050E+00    0.176651935345895E-01    0.101244900421179E-01    0.223361295420388E+00   -0.269709229939484E-01   -0.142563934004189E-01
    0.107160499839157E+00    0.177440737349196E-01    0.457571272371620E-01    0.236188535023982E+00    0.126875424525979E-02    0.575445789389109E-02
    0.162504556520858E+00    0.177150329756866E-01    0.195254017922287E-01    0.285349752430812E+00   -0.381598209274717E-01    0.360689141149087E-01
    0.128213884148467E+00    0.177549722469903E-01    0.192672921181693E-01    0.197954467447346E+00   -0.143449977774656E-01    0.125051157622677E-02
    0.146856569634367E+00    0.179687097011292E-01    0.507546885323075E-02    0.174099178740856E+00    0.369441815696445E-01    0.270836926915391E-01
    0.513293993820831E-01    0.179630985850599E-01    0.494878104052861E-01    0.200017458754970E+00    0.247341652543056E-01   -0.116124427232008E-02
    0.140749422940042E-01    0.179547382740418E-01    0.325872067410749E-02    0.171691348976557E+00   -0.235838582584953E-01   -0.216578387491580E-01
    0.112680126329658E+00    0.181123477289487E-01    0.420480128490811E-02    0.164688542490988E+00    0.397246904656255E-01    0.694753939878496E-01
    0.875754115719462E-01    0.181091268537852E-01    0.426779575547383E-01    0.259438849102316E+00    0.344501087741828E-01   -0.254179394675879E-01
    0.143891926408295E+00    0.181030959003403E-01    0.382469200670706E-01    0.212496184141621E+00   -0.773415024192261E-02    0.331836288275683E-01
    0.413501381943255E-01    0.180959808940936E-01    0.942418697696667E-02    0.151875175003728E+00   -0.337476298461573E-01   -0.671410763605314E-02
    0.188891083702007E+00    0.182060420724476E-01    0.266960510629861E-01    0.180805556984999E+00    0.145831415694131E-01   -0.157971019944969E-01
    0.855016040878361E-01    0.181648573662244E-01    0.457284524764806E-01    0.215699976627969E+00   -0.360992937871763E-01   -0.166783824244124E-01
    0.101545740790179E+00    0.182600392265102E-01    0.719233265973050E-02    0.215041735437484E+00   -0.268838589382396E-01    0.499100951475870E-02
    0.450049750157534E-01    0.183828553218844E-01    0.271460854805155E-01    0.189670048405394E+00    0.118824413209928E-01    0.801170396433927E-02
    0.108375133335493E+00    0.183965627025926E-01    0.389978307600396E-01    0.199233594314542E+00   -0.260513017277816E-01    0.351984764417325E-02
    0.518989473751693E-01    0.184511739216154E-01    0.981112472781796E-02    0.258987991115912E+00    0.237744542403678E-01   -0.235922775445650E-01
    0.142043443358014E+00    0.184252497361764E-01    0.340806038676669E-01    0.156885795311746E+00   -0.227373130299286E-01   -0.185585078687301E-01
    0.619207113370781E-01    0.184459012126154E-01    0.323559143852059E-02    0.214789460072543E+00   -0.192503415519995E-01   -0.399771202024959E-01
    0.108881796336432E+00    0.185990160674065E-01    0.478688206716088E-01    0.123907818814967E+00    0.377285382892980E-01    0.891698865370515E-02
    0.184462472364530E+00    0.185580088909150E-01    0.941699544058276E-02    0.205962470286801E+00   -0.581229581652979E-02    0.303476832665690E-01
    0.106019967717179E+00    0.186232336046540E-01    0.469250061626531E-01    0.162761005513487E+00    0.602681157737481E-01   -0.168274987688439E-02
    0.130954916917983E+00    0.185936516380341E-01    0.419143354977769E-01    0.193372632873270E+00   -0.186531846037841E-01   -0.648878522032215E-02
    0.172040922708208E+00    0.186869873771248E-01    0.305552606921105E-01    0.209450297212977E+00    0.495495069984433E-01    0.249744293817569E-01
    0.583309966599823E-01    0.186548408673112E-01    0.483880783940168E-01    0.180104454311850E+00   -0.104035598898328E-01    0.193992133651332E-01
    0.767167417589593E-01    0.187640533395751E-01    0.169087085500779E-01    0.166276742811839E+00    0.220030532312240E-01   -0.213917078588071E-01
    0.131938060380097E+00    0.187645599033219E-01    0.223618914035893E-01    0.227924215867412E+00    0.297783624297905E-02   -0.147364794226771E-01
    0.953664737590931E-01    0.187889047828650E-01    0.359396368445715E-02    0.205845809076146E+00    0.227237435144844E-01   -0.577271439844547E-01
    0.367129700028017E-01    0.188163918073806E-01    0.183045817951545E-01    0.229625944569181E+00    0.250802265396035E-01   -0.438755335323077E-01
    0.190429156232452E+00    0.188021658037989E-01    0.206041197654127E-01    0.143399258116235E+00   -0.123515995626848E-01   -0.221728831755230E-02
    0.273062686292557E-01    0.189030149480150E-01    0.240176788267960E-01    0.216592683840965E+00    0.828156778981261E-02    0.424919698206642E-01
    0.182604679032597E+00    0.189309949095171E-01    0.342623789794541E-01    0.188434427092299E+00   -0.860252509875570E-02   -0.802007925994363E-01
    0.183594074996401E+00    0.189900961935728E-01    0.635478926827355E-02    0.188725879962763E+00   -0.233200592515214E-01    0.157096648048974E-01
    0.272574934261538E-01    0.190510766660953E-01    0.412906528447447E-01    0.188820767251731E+00    0.359596308660744E-01    0.451737351501467E-02
    0.151981998897958E+00    0.190744299452030E-01    0.449703986170575E-01    0.230588864785257E+00    0.343559952461624E-02    0.808510441345087E-02
    0.955903394174572E-01    0.190970534036179E-01    0.381023508152067E-01    0.206305126754492E+00    0.160132510751690E-01   -0.265138617817900E-01
    0.322117221503776E-01    0.190571836280931E-01    0.442715400103495E-01    0.195655498158930E+00   -0.592302914900388E-01   -0.471745920642762E-01
    0.104894180496552E+00    0.191608623761919E-01    0.357630585408281E-01    0.250750639250953E+00    0.187543645090932E-01   -0.996455929237660E-02
    0.196429508671195E+00    0.192032647385229E-01    0.104136559919847E-01    0.232125712181824E+00   -0.130438522290527E-01   -0.384138348252379E-02
    0.198511043521784E+00    0.192754939028509E-01    0.280626707309319E-01    0.170039858580188E+00    0.321021348480171E-01    0.556739533194882E-01
    0.141954699478624E+00    0.194453376538857E-01    0.261986681574985E-01    0.238164856713252E+00    0.276823218919050E-02    0.290874557986577E-01
    0.911290595894143E-01    0.194700174991935E-01    0.172128125723552E-01    0.193328069907410E+00   -0.963871319687671E-02   -0.193898097630827E-01
    0.397651294074172E-01    0.194941824780696E-01    0.256573350105550E-01    0.219803007746863E+00    0.139922671256226E-01    0.975436723594981E-02
    0.127502668088053E+00    0.194958176150385E-01    0.497070435653228E-01    0.217787424316966E+00    0.884980756120967E-02   -0.382905221324833E-01
    0.200417486558746E+00    0.195002627384398E-01    0.451816714854368E-01    0.245081447919647E+00    0.303051958922815E-02    0.333121786964236E-01
    0.149171525458293E-01    0.195008305299122E-01    0.372843323739246E-01    0.201355903948938E+00   -0.282162175420946E-01   -0.532415557050349E-01
    0.171643095662147E+00    0.195242436890648E-01    0.242498480788213E-01    0.187505583613066E+00   -0.124109109071308E-01    0.246213510012888E-01
    0.258956441998553E-01    0.195532032476555E-01    0.360278069234784E-01    0.190245869624598E+00   -0.199280971875350E-01    0.115567506110576E-01
    0.141127784304020E+00    0.196472059985857E-01    0.228886915665315E-02    0.212813697526588E+00   -0.524435930834400E-01    0.294776658269340E-01
    0.110446272610088E+00    0.197804930187387E-01    0.222355239717948E-01    0.208864308863268E+00   -0.699233392334004E-03   -0.765184157246589E-02
    0.186917460336971E-01    0.198311285411420E-01    0.454486871347812E-02    0.202916317050366E+00    0.247016317548287E-01   -0.157635186195274E-01
    0.316009838096892E-01    0.198648437983276E-01    0.362799450734897E-01    0.214587823835681E+00    0.123193839846899E-01   -0.125890243331716E-01
    0.882518288214017E-01    0.199488737881264E-01    0.592613493247186E-02    0.147593877995045E+00    0.194675550475513E-01    0.421572103342478E-01
    0.195599305066141E+00    0.199817770628539E-01    0.379993909371717E-01    0.166611553431245E+00    0.399458892341078E-01    0.453816431405947E-01
    0.189344993843721E+00    0.199910335217877E-01    0.371386876800571E-01    0.194476093996328E+00    0.143773169353430E-01   -0.554625361628503E-02
    0.125089030062086E+00    0.199884517388793E-01    0.361076980111521E-01    0.244037599329909E+00   -0.189794816932383E-01   -0.168373851930224E-01
    0.181706044271890E+00    0.200255381139332E-01    0.136600633421889E-01    0.155040415824144E+00    0.157329215849725E-01   -0.776691742960610E-02
    0.154893073872621E+00    0.200180731514084E-01    0.127484970700052E-01    0.209055709819799E+00    0.756639028621855E-02    0.458411799112650E-01
    0.179027506198972E+00    0.200053553220762E-01    0.204775025606273E-02    0.154040230086444E+00   -0.709768687991689E-01    0.310779601516677E-01
    0.507090564012988E-01    0.201415272386162E-01    0.121402738589781E-01    0.185978477219462E+00    0.146422880428463E-01   -0.437903932602017E-01
    0.413243952554051E-01    0.202962456214306E-01    0.690293628250339E-02    0.246413101574303E+00    0.211753426902442E-01   -0.130572772075484E-01
    0.194641244029664E+00    0.203530100215223E-01    0.343895676445898E-01    0.193538870640875E+00    0.317303682161054E-01    0.105567266093176E-01
    0.699905385898757E-01    0.203512188438321E-01    0.269469818766591E-01    0.206601843258368E+00   -0.120567248501156E-01    0.376688543844901E-01
    0.189560857395136E+00    0.204563312402159E-01    0.152186756903599E-01    0.172692747078029E+00    0.291070988237075E-01   -0.237961802526363E-01
    0.596782461534082E-01    0.203902655639934E-01    0.294842772943346E-02    0.220683810891270E+00   -0.391814193462138E-01    0.190508427169965E-01
    0.129651159612023E+00    0.204753694527660E-01    0.129858234878034E-02    0.230874948566635E+00    0.165451587442639E-01   -0.255397565910598E-02
    0.113629390293414E+00    0.204749196337807E-01    0.115443390149338E-01    0.188293401475245E+00   -0.231563256854521E-02   -0.228798345957697E-01
    0.198313226159372E+00    0.205186751076101E-01    0.421505243215191E-02    0.187870085949827E+00    0.244797868727820E-01    0.115172816424469E-01
    0.179183975373887E+00    0.204622168012895E-01    0.185539506161206E-01    0.197765515842424E+00   -0.391216731910360E-01   -0.237470813326983E-01
    0.142573985017727E+00    0.204902581751938E-01    0.586096977107221E-04    0.200743853228062E+00   -0.268296842673238E-01   -0.406696790700289E-01
    0.722336878080611E-01    0.205729615322767E-01    0.436743658913872E-01    0.218109854600812E+00    0.206399711632917E-01   -0.195488042473371E-01
    0.622700823191800E-01    0.205693123426749E-01    0.294548476913593E-01    0.167746487583211E+00   -0.200653985185885E-02   -0.929232058331852E-02
    0.311901480714834E-01    0.206024046458040E-01    0.328191896467227E-01    0.227778774131645E+00   -0.213025321893363E-02    0.348470660212050E-01
    0.114425794047664E+00    0.206035358864775E-01    0.261784432077546E-01    0.245289265694113E+00   -0.438276581534857E-02    0.487688207719424E-01
    0.234621436876581E-01    0.206318147089200E-01    0.214966185871695E-01    0.232371602501297E+00    0.133638349324148E-01   -0.684417935370489E-04
    0.990635850826545E-01    0.206614486929611E-01    0.390566166579012E-01    0.203854926291843E+00    0.397931269885201E-01   -0.421780131980162E-01
    0.517122536610037E-01    0.206812570528041E-01    0.223255274791786E-01    0.240065684004193E+00    0.287289298191654E-01   -0.435486692247948E-01
    0.175383404317061E-01    0.206814898580748E-01    0.422667933074945E-01    0.226081564895794E+00   -0.664835998151238E-02   -0.208365421696524E-01
    0.737442877969480E-01    0.206928287225278E-01    0.457239608754732E-01    0.245996873416794E+00    0.392763020667750E-02    0.126543258991015E-02
    0.131757248560739E+00    0.206361549815118E-01    0.294425347650934E-01    0.180131062258507E+00   -0.620173819475360E-01    0.429047180361429E-02
    0.160501166093854E+00    0.207363889783701E-01    0.358284476205507E-02    0.168241848679459E+00   -0.304022593542099E-02    0.331679034997312E-01
    0.106633293378760E+00    0.207530477218480E-01    0.276680244790091E-01    0.213860763825858E+00   -0.430363457020461E-02    0.765494224220944E-02
    0.162999362150956E+00    0.207417281589339E-01    0.224983758746588E-01    0.237696055687625E+00   -0.305347739586989E-01    0.407345654129772E-01
    0.165284712004287E+00    0.207883302002077E-01    0.255218610918782E-01    0.229755095377901E+00   -0.230299545877132E-02    0.923969591618464E-02
    0.111504975977818E+00    0.208115118111791E-01    0.145493223360247E-01    0.224899775366847E+00    0.125652730853867E-01   -0.533230984406744E-03
    0.400623911526340E-01    0.207972808249476E-01    0.348324814427999E-01    0.178669053120036E+00   -0.169965944914655E-01   -0.460468559406924E-02
    0.151046950814867E+00    0.208827331424712E-01    0.423190870111515E-01    0.194433130107101E+00   -0.316605548694002E-01   -0.249660327260900E-01
    0.971786597697770E-01    0.208904159886469E-01    0.408414138197522E-01    0.229830931383851E+00   -0.359668308039253E-01    0.879769568890184E-02
    0.197438627955516E+00    0.209376811473179E-01    0.499934601416653E-01    0.222589295410816E+00    0.872804374150509E-02   -0.370440771658441E-01
    0.650811553927798E-01    0.209258229785031E-01    0.423232629980318E-01    0.228029233589445E+00   -0.946233058735434E-02   -0.108447049892463E-01
    0.166645216527556E-01    0.210770410839233E-01    0.314959383731263E-04    0.170624246488571E+00    0.946997727897677E-02   -0.526160470603356E-02
    0.133879178521481E+00    0.211632798692655E-01    0.242564722180564E-01    0.220220569345706E+00   -0.938534011930488E-02   -0.142787312883669E-01
    0.882822535164391E-02    0.212114272134332E-01    0.935430119537896E-02    0.197576409144808E+00   -0.280967567832452E-02    0.174609994249219E-01
    0.182172396823474E+00    0.213101765645118E-01    0.102216944257433E-01    0.202323433750336E+00   -0.209636224477637E-01   -0.199661302537503E-01
    0.141512332802132E+00    0.214437153134084E-01    0.633388235355850E-02    0.222635576387863E+00   -0.475243436325984E-02   -0.656587897619604E-01
    0.858295023151851E-01    0.214813155157713E-01    0.234969776726717E-01    0.122036324420011E+00    0.508946691614274E-02   -0.159723180012590E-01
    0.192673350009115E+00    0.214768273551571E-01    0.139452851544077E-01    0.184610563743240E+00   -0.153190138504132E-01   -0.436189786564588E-01
    0.152569783306102E+00    0.215467815162270E-01    0.353302940285339E-01    0.186233802450097E+00    0.463246395250988E-01    0.185772380948676E-01
    0.191316000732089E+00    0.216528582146757E-01    0.359442029764759E-01    0.217757175843608E+00    0.355031518898723E-01    0.567248357430632E-02
    0.348896120623446E-01    0.216379772221672E-01    0.492402476446796E-01    0.204082912038668E+00    0.164262504529422E-01    0.172825612172758E-01
    0.159206240617736E+00    0.216646964363475E-01    0.235001624048320E-02    0.137048420588295E+00    0.907628660610461E-02   -0.424757391584686E-01
    0.333466010801195E-01    0.216675617893241E-01    0.427356766095649E-01    0.125796767654931E+00   -0.728653811249119E-02    0.198208817049324E-01
    0.738970165477075E-01    0.216280562673842E-01    0.378871487183105E-01    0.196613865119506E+00   -0.479342492298516E-01    0.411624487620525E-01
    0.826489002581704E-01    0.217340499731340E-01    0.412108135738196E-01    0.215672258536090E+00    0.885239969605799E-02    0.512076929560747E-02
    0.849864256490033E-01    0.217256152582799E-01    0.232482979246787E-01    0.273821642725650E+00   -0.196838821878057E-01    0.137928465958056E-01
    0.143428778963780E+00    0.217514918909179E-01    0.172889478711486E-02    0.222502322249156E+00    0.416961840066215E-03    0.281962284163738E-01
    0.682386569510451E-01    0.218112630008728E-01    0.496983288583390E-01    0.266769094076332E+00    0.259991972527445E-01    0.108203654096959E-02
    0.144695478149242E+00    0.218038354294983E-01    0.207264962029142E-01    0.183670748820676E+00   -0.191175411873535E-01    0.327109097035041E-01
    0.195101621496335E+00    0.218437159384409E-01    0.431144108030022E-01    0.175813366137680E+00   -0.399084737316036E-01    0.237222337440474E-01
    0.156702534752105E+00    0.218684535379392E-01    0.235628552488930E-02    0.202358697922679E+00   -0.183651630725520E-01    0.415902833331315E-02
    0.116690829598068E+00    0.219000594113972E-01    0.118459192558205E-01    0.242956597010756E+00   -0.443039333821556E-01   -0.173222275418298E-01
    0.171516128148145E+00    0.219779670489247E-01    0.196961030002062E-01    0.236587399433157E+00    0.326928520713461E-02   -0.411229317043636E-01
    0.131353624692783E+00    0.220671199455752E-01    0.153770663108852E-01    0.232460712710614E+00    0.339787886335665E-01    0.204851058943820E-01
    0.102297787487526E+00    0.220451465463045E-01    0.311596937780052E-01    0.197532041353088E+00   -0.853603242188013E-03   -0.363857428200323E-01
    0.174576020200374E+00    0.220600719860968E-01    0.419861964318305E-01    0.187001486082191E+00   -0.110119922320282E-01   -0.179328904563437E-02
    0.777716413236169E-02    0.220737906262018E-01    0.353150062705716E-01    0.254046274534034E+00   -0.449017562581361E-01    0.509630349115872E-02
    0.884534719269574E-01    0.221661533751111E-01    0.301385141771451E-01    0.208331372417870E+00   -0.187001339760815E-01    0.166594912623745E-01
    0.219886026827746E-01    0.221886450916549E-01    0.209083379796895E-01    0.196530321219466E+00   -0.186525543019292E-01   -0.568561354759937E-02
    0.740807777123622E-01    0.221916832871935E-01    0.122189057696047E-01    0.238294719147131E+00   -0.219211401022092E-01   -0.154554892470577E-01
    0.157319367229489E+00    0.223439522799771E-01    0.290043750924802E-01    0.217828016976048E+00    0.167770476161157E-01   -0.228177806163817E-01
    0.788504754337039E-01    0.223456651864679E-01    0.232834757519664E-01    0.217440658235953E+00   -0.156707432876802E-01    0.338938031181617E-01
    0.363181227730560E-01    0.224411985195457E-01    0.303628021629098E-01    0.246594434272637E+00   -0.338239283518500E-01   -0.163272408731120E-01
    0.603198828025507E-01    0.225352576759023E-01    0.351247857442451E-01    0.182988500177156E+00    0.329673701057199E-01    0.207914070009428E-01
    0.192313195892946E+00    0.225422171872145E-01    0.530921946822368E-02    0.239868592949359E+00    0.350189502674326E-02    0.168397932061153E-01
    0.110931287131805E+00    0.225879815129650E-01    0.130180238658345E-01    0.221606645877498E+00    0.116608467285988E-01    0.872658583261991E-02
    0.633257848099786E-01    0.225746775749793E-01    0.287340594605145E-01    0.228070698374498E+00   -0.347460775598519E-02   -0.237038488460120E-01
    0.146415105615269E+00    0.225339056746154E-01    0.447301746324271E-01    0.194902846830461E+00   -0.517541775332197E-01   -0.192551394945285E-02
    0.136848852718673E-01    0.226337843348606E-01    0.585620642777317E-02    0.195241764869821E+00    0.328953728729669E-01    0.775453160733646E-02
    0.138904149930222E+00    0.226650526130057E-01    0.158817575519461E-02    0.187378362151798E+00   -0.214417351539421E-02    0.116788407627027E-01
    0.157254609306232E+00    0.227555306538340E-01    0.369449694019888E-02    0.213677517750991E+00    0.274807229579009E-01    0.178000396775176E-01
    0.137180813655246E+00    0.227015540920759E-01    0.438402834811273E-01    0.189804514142254E+00   -0.282004713182596E-01    0.415592575120372E-01
    0.194480488758590E+00    0.227315594700510E-01    0.103892550027058E-01    0.173559252337538E+00   -0.544705704848036E-01   -0.124182962972736E-01
    0.142034544457358E-01    0.228423156763547E-01    0.265082791643583E-02    0.189603079395344E+00   -0.122655762877018E-01   -0.100537149091097E-01
    0.134675681001827E+00    0.229093641296603E-01    0.460934986031267E-01    0.199574963783431E+00   -0.925920130194413E-02   -0.514801423862206E-01
    0.595591119220660E-01    0.229347795525931E-01    0.173567449555298E-01    0.200950279020796E+00    0.274871300857826E-02    0.236676397829901E-01
    0.144951590925861E+00    0.229211503245185E-01    0.245950850632314E-01    0.199971059486005E+00   -0.156273064418531E-01    0.293372229742530E-02
    0.522248180554492E-01    0.230171862890574E-01    0.847931799359714E-02    0.174188603963251E+00    0.642415103025400E-01    0.238488562956388E-01
    0.347072053488200E-01    0.229976677315347E-01    0.156544398407763E-01    0.224151556880808E+00    0.206761382221675E-01    0.163559381099981E-01
    0.354809032562664E-01    0.229948784708235E-01    0.223302228554231E-01    0.214491775859120E+00    0.144311701844177E-01   -0.206631599838984E-01
    0.863511437373752E-01    0.230180505242241E-01    0.106275099998703E-01    0.222451454134419E+00    0.375403704732825E-01   -0.989439242431623E-02
    0.113175795242331E+00    0.229709627493101E-01    0.436236225533459E-01    0.142432758649668E+00   -0.248835870176464E-01    0.234607686158818E-01
    0.895791773657724E-01    0.230492684853787E-01    0.181213574321409E-01    0.197676029466219E+00    0.430369348603405E-01    0.877482122553042E-02
    0.131054251499922E+00    0.230101865986748E-01    0.212932352746021E-01    0.271480095684987E+00   -0.650284614142873E-01   -0.194121674038934E-01
    0.168335833737721E+00    0.231491033279100E-01    0.248640298716638E-01    0.215375656121432E+00    0.517721785374583E-01   -0.541526946890387E-01
    0.106623826422520E-01    0.231145312034733E-01    0.215569146666960E-01    0.219529764255069E+00    0.105054911961073E-02    0.153914878625881E-01
    0.694296587959315E-01    0.232064952143522E-01    0.901531912197071E-02    0.199006940935738E+00    0.669553432136743E-01    0.167319096105259E-01
    0.138482816150703E+00    0.231701116444544E-01    0.388845874039605E-01    0.231033183491191E+00    0.166051945275923E-01   -0.200498519320352E-01
    0.136073847181798E+00    0.232184229515150E-01    0.154084771588596E-01    0.154470643698770E+00    0.406177197337018E-01   -0.218121498934447E-02
    0.197586703416212E+00    0.232697467290812E-01    0.370325690582195E-02    0.161424936601121E+00    0.490224172116144E-01    0.265864740723900E-01
    0.187743102930130E+00    0.231864880029289E-01    0.300034820237212E-01    0.220126974132266E+00   -0.713416565879560E-01    0.360795264799523E-01
    0.191140384654484E+00    0.232695376410366E-01    0.101627234792194E-01    0.236978921816800E+00   -0.234085877146698E-01    0.234980919666748E-01
    0.122027074366157E+00    0.233329438647586E-01    0.163976314181171E-01    0.216001874011390E+00    0.240876959545649E-01    0.394756937956406E-01
    0.167356077148231E+00    0.233248834312517E-01    0.398460861661346E-01    0.208601773190167E+00   -0.310088559571596E-01   -0.330309683573367E-02
    0.293282512076567E-01    0.233760155403349E-01    0.413941629254590E-01    0.218156904888404E+00   -0.240474452176969E-02   -0.965772900424735E-02
    0.164266472004592E+00    0.233779808100038E-01    0.323404602741531E-01    0.168033549386262E+00   -0.491428826828551E-01   -0.381501294596799E-01
    0.187933322424332E+00    0.234335330919810E-01    0.263025325774918E-02    0.183381976981622E+00   -0.234891871823052E-01   -0.897588950531937E-02
    0.291860986796770E-02    0.235042066190776E-01    0.280998635013332E-01    0.182840455954917E+00   -0.126237953180415E-02    0.927882421031617E-03
    0.168876660760533E+00    0.235619972307010E-01    0.609221054356897E-03    0.230808566622226E+00    0.255645883471070E-01   -0.290284824302734E-01
    0.174020782877092E+00    0.235547144558801E-01    0.167038880565901E-01    0.259207309412389E+00   -0.268899137896814E-01    0.405613998312503E-02
    0.197044065073572E+00    0.236822835277588E-01    0.904503209359052E-03    0.241979480244227E+00    0.350905528874204E-01   -0.965456256306833E-02
    0.169615992482974E+00    0.236877086467151E-01    0.357753420107730E-01    0.142963999790143E+00    0.313750117813938E-01   -0.917225602842609E-01
    0.178914668039201E+00    0.236195702830600E-01    0.327260800429014E-02    0.181869664758738E+00   -0.435035635766563E-01   -0.367709821206663E-01
    0.118238511007234E+00    0.236997974163794E-01    0.123287669041885E-01    0.236964225294161E+00   -0.170685693215132E-01    0.383794606095481E-02
    0.105914041155194E+00    0.237286077600995E-01    0.328597269965747E-01    0.205928791173534E+00   -0.584966861151010E-02   -0.222918424324350E-02
    0.326362313172393E-01    0.237648448100121E-01    0.517264139559950E-02    0.120859668893167E+00    0.169623824075556E-01   -0.908252648127647E-02
    0.173567997935070E+00    0.237771826056101E-01    0.163166716684862E-01    0.218829185754889E+00    0.292441318209095E-01   -0.262503756858745E-01
    0.651736950605416E-01    0.237507235623269E-01    0.496046173482333E-01    0.165677561937731E+00   -0.266580150246862E-02   -0.359285484492002E-01
    0.791843514827400E-01    0.237968238852684E-01    0.336772827631252E-01    0.174727162908895E+00    0.352376743129498E-01    0.993943166218260E-02
    0.353406539403449E-01    0.238739560808663E-01    0.836701696769597E-02    0.252264083997884E+00    0.685004432419144E-01   -0.134020509333821E-01
    0.150548750576351E+00    0.238495979979679E-01    0.476434778584168E-01    0.207753259948836E+00   -0.203735496360373E-01   -0.220185000712482E-01
    0.649238417251796E-01    0.239130841870321E-01    0.985916007918083E-02    0.182553896462018E+00   -0.444349504124794E-01   -0.357857642481738E-02
    0.108877807396324E+00    0.239500647573618E-01    0.342744993268035E-01    0.194347977040790E+00   -0.153698509827357E-01   -0.244656216707435E-01
    0.126353122349768E+00    0.239707857662553E-01    0.424507719984483E-02    0.214306012838794E+00   -0.328777773542868E-02    0.314279611500131E-01
    0.154957136190778E+00    0.239917446989175E-01    0.108093712066258E-02    0.169948520136296E+00    0.167575397488221E-01   -0.110131975484816E-01
    0.806131068059855E-01    0.239269670842059E-01    0.993674731607723E-02    0.221986934098077E+00   -0.500483582725991E-01   -0.140992387478684E-01
    0.176690273469913E+00    0.240267984577075E-01    0.163103312296297E-01    0.218260357154519E+00    0.930722873211213E-03    0.196129533492058E-01
    0.190500295883792E+00    0.240424779871731E-01    0.354854123540142E-01    0.207680254145393E+00    0.255226630347757E-02    0.146605297760559E-01
    0.186923025992008E-01    0.241260382598467E-01    0.288869199424772E-01    0.147941502038892E+00    0.435769037027718E-01    0.288112317971772E-01
    0.553217103039507E-01    0.240928245836304E-01    0.131649088997132E-01    0.234302638627988E+00   -0.730255799517858E-02    0.250989066580595E-01
    0.946382225239503E-02    0.241626695149401E-01    0.188016275995239E-01    0.222490209717320E+00   -0.159955764059711E-01   -0.332745469181640E-02
    0.610504842098671E-02    0.242275023152074E-01    0.454075889945518E-01    0.192046326656004E+00    0.430784100575120E-01    0.503222677550025E-01
    0.542057620392277E-01    0.242512663241789E-01    0.253362834565860E-01    0.160310383752923E+00    0.196553827865623E-01   -0.301456371837008E-01
    0.163120090567109E+00    0.243049805651283E-01    0.594524779230544E-02    0.218687592473202E+00    0.282875293752803E-01    0.492827846899193E-02
    0.149177901241423E+00    0.243302463851151E-01    0.275764044470986E-01    0.248886842743601E+00   -0.112421639529083E-01   -0.339050238031378E-01
    0.139265382524297E-01    0.243157291565924E-01    0.896311479334793E-02    0.191715152694678E+00   -0.463794849609060E-01    0.218431296527112E-01
    0.297042559516932E-01    0.243736301031364E-01    0.446266212696234E-01    0.152384074459195E+00    0.917456136812901E-02   -0.360154472328540E-01
    0.130870177822477E+00    0.243740206393186E-01    0.124675967341606E-01    0.201299933554019E+00   -0.399452778877001E-01    0.546626213318706E-02
    0.921068138932318E-01    0.243989510413098E-01    0.297307294359034E-01    0.262605364942263E+00   -0.412207354953506E-01    0.266210352517499E-01
    0.145874994475825E+00    0.244997744115879E-01    0.385435215982987E-01    0.187420846389776E+00    0.369468352769656E-01    0.134220602093549E-01
    0.150202267788645E+00    0.245601895691293E-01    0.306860392044560E-02    0.220908383887526E+00    0.406011954605658E-04    0.285028042130127E-01
    0.920191605936564E-01    0.245891173048315E-01    0.339535157710584E-01    0.160208439542552E+00    0.142346281937296E-01    0.245761910305877E-02
    0.506980929829163E-01    0.246062885297592E-01    0.233665920451373E-01    0.244823459571411E+00    0.304353488269048E-01    0.148091852296117E-03
    0.349369719734415E-01    0.246302113846580E-01    0.193858946307861E-02    0.204013813852970E+00    0.477915223745670E-01   -0.267697756077033E-01
    0.745072876261972E-01    0.246419465893835E-01    0.203804286041161E-01    0.263156605635851E+00    0.357769919431863E-01   -0.273815204894723E-01
    0.136990238880592E+00    0.246389784091747E-01    0.469825070867807E-01    0.191960302262062E+00   -0.223238865876379E-01   -0.164463299221024E-01
    0.708980450421996E-01    0.247159072691567E-01    0.214420721531467E-01    0.215103954235391E+00    0.146637573435819E-01    0.247955904045240E-01
    0.789751156754070E-01    0.246903532333760E-01    0.742568073132556E-02    0.177386357490380E+00   -0.168677972021237E-01   -0.134815858027044E-01
    0.166164757869512E+00    0.247268462034334E-01    0.169902471004445E-01    0.170266177554721E+00    0.123966020097122E-01   -0.365839546071128E-01
    0.106153718491382E+00    0.247768709989332E-01    0.110904773088232E-01    0.210060592142092E+00    0.395246974982052E-02    0.306246940785971E-01
    0.169991654798936E+00    0.247856412211106E-01    0.314224526063221E-02    0.194614500049214E+00   -0.221508623230116E-01    0.148965125868269E-01
    0.332725824587576E-01    0.248910302556268E-01    0.171771649280389E-01    0.242453010825415E+00   -0.374360037499957E-01    0.139848157724074E-02
    0.865688903057117E-01    0.249485433021407E-01    0.258209094830606E-01    0.175342694795232E+00   -0.121681674046609E-01   -0.130232798041708E-01
    0.151646848374223E+00    0.250183158277327E-01    0.321838338801432E-01    0.150106703293389E+00    0.159661791510595E-02    0.310640984107412E-01
    0.132859714937196E+00    0.250522146116854E-01    0.378941331119613E-01    0.207549780167073E+00   -0.562307134714901E-02   -0.244126662342460E-01
    0.142319133449368E-01    0.251069414170848E-01    0.262872421416143E-01    0.171115631574570E+00   -0.252666272880759E-01    0.255273065643884E-01
    0.150993898397089E+00    0.251076875077255E-01    0.829998721169010E-02    0.214928931020947E+00   -0.271067207943755E-01   -0.279823356867413E-01
    0.124919474729151E+00    0.251408426555839E-01    0.402758601540682E-01    0.197416518716410E+00   -0.202267668468496E-01   -0.427814995224058E-01
    0.139534873623171E+00    0.251566218545724E-01    0.277901229684336E-01    0.263622862468302E+00   -0.317757750765788E-01    0.474169700320557E-02
    0.685826771918602E-01    0.252091882591312E-01    0.103091099068061E-01    0.180518245204562E+00    0.144086636370916E-01   -0.145886978045500E-01
    0.200594714874570E-01    0.252299284129811E-01    0.865064155743255E-02    0.198817343748367E+00   -0.315567430835759E-01   -0.176978227973933E-01
    0.609446531875480E-01    0.252908526412332E-01    0.167157473979362E-01    0.248397306113580E+00    0.216202519982266E-01   -0.297319478989768E-01
    0.110601667832649E+00    0.253572102911654E-01    0.422688696953965E-01    0.217161787452861E+00    0.325377353470009E-01   -0.613096429656232E-01
    0.178028318489800E+00    0.253277412280078E-01    0.381001012435570E-01    0.233235509650469E+00   -0.359855355810663E-02    0.132828641936225E-01
    0.656511817121773E-02    0.253601137478772E-01    0.317271901265322E-01    0.224583350400565E+00   -0.136386974357026E-02    0.197120742187345E-01
    0.732042300552797E-01    0.253497351312562E-01    0.459807384683685E-01    0.195697799364009E+00   -0.230794153812252E-01   -0.144701352447993E-01
    0.181796737613553E+00    0.254001704766886E-01    0.314750477939297E-01    0.230547844036640E+00   -0.114862793537484E-01   -0.470673640036618E-01
    0.130670489697290E+00    0.254982044949443E-01    0.285630215597345E-01    0.223624449570516E+00    0.477804249090788E-01   -0.844053561254360E-01
    0.702239176915091E-01    0.254651845601103E-01    0.353871664200993E-01    0.257720296030632E+00   -0.632082836922847E-03   -0.131966897086715E-01
    0.190249494012297E+00    0.255165304678643E-01    0.442917556082663E-02    0.215697107740729E+00   -0.609767477684937E-02   -0.309300882315578E-01
    0.103429691833123E+00    0.255671690266035E-01    0.116294117794945E-01    0.150900089674488E+00   -0.143765812852033E-01    0.150821205574695E-01
    0.706628895063804E-01    0.256420461085512E-01    0.147820843772622E-01    0.235541917780416E+00    0.189571331142133E-01    0.113216083363408E-01
    0.110933979796495E+00    0.256654715850907E-01    0.151398289469434E-01    0.160030362024662E+00   -0.925602761012717E-02    0.628940762099911E-02
    0.111288908012521E+00    0.256668197401574E-01    0.338558487089687E-01    0.165734190791339E+00   -0.102209152853167E-01    0.437779278281962E-01
    0.195488896255441E+00    0.258370930565770E-01    0.479065670055322E-02    0.224905175861925E+00    0.354738295256193E-01    0.317648789207729E-01
    0.180120969132328E+00    0.258545733496075E-01    0.399989441850446E-01    0.227874682514825E+00    0.431636376189829E-01    0.172574072218310E-02
    0.105637916505358E-01    0.258809520029796E-01    0.355178856356286E-01    0.180929716860276E+00    0.692698321123089E-01    0.127439215983424E-01
    0.119109203416441E+00    0.258366415653122E-01    0.436827634748223E-01    0.216396953299351E+00   -0.117385159552941E-01   -0.384530394658796E-01
    0.148256660006778E+00    0.258628394391931E-01    0.121633838892006E-01    0.211865778675245E+00   -0.570430545860185E-01    0.499523965612149E-01
    0.200034536929565E+00    0.259459908464209E-01    0.186412140985102E-02    0.199642494940821E+00    0.893129073217524E-02    0.208948278015650E-02
    0.172032260141246E+00    0.260437018505201E-01    0.579833338993592E-02    0.192720489173467E+00    0.467795408145756E-02   -0.157777050016522E-01
    0.168821425052355E-01    0.262862048847212E-01    0.336543972524855E-01    0.222955413463291E+00   -0.163781326061237E-01   -0.285461625393520E-01
    0.873492621178504E-01    0.262982732530192E-01    0.160863814975240E-01    0.190832058662281E+00   -0.121383084068429E-01   -0.361169855003889E-02
    0.185686926008748E+00    0.263558233564551E-01    0.467678935667071E-01    0.257532358597816E+00   -0.595186913325781E-02    0.276382487052901E-01
    0.709192897206313E-01    0.263892023850069E-01    0.337437320884739E-01    0.261035622829891E+00   -0.409659248155107E-01    0.336313428885711E-01
    0.128630084719488E+00    0.264444743462772E-01    0.353395612502244E-01    0.219337798303771E+00    0.111093536989860E-01    0.104917451384480E-01
    0.469306884952615E-01    0.263854879318943E-01    0.465834178362303E-01    0.209611998914545E+00   -0.796854688703081E-01   -0.221340919974356E-01
    0.645912424911795E-01    0.265096485147278E-01    0.104849277399637E-01    0.219412890284098E+00    0.247804169269711E-01   -0.602479859262012E-01
    0.655790550563744E-01    0.265728998480492E-01    0.125232099042022E-01    0.239979236287094E+00    0.282046565554993E-01   -0.590527902857027E-02
    0.198739167039850E+00    0.265228951638300E-01    0.417361107542789E-01    0.201196837067354E+00   -0.270570640562237E-01   -0.132654512801989E-01
    0.909488438136261E-01    0.265902061564437E-01    0.313067829672990E-01    0.168653464502177E+00   -0.264035857634799E-01    0.171352276089876E-01
    0.130080714094275E-01    0.266720878173683E-01    0.732410500241430E-02    0.193136328101637E+00    0.488166026382229E-01    0.259907801345464E-01
    0.111115222682793E+00    0.266864930909212E-01    0.309143861589260E-01    0.245118789879792E+00    0.256152382407113E-01    0.212774933077885E-01
    0.690337054323028E-01    0.267221022160805E-01    0.349782236865960E-01    0.227517119269808E+00    0.835646305782010E-02    0.513185793914763E-02
    0.149714298090795E+00    0.267467549650742E-01    0.291103261116586E-01    0.203366861331390E+00   -0.842399208566224E-02    0.356236276575756E-01
    0.400985488540722E-01    0.268242632266430E-01    0.355762243943658E-01    0.214862180458771E+00    0.510446732270488E-01   -0.813230410061744E-02
    0.170876646880799E+00    0.267727482264637E-01    0.586017160243008E-03    0.252273335176259E+00   -0.441592505965104E-01    0.367754064606455E-01
    0.864212170558795E-01    0.268009301486703E-01    0.122419120392748E-01    0.200087070020332E+00   -0.177191943251261E-01    0.114242400197336E-02
    0.151536852750769E+00    0.269109443615600E-01    0.422880684085174E-01    0.277988675170138E+00    0.201196169064954E-01    0.226386084465762E-01
    0.733583867294784E-01    0.269116568697942E-01    0.368082980901489E-01    0.180776227225945E+00    0.103427952128288E-01   -0.163280489277990E-01
    0.142548676061543E+00    0.270060085932741E-01    0.205580233240089E-01    0.241556037579993E+00    0.183633969063450E-01   -0.386105364411974E-01
    0.186509254219413E-02    0.270013803172774E-01    0.109570698130828E-01    0.189417305435358E+00   -0.540764516079329E-02    0.273785370209859E-01
    0.181239621390361E+00    0.270386852447840E-01    0.483186551647406E-01    0.184650974295603E+00    0.212433990903762E-01   -0.249322308738249E-01
    0.114453169875881E+00    0.270876024736486E-01    0.463378563641579E-01    0.171916215963148E+00   -0.568577429554569E-02    0.276225327600810E-01
    0.179912287871458E+00    0.271316920541117E-01    0.476858790471017E-01    0.208477405174486E+00    0.238091937137910E-01   -0.185824587388007E-01
    0.668111740821137E-01    0.271626700483580E-01    0.293625234234033E-01    0.202747150577939E+00   -0.335226466068930E-01    0.154163329948856E-01
    0.717986317428377E-01    0.274218656743521E-01    0.223845762816326E-01    0.214582818751199E+00   -0.366377323355030E-01    0.122250864802397E-01
    0.135418960248041E-01    0.275026904343633E-01    0.951184522811848E-02    0.260021624997587E+00    0.153159473016997E-01    0.128513025131285E-01
    0.889648889393372E-02    0.275551886542621E-01    0.784621365280689E-02    0.194093325604486E+00    0.328333241526751E-01    0.317180674728015E-01
    0.289309486088544E-01    0.275539674524299E-01    0.151735898662646E-01    0.219881055604344E+00   -0.625616587560631E-02   -0.450823657925137E-01
    0.198349079827829E+00    0.275416840471825E-01    0.486622310541135E-02    0.195201063882979E+00   -0.402637502558636E-01    0.519756610725755E-01
    0.128814592009339E+00    0.276367156761777E-01    0.173519363014246E-01    0.178435453050504E+00    0.252877407382466E-01   -0.249022658210797E-01
    0.104973619944176E+00    0.276097852353540E-01    0.141413695237546E-01    0.176697870245626E+00   -0.862614966461337E-02   -0.203612960960537E-01
    0.341063350781315E-01    0.276656279745149E-01    0.953537220096880E-02    0.209919699263769E+00    0.149379522089745E-01    0.523103384293369E-01
    0.930835256990575E-02    0.277654683117490E-01    0.156877840723235E-01    0.209414362723927E+00    0.318144091651061E-01   -0.209710892177348E-01
    0.147415403930107E+00    0.277844193141856E-01    0.201968089091749E-01    0.227702799843419E+00    0.489046656743381E-01    0.483544945966212E-01
    0.594865182304820E-01    0.277479081680274E-01    0.224245629561983E-01    0.221607731796367E+00    0.111719831820532E-01    0.181908548918383E-01
    0.780316273227241E-01    0.278513625096649E-01    0.277336539163486E-01    0.157708207420955E+00    0.283532186051961E-01   -0.240057533019197E-01
    0.639466614457097E-01    0.279597132450262E-01    0.471989765797343E-01    0.188489090673736E+00    0.130329698161018E-01    0.981344368783687E-02
    0.141365292407502E+00    0.279872584098219E-01    0.735586732259940E-03    0.186399096058227E+00    0.343874950439713E-01   -0.257004500793821E-01
    0.157741066898046E+00    0.279461985949911E-01    0.325933474762168E-01    0.263151180941634E+00   -0.242811041505471E-01    0.309337860049429E-02
    0.105884197432911E-01    0.279655445951248E-01    0.328455951694042E-01    0.169154785162844E+00   -0.979958483323341E-02    0.198284057239873E-01
    0.897228689993354E-01    0.279544511167771E-01    0.709268737640355E-02    0.207929676776495E+00   -0.380558276890947E-01   -0.203623526947387E-01
    0.769212241720986E-01    0.279964880658220E-01    0.170888504441133E-01    0.228233711487525E+00    0.179160604186129E-02    0.518855728008400E-01
    0.198702071074602E-01    0.281247489055685E-01    0.206710431649925E-01    0.296452634798091E+00    0.122176471283157E-01   -0.172758619526070E-01
    0.894801098001186E-01    0.280821143808653E-01    0.173575576285889E-01    0.166266581834684E+00   -0.416812917910392E-01    0.256432764187450E-02
    0.184673156854210E+00    0.281174373231130E-01    0.369515088668543E-02    0.210556931230103E+00   -0.112907564632616E-01    0.262203225601513E-01
    0.152980692027864E+00    0.281133018747944E-01    0.119008046357356E-01    0.184824242438027E+00   -0.297784781727955E-01   -0.283696760479421E-01
    0.403518165701809E-01    0.282112082411591E-01    0.229739415905870E-01    0.160072915102894E+00    0.551452876041890E-01   -0.173339691105822E-02
    0.171254252172053E-01    0.281475385512930E-01    0.346837788009166E-01    0.187655331199283E+00   -0.112716347353260E-01   -0.151301431739604E-01
    0.181360640635084E+00    0.282010519346590E-01    0.158059296333807E-01    0.252484415041537E+00    0.198017893305161E-01   -0.165496642579487E-01
    0.163066359059240E+00    0.282343838727669E-01    0.152943396043259E-01    0.201308092479762E+00    0.396821577789234E-01   -0.404777129371399E-01
    0.188704139050717E+00    0.281845360637709E-01    0.131854402618560E-01    0.226460495599934E+00   -0.398586607057199E-01    0.109212619051171E-01
    0.166944157559828E-01    0.282143110778141E-01    0.309175179731431E-01    0.215793356010901E+00   -0.141510435122382E-01    0.600205627040769E-02
    0.426443690959382E-01    0.283133727083444E-01    0.263737450382953E-01    0.142839139574037E+00    0.452717834614239E-01    0.187883486389370E-01
    0.186266605881883E-01    0.282962968709144E-01    0.289928444573500E-02    0.219355225984564E+00    0.117685236509174E-01    0.407423502772608E-01
    0.119850028555965E+00    0.282824388354129E-01    0.354043743758951E-01    0.212641304357239E+00   -0.355211703942293E-01    0.104026676185197E-01
    0.183941409942414E+00    0.284791930002652E-01    0.189560680787645E-01    0.235102866261796E+00    0.247221985813091E-01    0.921114390542580E-02
    0.983013691829197E-01    0.284581133828204E-01    0.381659059303812E-01    0.209770627622229E+00   -0.460514256020149E-02   -0.703589727732405E-01
    0.743529155492748E-01    0.284843393880699E-01    0.127044394100037E-01    0.193846097491897E+00   -0.350625055991671E-01    0.477626217750690E-02
    0.519955700716906E-01    0.285154499174568E-01    0.149551711924124E-03    0.187972475403706E+00   -0.888237660140520E-02    0.120790903255619E-01
    0.130913711617037E+00    0.286234705641332E-01    0.286196192985323E-03    0.230792389501066E+00    0.576812312205187E-02    0.848773609795488E-02
    0.213935736143839E-02    0.286387870179465E-01    0.371435827935677E-03    0.186468106686887E+00   -0.150544618231001E-01   -0.406894767695414E-01
    0.131728691130117E-01    0.286438576242587E-01    0.496260338618521E-02    0.187193117373068E+00   -0.138293861962256E-01   -0.121461377080922E-01
    0.190616759184230E+00    0.286672549824754E-01    0.222788828580608E-01    0.275499904513880E+00    0.383748135104645E-03   -0.169818270529011E-01
    0.481777693307415E-01    0.286999794219947E-01    0.352890771216413E-01    0.230273396081505E+00    0.306362277954674E-01    0.272535965409104E-01
    0.250170860818668E-01    0.286560618420266E-01    0.406781075177204E-01    0.209448220031100E+00   -0.154212082016190E-01   -0.205025081675814E-01
    0.680302926307896E-02    0.287291479674219E-01    0.470594384705766E-01    0.147127002708756E+00    0.161357842963108E-01    0.107601236128901E-01
    0.769959475641576E-01    0.287316134822462E-01    0.372709827631562E-01    0.189465917155537E+00    0.128736695339256E-01    0.117643462631835E-01
    0.105339263204454E+00    0.287184269148727E-01    0.243408505044049E-01    0.200623926917158E+00   -0.276290847584164E-01   -0.179938163850900E-02
    0.862576199775940E-01    0.287993537889930E-01    0.704216520051314E-02    0.208655479985199E+00    0.131513411172447E-01   -0.414791465533983E-01
    0.529749923131090E-01    0.288194704732018E-01    0.388577607618804E-01    0.262901598370357E+00    0.299767168653985E-01   -0.416966353925093E-01
    0.906379438020141E-01    0.288555445773275E-01    0.408835551870406E-01    0.179954427900842E+00    0.512360551981924E-02    0.114340795887133E-01
    0.186973235391954E+00    0.289051124657814E-01    0.338230114952372E-01    0.202476869387859E+00    0.530800176576920E-02   -0.180241035032865E-01
    0.189379003007548E+00    0.289163672845907E-01    0.303579656314581E-01    0.250555131091180E+00   -0.519312346963446E-02   -0.144476781504734E-01
    0.196041659845757E+00    0.289472884963081E-01    0.431670363126739E-01    0.211864303088216E+00    0.206242046329677E-01   -0.676139460454373E-02
    0.252394269959745E-01    0.289378619865133E-01    0.139981124198576E-01    0.193677458296931E+00   -0.360889540753452E-01   -0.108530060662189E-01
    0.569581246592008E-01    0.290168230451144E-01    0.115434148854247E-01    0.238900347999728E+00   -0.969649051095351E-02    0.158864071752772E-01
    0.871819083616345E-01    0.290158817835789E-01    0.478392367865284E-02    0.186647558026207E+00   -0.143435608878224E-01    0.311383446126559E-01
    0.112087229158285E+00    0.290512093850916E-01    0.789386063428414E-02    0.249004170999761E+00    0.940971350004672E-02    0.142248181457332E-01
    0.173923876418604E+00    0.290281244724050E-01    0.772942419029829E-02    0.243025911826501E+00   -0.187772847192553E-01    0.118774307079661E-01
    0.184455715266558E+00    0.290424762472287E-01    0.264746095560212E-01    0.228246751913935E+00   -0.178912663620917E-01    0.241488220000394E-01
    0.599551437321872E-01    0.291455872692968E-01    0.279576929635556E-01    0.200843808144169E+00    0.458574001031311E-01    0.200135329431751E-01
    0.177847521606012E+00    0.291442273015129E-01    0.109190259405605E-02    0.195627286972126E+00   -0.560869971203395E-02   -0.507106063071592E-02
    0.772467778123932E-01    0.291984575199941E-01    0.232861181701202E-01    0.180549210667286E+00   -0.329075862535565E-01   -0.541814254863245E-01
    0.159024083195655E-02    0.292623343117871E-01    0.322090593164673E-03    0.281440548497942E+00    0.923663903506107E-02   -0.736558161587910E-01
    0.121747934004292E-01    0.292150663153444E-01    0.364508772253863E-01    0.184785606096731E+00   -0.409174486832700E-01    0.112037478750704E-02
    0.503232942639261E-01    0.293172161992841E-01    0.170386955440215E-01    0.203459937007914E+00    0.101445219035142E-01   -0.174905660638584E-01
    0.100441801468309E+00    0.293682363366900E-01    0.349353220072076E-01    0.206795503534627E+00    0.252919823945407E-01    0.338981774918506E-01
    0.162713127633971E+00    0.293883533125453E-01    0.420170805853168E-01    0.197050893482938E+00    0.278567158348731E-01   -0.308084466924078E-01
    0.102795550621423E+00    0.294312808794527E-01    0.353464902528104E-01    0.240394374534672E+00    0.634913575293440E-02   -0.748243161622240E-02
    0.113776921340182E+00    0.295132481908487E-01    0.442725887072691E-01    0.182525350511283E+00    0.408249434979606E-01    0.365293153785144E-01
    0.150622126027466E+00    0.294813353740077E-01    0.313256332514248E-01    0.286984868915649E+00   -0.882393267546412E-02   -0.167787789772061E-01
    0.699499192907324E-01    0.295237552398738E-01    0.107186390322554E-01    0.216918260697946E+00    0.180500318761282E-01   -0.160700592099215E-01
    0.176501152847479E+00    0.295806785382571E-01    0.319813598343219E-01    0.195275545259067E+00    0.235388567256310E-01   -0.573479463414795E-01
    0.615249440027676E-01    0.296127318428682E-01    0.474227551305339E-01    0.222702365732693E+00    0.344852503887379E-01    0.148534155401848E-01
    0.538987925940525E-01    0.296053877863042E-01    0.189902953192606E-01    0.157470259413264E+00    0.126214439481044E-01   -0.138237706871836E-01
    0.163919808210773E+00    0.296876807892091E-01    0.231679959222239E-01    0.211829792439699E+00   -0.521218559977534E-02   -0.305787472986499E-01
    0.180719211840412E+00    0.297112009549651E-01    0.173284936121461E-02    0.210080801219657E+00    0.152177290295713E-01    0.415174997891593E-02
    0.180480653843889E+00    0.297124916564461E-01    0.261993408985341E-01    0.135950095947589E+00   -0.330868865258370E-01   -0.124545193509072E-01
    0.340024813258552E-01    0.297655038718235E-01    0.287624364321667E-01    0.179263473026552E+00    0.120761393322307E-01   -0.283819712482485E-01
    0.106418119440963E+00    0.298251906354238E-01    0.464766280975668E-01    0.197668004088835E+00   -0.354054658639891E-01   -0.650752720756741E-01
    0.157758692760456E+00    0.299159904146002E-01    0.224353054183625E-01    0.181591788926596E+00    0.211348449423747E-01   -0.981999313211152E-02
    0.307499051868192E-01    0.299105214811495E-01    0.333086777177413E-01    0.231101372301853E+00    0.242206560963215E-02   -0.946741427069042E-02
    0.677330074622464E-02    0.299518378987444E-01    0.416632799372426E-01    0.223335174714911E+00   -0.285474087605572E-01   -0.150511903701080E-01
    0.124290920247074E+00    0.300382907730407E-01    0.238380587385118E-01    0.170660905050527E+00    0.456437850345668E-01    0.343361220434093E-01
    0.862012318454223E-01    0.301573289844634E-01    0.444460582593277E-01    0.198137292207041E+00    0.488073101775100E-02   -0.192091912761906E-01
    0.154569275412592E+00    0.301674231264305E-01    0.466884238061956E-01    0.153982783577220E+00    0.132597636588932E-01   -0.533933293588175E-02
    0.278816040937698E-01    0.301864249473873E-01    0.638782778753413E-02    0.210613311825601E+00    0.482936503805285E-02   -0.120874779824954E-01
    0.343697497018651E-01    0.302294058980771E-01    0.309286647405085E-01    0.183416304965039E+00    0.200047906328155E-01    0.474854371084904E-01
    0.181156192711067E+00    0.303377308588606E-01    0.201520072691565E-01    0.138717529095698E+00    0.276089217209121E-01    0.425797653348791E-02
    0.142890508176739E+00    0.303192631287846E-01    0.242141140120538E-01    0.184674823112764E+00   -0.300414007160300E-01   -0.127616151361652E-01
    0.262206213044584E-01    0.303633939548831E-01    0.396958030236737E-01    0.205965085241964E+00    0.114683929011777E-01    0.134750974160732E-01
    0.637168525614479E-01    0.303729348148975E-01    0.857075260723740E-02    0.117254802767267E+00    0.139776240117756E-01    0.373737726211490E-01
    0.131796657082039E-01    0.303810122622834E-01    0.464723222509152E-01    0.202690736238879E+00    0.245102487269821E-02   -0.567639560636889E-02
    0.463722784807851E-01    0.305014998098975E-01    0.113468061747626E-01    0.228144897228035E+00    0.145051386302967E-01   -0.449142739743407E-01
    0.924731742381353E-01    0.304683410857637E-01    0.132027804940391E-02    0.170909320741819E+00   -0.291635665987729E-01   -0.461422036451003E-01
    0.862941468028298E-01    0.305170126335818E-01    0.204136530710262E-01    0.184630309484324E+00   -0.449182101736872E-02   -0.201865504304714E-01
    0.471402676494248E-01    0.305672096019659E-01    0.109057222993383E-01    0.200106842620387E+00    0.372326163131539E-01    0.155739585965503E-01
    0.179619245824309E+00    0.305351380557703E-01    0.438881189846936E-01    0.162602991481251E+00   -0.220890668536516E-01   -0.173043652126088E-01
    0.198247277371847E+00    0.306203692328393E-01    0.340315092560283E-01    0.182926913296449E+00    0.189753129331782E-01   -0.108863498855909E-01
    0.146811697036400E+00    0.305699600140939E-01    0.205729898298565E-01    0.158262784292759E+00   -0.597199094350112E-01    0.265543560404840E-01
    0.173310012548372E+00    0.307332409191628E-01    0.177131417224476E-01    0.195514805563106E+00    0.260110377072391E-02   -0.531147411990814E-01
    0.631139565610793E-01    0.307405762451788E-01    0.120550328033827E-01    0.180222615173732E+00    0.412710955740138E-02    0.132418285444436E-01
    0.343515374789130E-01    0.307204723971544E-01    0.479731043419119E-01    0.187736682314130E+00   -0.549485351376624E-01   -0.107061815284695E-01
    0.145866109568488E+00    0.307690874122883E-01    0.410238592586046E-02    0.208006392223517E+00   -0.834189769993415E-02   -0.983307707936846E-02
    0.150825185075987E+00    0.308223043290885E-01    0.146591591326831E-02    0.183371308715311E+00    0.108708091368208E-01    0.592977434232908E-02
    0.653157069908360E-03    0.308924689246425E-01    0.416028107783899E-01    0.176513100863678E+00    0.439858176903321E-01    0.843570373059226E-02
    0.749287606422194E-01    0.308491181368975E-01    0.134507705512069E-01    0.249158247962375E+00   -0.161269060138821E-01   -0.119541562613561E-02
    0.150161426049641E+00    0.309155841028825E-01    0.191076146752808E-01    0.244204398031990E+00   -0.147017108328147E-02   -0.630916127241779E-03
    0.153392827123309E+00    0.309273150733267E-01    0.413942558450119E-01    0.220207183339619E+00   -0.308589640603504E-01   -0.293565858011399E-01
    0.116858748407665E+00    0.309899705477440E-01    0.352414014460384E-01    0.203628135692833E+00    0.749392305474173E-02   -0.477969092161376E-01
    0.115452500164511E+00    0.309901321857578E-01    0.341557373423776E-01    0.204185300692158E+00    0.378989171672334E-02    0.138554566830821E-01
    0.175216838491890E+00    0.309705588644593E-01    0.483877314461369E-02    0.221691445547365E+00   -0.166330259259790E-01    0.265926545165125E-01
    0.772542362287183E-01    0.310591573123031E-01    0.105489086454991E-01    0.194084865591907E+00   -0.311716695742696E-02    0.364567283358937E-01
    0.593053799873948E-01    0.310733543642421E-01    0.331900243338455E-01    0.220479327061213E+00   -0.333198294365350E-01    0.125826710881304E-01
    0.764984483318280E-01    0.311094416982962E-01    0.743144916865999E-02    0.221343528149828E+00   -0.547443626339146E-01   -0.132809518953852E-02
    0.249234376284914E-01    0.312008410597024E-01    0.380024919897550E-04    0.266928596385940E+00    0.265761073074989E-01   -0.255205399079338E-01
    0.668635939005612E-01    0.312521532366609E-01    0.397188822537414E-01    0.118668171507219E+00    0.210486789698316E-01   -0.911691318475633E-02
    0.791583309461603E-01    0.313254083409892E-01    0.244449781015265E-01    0.194953181466932E+00    0.407467489408566E-01    0.265863218733530E-01
    0.192897286050066E+00    0.313175507277369E-01    0.284449488506814E-01    0.231382356464085E+00   -0.135752391315921E-01    0.192466824442052E-01
    0.875902464101401E-01    0.314089324731380E-01    0.110497183685084E-01    0.187830096361910E+00    0.300863355964086E-01    0.283234514680290E-01
    0.268903050195243E-01    0.314044423369531E-01    0.428384117136134E-01    0.140662396968247E+00   -0.524815744460843E-02   -0.109332172288302E-01
    0.926216435274140E-01    0.314517277340892E-01    0.180174017519423E-02    0.150600630477181E+00    0.215359829780185E-01   -0.463753946862285E-02
    0.174567452407501E+00    0.314258727333924E-01    0.414428896545454E-01    0.195125443397141E+00   -0.458311057800414E-01   -0.121531738850219E-01
    0.161316724762475E+00    0.315370070978035E-01    0.323738241358409E-01    0.175169894366583E+00    0.221700142846500E-01    0.185650067132298E-01
    0.700046328952434E-02    0.315060166723641E-01    0.462842212397094E-01    0.228264054085486E+00   -0.388246668784998E-01   -0.387845487201553E-02
    0.216965965544772E-01    0.316767626786316E-01    0.113195330757425E-01    0.151185388439905E+00   -0.329266000532391E-01    0.150816840866891E-01
    0.919772997126713E-01    0.317125448069556E-01    0.328814568994177E-01    0.190058134419460E+00   -0.288063341095681E-01   -0.539872893786868E-01
    0.697466603402275E-01    0.317732823942637E-01    0.356394685371534E-01    0.183826438140011E+00   -0.194279525143867E-01    0.171955269958985E-02
    0.491219686370247E-02    0.318176720213203E-01    0.263648354555288E-01    0.177116154309692E+00   -0.551642601286630E-02    0.124132915507474E-01
    0.172491918688856E+00    0.319093723734168E-01    0.265532455022637E-01    0.222687094758359E+00    0.564004469813267E-01    0.465130840577017E-01
    0.921471611598006E-01    0.318279772026271E-01    0.243129842014798E-01    0.197209819923202E+00   -0.277338651027083E-01   -0.105980639641571E-01
    0.148811275765952E+00    0.319503003175140E-01    0.316091308166539E-01    0.224083592578539E+00    0.203797790827537E-01   -0.415158691577776E-01
    0.181742057834538E+00    0.319778510912202E-01    0.586105915032648E-02    0.163034956021126E+00    0.197963119005513E-01   -0.486724651489128E-01
    0.117283019825453E+00    0.319316569431469E-01    0.196838880616406E-01    0.209600456203055E+00   -0.302875312973485E-01   -0.363136433101878E-01
    0.157946304479645E+00    0.319354322914734E-01    0.402414672106137E-01    0.203810655037355E+00   -0.456814708021162E-01    0.136005580668131E-01
    0.193891709598638E+00    0.319724952996648E-01    0.208702511191919E-01    0.178402914363042E+00   -0.110396335706550E-01   -0.251287830888657E-02
    0.192157043239532E+00    0.319822524153585E-01    0.207220624269105E-01    0.202131123367555E+00   -0.690420667242777E-01    0.243922998715783E-01
    0.157772591877475E+00    0.320762447657044E-01    0.153399465707946E-01    0.198859055054978E+00    0.233534294096683E-01   -0.169136842354385E-03
    0.159510792261469E+00    0.320801247667248E-01    0.245309540971483E-01    0.198463458159056E+00   -0.169503074974796E-02   -0.591054343314315E-01
    0.240808032194274E-01    0.321545347825667E-01    0.228331227284614E-02    0.209001921404599E+00    0.454462512559771E-01    0.245076906425379E-01
    0.194437525404374E+00    0.321432152006867E-01    0.112500738957158E-02    0.219870471106952E+00   -0.150353453141708E-01   -0.478952969089575E-02
    0.412894168028370E-01    0.322166821920737E-01    0.184340221444708E-01    0.192167918253560E+00    0.557577600891319E-01    0.341414355314031E-01
    0.559028051051653E-01    0.322702116728553E-01    0.458435754244501E-01    0.240087846307065E+00    0.744579092285591E-01   -0.176090374531419E-01
    0.508627344913804E-01    0.322493904101860E-01    0.367190824303907E-02    0.299056339161990E+00    0.249480174213115E-02    0.503383166029562E-01
    0.182949110898758E+00    0.322869301392570E-01    0.277966214671916E-01    0.188989027622739E+00    0.158122055583230E-01    0.312896406744414E-01
    0.662042539829985E-01    0.323076785320359E-01    0.248823648058224E-02    0.211691981914172E+00    0.337201884867618E-01   -0.723903870578025E-02
    0.167954594020044E+00    0.323213505716719E-01    0.243877233489554E-01    0.188794597477603E+00    0.120375809025598E-01    0.113974638254039E-01
    0.130906322050080E+00    0.324689289753683E-01    0.497065886685195E-01    0.188127178563413E+00   -0.394380919129022E-01   -0.767552932002766E-03
    0.135445440451215E+00    0.325465216968069E-01    0.146708741617205E-01    0.205281915285455E+00    0.171591367936646E-01   -0.165467082925715E-01
    0.955149404176269E-01    0.325101674155112E-01    0.293916492326471E-01    0.194767999439545E+00   -0.205247164208926E-01   -0.352240318646830E-01
    0.999215642801018E-01    0.325369363555597E-01    0.324234457223430E-02    0.258745089784306E+00   -0.142841673982425E-01   -0.304034702420258E-01
    0.972445997282662E-01    0.326217355635109E-01    0.177253462986520E-01    0.172220762532733E+00    0.229488592836582E-01    0.306043021876025E-02
    0.253124741053485E-02    0.326417949039168E-01    0.216589174012412E-01    0.167017679389672E+00   -0.100612123638276E-01   -0.423649782237299E-03
    0.537113463222150E-01    0.326747511612619E-01    0.350291091227727E-01    0.160020287932284E+00    0.136232067204548E-01    0.193269015089789E-01
    0.127557888874239E+00    0.326750691181414E-01    0.431332861933936E-02    0.222845194509959E+00   -0.107520820369890E-01    0.121623165876980E-01
    0.190851312248100E+00    0.326474745657797E-01    0.389229067387480E-01    0.177517227580311E+00   -0.573257261000850E-01   -0.829880420563712E-02
    0.158141811831655E+00    0.327574710356702E-01    0.109439298926151E-01    0.207952795334962E+00    0.150240500570187E-01   -0.242131752535838E-01
    0.190096861218445E+00    0.327865509552615E-01    0.463336760689902E-01    0.154724419367414E+00    0.141659303407453E-01    0.206216890999747E-01
    0.890757222188461E-01    0.328625637418635E-01    0.420833323968843E-01    0.193782110850026E+00   -0.199770874577718E-01    0.817825046014557E-02
    0.144567346344537E+00    0.328913035783480E-01    0.294232886948538E-02    0.184293360942981E+00   -0.196194221232540E-01   -0.427911222073021E-01
    0.957110164520455E-01    0.330217596147048E-01    0.142314703995496E-01    0.176059882642485E+00   -0.163652649875497E-01   -0.134945951827167E-01
    0.325486185270741E-01    0.331249716349220E-01    0.210335166606848E-01    0.261334202134731E+00    0.599084295868390E-01   -0.285718699551956E-01
    0.159297929426583E+00    0.331143491236514E-01    0.418581062023724E-01    0.215411290098480E+00   -0.194722515493770E-01    0.433152258730830E-02
    0.796409742188936E-02    0.331083731494884E-01    0.162662793710219E-01    0.208251334489148E+00   -0.283769574403787E-01   -0.828595348241541E-02
    0.118109674014329E+00    0.331722268588304E-01    0.551193685438091E-02    0.238618415005953E+00    0.248621673757159E-01   -0.154412461586291E-01
    0.171400159202622E+00    0.332040039276746E-01    0.488805729884642E-01    0.157742222655442E+00    0.560170965533251E-01    0.292211621689117E-01
    0.734392189900232E-01    0.331381596270845E-01    0.376950448972483E-01    0.210113035989710E+00   -0.228171709302534E-01   -0.256846921166638E-01
    0.324706890484701E-01    0.332278217089933E-01    0.264855790439083E-01    0.193304148060331E+00    0.124104048448752E-01   -0.694659915565924E-02
    0.599732972696588E-01    0.332474369436571E-01    0.101060533136876E-01    0.182258321915470E+00   -0.603115126397592E-02    0.428709141220821E-01
    0.162900793045499E+00    0.332824461987233E-01    0.472398907805826E-02    0.206527464147032E+00   -0.171744371698388E-02    0.552915755068183E-01
    0.497525281061518E-01    0.333431809944829E-01    0.696797989994913E-02    0.201438679624801E+00   -0.120137447329165E-01   -0.595088127018984E-01
    0.693467780126726E-01    0.333488453924238E-01    0.236424323332282E-01    0.162961393575201E+00   -0.244697665491080E-01   -0.412435503660736E-03
    0.135882292425140E+00    0.333672375185139E-01    0.108308473438049E-01    0.178965144566977E+00   -0.979417099697456E-02   -0.368439401914916E-03
    0.570670382793549E-01    0.333593026499132E-01    0.670032056077142E-02    0.185604053696889E+00   -0.203778311372118E-01   -0.284997449445504E-01
    0.178061920080900E+00    0.334253079608720E-01    0.482681918486190E-01    0.185627699932580E+00   -0.776041668194851E-02    0.131651569056297E-01
    0.807712790775832E-01    0.334529786797412E-01    0.490091321188836E-01    0.194169680836081E+00    0.708924913130719E-02    0.238746141216214E-01
    0.882113755447927E-01    0.334732838802637E-01    0.391563972635887E-01    0.163633530810274E+00   -0.211584658397947E-01    0.353428375492623E-02
    0.310357679072656E-01    0.335192785051293E-01    0.987393083309226E-02    0.173717329816987E+00    0.180167312359433E-01    0.386216573034411E-01
    0.867841411618960E-01    0.335934904840634E-01    0.422084314416362E-01    0.235344001082139E+00    0.129896552461338E-01    0.416769747678119E-01
    0.734129903115199E-02    0.335954566057282E-01    0.866378539983437E-02    0.157033692467240E+00   -0.241467249202354E-01   -0.759563211623490E-02
    0.143576336930053E+00    0.336219207761321E-01    0.148500992538123E-01    0.202020086143320E+00   -0.136368913021074E-01    0.151490655570460E-03
    0.288569477292777E-01    0.336589990921344E-01    0.367207588978943E-01    0.279442279695668E+00    0.134588593358746E-01   -0.605070523659245E-01
    0.119796207887118E+00    0.336525780774549E-01    0.343919597329329E-01    0.208195355372741E+00   -0.190105056245384E-01    0.102144485712199E-01
    0.564153085983581E-01    0.336710446428899E-01    0.415713423227590E-01    0.184398427582909E+00   -0.271306956227848E-01    0.171062606517553E-01
    0.896618278496189E-01    0.338201000189443E-01    0.140181822191093E-02    0.213215828597333E+00    0.426439908545684E-02   -0.356027466840842E-01
    0.178541081664177E-01    0.339177770128680E-01    0.257571582654210E-01    0.180340594193268E+00    0.500876293871522E-01    0.538604707449204E-03
    0.193820786924601E+00    0.338465556684610E-01    0.236946571055356E-02    0.218128131296718E+00   -0.511358455846099E-01   -0.241938556275791E-01
    0.220048938323425E-01    0.339106591636981E-01    0.250132259750838E-01    0.213326918164334E+00    0.810937207911766E-02   -0.175118376589480E-02
    0.527431098653648E-01    0.339691237603307E-01    0.268757985986030E-01    0.161472619167222E+00    0.102475794911423E-01   -0.771020127548844E-02
    0.126704500354620E+00    0.340246835167679E-01    0.865739112124504E-02    0.206220809977388E+00   -0.253843485766319E-01    0.172712576338004E-01
    0.345374057351972E-01    0.340633081202412E-01    0.175040925769618E-02    0.182381658888791E+00   -0.315978277315032E-01   -0.351112670081170E-01
    0.107689070780568E-01    0.341298211674770E-01    0.143289756042423E-01    0.199700831380039E+00   -0.400470682024137E-01   -0.301485654331520E-01
    0.186123746353630E+00    0.342195382681324E-01    0.140837335171621E-01    0.231625450796510E+00   -0.296894388204877E-02   -0.861053541710144E-02
    0.103372267784427E+00    0.342864155960050E-01    0.349778390115654E-01    0.193312328222316E+00    0.314233090468355E-01   -0.425962347100032E-01
    0.892479273406193E-01    0.342477073172935E-01    0.436786358583051E-01    0.253526597374316E+00   -0.211353915098444E-01   -0.323868872668049E-01
    0.813877481296393E-01    0.342704615380682E-01    0.406445005411013E-01    0.261146107246497E+00   -0.162933098642164E-01    0.832403863601237E-02
    0.188297268508593E+00    0.344625079898584E-01    0.370184264736548E-01    0.237159002777005E+00    0.289959429246826E-01   -0.464239372861004E-01
    0.308724692847713E-01    0.344215519046226E-01    0.252787559025079E-01    0.267631003372131E+00   -0.239429254066437E-01    0.586645247045632E-01
    0.141463315215542E+00    0.344433960695075E-01    0.390890127685268E-01    0.176167589358728E+00   -0.226866015299109E-01   -0.366225659714805E-01
    0.181863135897591E+00    0.344798116154844E-01    0.458356261750744E-01    0.203119651683050E+00    0.405763678220105E-03   -0.894127976823826E-02
    0.444263951953772E-01    0.345348785959062E-01    0.438093983687156E-01    0.229865940740861E+00   -0.272358899420542E-01   -0.100101782957172E-01
    0.104257232354093E+00    0.346031369526801E-01    0.444527146334805E-01    0.205336834167150E+00    0.181286334592542E-01    0.391972913919315E-02
    0.180297361370314E+00    0.346037186877598E-01    0.155026568741759E-01    0.202645462370813E+00   -0.373780601762670E-01   -0.149705731010030E-01
    0.117499837975725E+00    0.346719490123980E-01    0.303938500560524E-01    0.220802781987658E+00   -0.200926540395098E-01   -0.821791777536685E-02
    0.440603432814695E-01    0.346940703603432E-01    0.512717789078024E-02    0.215788405872708E+00   -0.306841443327668E-01   -0.241860888302969E-01
    0.263984897253487E-02    0.347254083155149E-01    0.259828503774047E-01    0.205345465858290E+00   -0.180705912748229E-02    0.249390766033373E-01
    0.135087216065192E+00    0.347235052389372E-01    0.405231699768611E-01    0.201351738214688E+00   -0.651740307920399E-02    0.330864803114844E-01
    0.201158196699179E-01    0.347880930407698E-01    0.389680148220317E-01    0.204534162117813E+00    0.246773131676965E-01   -0.169344741587116E-01
    0.248605539244846E-01    0.347894195216320E-01    0.416100403662875E-01    0.234392839730425E+00    0.437400352776927E-03   -0.311707346368097E-01
    0.106083544848165E+00    0.348043042674338E-01    0.153016231844825E-01    0.197964068284616E+00   -0.290038852891719E-02   -0.437540531346653E-02
    0.187889199427942E+00    0.349246184819554E-01    0.137947908766631E-01    0.213527084155736E+00    0.873893561477119E-02   -0.883895043656920E-02
    0.143728120287106E+00    0.349855060692381E-01    0.239676951370156E-01    0.168073901715568E+00    0.550953894419371E-02    0.206808263662503E-01
    0.522028623798706E-01    0.350004712598030E-01    0.115366719622957E-01    0.173629391844730E+00    0.154903750100067E-01   -0.628014436256681E-01
    0.127512484170044E+00    0.350373517601299E-01    0.333407510234729E-01    0.255356584555800E+00    0.274241731663356E-01    0.479419400302411E-03
    0.126720928570508E+00    0.352313849505471E-01    0.381310105511432E-01    0.258365337918765E+00    0.131542581727130E-01   -0.264604320781486E-01
    0.907027471907598E-01    0.352491952181013E-01    0.199638423369756E-01    0.209542280011095E+00    0.255504628297198E-01   -0.273089879676164E-02
    0.168228623305037E-01    0.352433931060886E-01    0.315608855621638E-01    0.218544259866526E+00   -0.505238489041828E-01   -0.486916671871010E-01
    0.107124365853005E+00    0.352505403583962E-01    0.311333055374513E-01    0.201220732363484E+00   -0.791943917837915E-01    0.253681404090993E-01
    0.117164655075388E+00    0.353331203055887E-01    0.154244348010995E-02    0.214814077512229E+00   -0.196942803065493E-02   -0.686619255487661E-01
    0.171304195330017E-01    0.353477548734025E-01    0.324112459685709E-01    0.169715458751912E+00    0.231446034758670E-02    0.140443597124251E-02
    0.183693447623544E+00    0.353755694861969E-01    0.108575959814788E-01    0.150720529248453E+00    0.228155299682038E-01    0.357250128170913E-02
    0.114150794258851E+00    0.353832479283533E-01    0.450591489912103E-01    0.175393612185115E+00   -0.218487452099141E-01    0.656963740497304E-02
    0.150453165452579E+00    0.353764460980418E-01    0.204414813174904E-01    0.188531198063825E+00   -0.587044216435821E-01   -0.155734166584824E-01
    0.643921820093308E-01    0.353913432156515E-01    0.351669315642102E-01    0.225410492015569E+00   -0.647116517044098E-01    0.261741182606091E-02
    0.367800489901013E-01    0.354747578009843E-01    0.293135253313908E-01    0.262366899543515E+00   -0.305769748770175E-01   -0.425692044501104E-02
    0.163055433027192E+00    0.356245972920967E-01    0.313534483598967E-01    0.211911139480153E+00   -0.900699030998411E-02    0.285340828319241E-01
    0.163630944593236E+00    0.357267229980056E-01    0.361755998890359E-01    0.147246829026021E+00    0.352579275823287E-01   -0.159102318379921E-01
    0.831180370767018E-01    0.357372849829834E-01    0.126915141886262E-01    0.218824953940804E+00    0.297223901558133E-01   -0.915480693914243E-02
    0.917499449472945E-01    0.357694058940519E-01    0.367893122057641E-02    0.193641728479518E+00    0.539720382858333E-01   -0.575494157238641E-01
    0.663140859905802E-01    0.357378085349364E-01    0.215627354040026E-01    0.213537218411529E+00   -0.209547826232468E-02    0.274771904951398E-02
    0.118554904749477E+00    0.357698325737770E-01    0.227855200999311E-01    0.213968804490580E+00    0.252932297300405E-01   -0.383083394360295E-01
    0.460388867415144E-01    0.358127837318673E-01    0.269220561618334E-01    0.187086693001541E+00   -0.272537457102630E-02    0.360553184717855E-01
    0.177574261986111E+00    0.358486820030974E-01    0.407995050018351E-01    0.221184561295886E+00   -0.133101804574055E-01   -0.287178737765759E-01
    0.626243925734036E-01    0.358025521276169E-01    0.149311599965465E-01    0.197276835454193E+00   -0.627170203737053E-01    0.210581770416785E-01
    0.156302459861450E+00    0.359063939921899E-01    0.451200395062741E-01    0.202947626503088E+00    0.967009325604547E-02   -0.336281255718970E-01
    0.548374317004170E-01    0.358988264810849E-01    0.193534615680986E-01    0.178767949031514E+00   -0.295619920097437E-02   -0.350483192324351E-01
    0.138423564264795E+00    0.360051067360653E-01    0.498887465314587E-01    0.212052160764970E+00    0.912008698645268E-01   -0.587766412857829E-02
    0.154165409292710E+00    0.359966047243263E-01    0.228461336425422E-01    0.162906164544022E+00   -0.158029931255484E-01   -0.307397281024891E-01
    0.198122385982585E+00    0.360087561304860E-01    0.152997205831551E-01    0.213661917167327E+00   -0.205733644946387E-01    0.139958806214067E-01
    0.912506129880159E-01    0.360192862101586E-01    0.153156663014644E-01    0.146891102015127E+00   -0.140320709922612E-01   -0.283858011107560E-01
    0.650179506301973E-01    0.360218368176220E-01    0.207870494390426E-01    0.139604217931366E+00   -0.137350144783714E-01   -0.119933754587633E-01
    0.112025855324904E+00    0.360590785412525E-01    0.435674114185787E-01    0.216412884996578E+00   -0.600353694129614E-02    0.268829458617663E-01
    0.176059345610496E+00    0.361210571541078E-01    0.338918173197293E-01    0.213231264421980E+00    0.815249321373335E-02    0.420508840212000E-02
    0.144189329251804E+00    0.361527303489548E-01    0.185904206308738E-01    0.216557353963341E+00    0.386903108704002E-01   -0.929984907927129E-02
    0.257131046860772E-01    0.362648569469057E-01    0.340968814797310E-01    0.250850996895503E+00    0.237496204139045E-01   -0.600530622779248E-01
    0.521732382208758E-01    0.362614489064971E-01    0.211745866836509E-01    0.180734210505036E+00   -0.196951887662578E-01   -0.138300096137598E-03
    0.278480425399089E-01    0.364047962012030E-01    0.272333307085504E-01    0.187141020665739E+00   -0.137930886340054E-01    0.252640971377729E-01
    0.105721801387250E+00    0.363938981283577E-01    0.353983149975179E-01    0.254756064423348E+00   -0.288308567172978E-01   -0.420699174560033E-01
    0.942472046362399E-01    0.364632933381965E-01    0.813417464341088E-02    0.227779715053502E+00    0.404658645901179E-01   -0.107044051968440E-01
    0.120891456419891E+00    0.364522452674754E-01    0.372423915062825E-01    0.207639250757165E+00   -0.109379615279411E-01   -0.686343815680853E-02
    0.100969515557765E+00    0.365333113157940E-01    0.350943300717556E-01    0.166425314016025E+00    0.226650129714107E-01    0.545320947425830E-01
    0.221583401570056E-01    0.365373974786228E-01    0.246914802166119E-03    0.230432738745491E+00   -0.112250754818326E-01    0.280584683987493E-02
    0.132452232065726E+00    0.365530292090801E-01    0.124882500364034E-01    0.161560196633961E+00   -0.433381687568565E-02   -0.204764144575465E-01
    0.155819640408440E+00    0.366148878044892E-01    0.388494163001083E-01    0.215408221784413E+00    0.570888286660902E-01    0.403411031593549E-01
    0.121798721785234E+00    0.365515067177252E-01    0.199270733681041E-01    0.190099611512228E+00   -0.170891989759127E-01   -0.207417591128613E-01
    0.690404412693805E-01    0.365447078707193E-01    0.449529117427750E-01    0.184890977801924E+00   -0.445167633279961E-01   -0.846497561865226E-01
    0.355997534654080E-01    0.365585673812661E-01    0.218165194038865E-01    0.171320058932299E+00   -0.307014411655423E-01    0.473743885191709E-02
    0.811475919309785E-01    0.366214932877944E-01    0.845619120274899E-02    0.174555699942616E+00   -0.195508176366271E-01    0.358137589522825E-01
    0.441886010515561E-02    0.366675461211992E-01    0.154480677678425E-01    0.254911572340082E+00    0.124227679061844E-01    0.401825910685329E-01
    0.181871531716970E+00    0.366622322427870E-01    0.491181499863845E-01    0.208752623894904E+00   -0.311529707703576E-01   -0.153479515057764E-01
    0.107434750951024E+00    0.366999504481773E-01    0.419382662648744E-01    0.255423459000492E+00   -0.248060516727339E-01   -0.139021758218067E-01
    0.572942661035967E-01    0.367290834436153E-01    0.323727970724017E-01    0.232292571812465E+00   -0.208709935401864E-01   -0.342259801805058E-01
    0.153113213172049E+00    0.367995560634831E-01    0.101108250708178E-02    0.169913163496113E+00   -0.186634925102015E-02    0.207395274290271E-02
    0.719011177572803E-01    0.369341330222737E-01    0.373361720377855E-01    0.209195381566004E+00    0.406898448751223E-01    0.407651326628988E-02
    0.173343064896868E+00    0.368611865787129E-01    0.377693926060925E-01    0.216593600250980E+00   -0.462856530171665E-01    0.960482517429380E-02
    0.781074653589339E-01    0.368873272650075E-01    0.262011998561629E-02    0.227866879931044E+00   -0.412043106293902E-01   -0.431843167779131E-01
    0.105543169912964E-01    0.369978482555167E-01    0.424412708705024E-01    0.186872479459229E+00    0.485110558383175E-01   -0.623588116620792E-01
    0.192522705877626E+00    0.369504315501597E-01    0.109922062496083E-01    0.175889871113383E+00   -0.102182937507569E-01   -0.294821613326175E-01
    0.190869765166013E+00    0.369969016519117E-01    0.309044206450193E-01    0.190847169905967E+00    0.154908540833750E-01   -0.137625563432176E-01
    0.674065320531277E-02    0.370265023922785E-01    0.476305761731461E-01    0.199335524483004E+00    0.197281207611671E-01   -0.390372503165591E-01
    0.195594422868716E+00    0.372212857636739E-01    0.214270850606509E-01    0.165763265567770E+00    0.126604581778354E-01    0.499718824382315E-01
    0.465656177207249E-01    0.372153075425125E-01    0.259788636841894E-01    0.185360699995721E+00   -0.165859300839852E-01    0.120389665686205E-01
    0.477714628365715E-01    0.373478552864382E-01    0.688136270511302E-02    0.181046604985264E+00    0.378721033352540E-01    0.250205575164769E-03
    0.154498152064697E+00    0.373531973051776E-01    0.377491143306973E-01    0.170470876086387E+00    0.425107019776904E-01    0.187812846856251E-01
    0.925409681790140E-01    0.373061918147073E-01    0.166088635959248E-01    0.188019924937852E+00   -0.336373116583985E-01   -0.292670088188372E-02
    0.566940897155650E-01    0.373340120154577E-01    0.156714026218486E-01    0.191165156606450E+00   -0.873404516687747E-02   -0.232065348822615E-01
    0.950470173927222E-01    0.374040037344708E-01    0.278889747194090E-01    0.234427684073038E+00   -0.193687124774012E-01    0.125442837890946E-01
    0.396129436565462E-01    0.374217667038406E-01    0.257786734504478E-01    0.215887439548599E+00   -0.169213898839106E-01   -0.151629564477042E-01
    0.156255024280206E+00    0.375263307860310E-01    0.297352544093161E-01    0.182312638232318E+00    0.425595766049328E-01    0.382652798822511E-01
    0.745129793986268E-01    0.375570551796859E-01    0.381279921119886E-01    0.175326022653995E+00    0.329123554209745E-01   -0.104871613441772E-01
