    0.170764840214184E+00    0.125067424154528E-01    0.419928933351617E-01    0.169909465393625E+00    0.397335006835430E-02   -0.394191856544118E-02
    0.431292872544053E-01    0.126286497470115E-01    0.481646804224557E-01    0.182159251488657E+00    0.741873974143492E-01    0.132181481823680E-01
    0.446335038485565E-01    0.126314514839646E-01    0.199665264746167E-01    0.178416736258532E+00    0.441735580581145E-01   -0.312310556139449E-01
    0.763144097391602E-01    0.126121615902248E-01    0.200994467326140E-01    0.186313187828082E+00    0.599980935640336E-02   -0.177141605999503E-01
    0.346184928774664E-01    0.126586344243498E-01    0.403113375138586E-01    0.278657268668118E+00    0.404368633355935E-01    0.202763248970025E-01
    0.184901463367192E-01    0.125889261956937E-01    0.351053462808314E-01    0.221638256803333E+00   -0.499061398409484E-01    0.827103964674833E-02
    0.123049164956792E+00    0.126199060038263E-01    0.443305449233031E-01    0.255734344247801E+00   -0.361410422478919E-01   -0.121881079292747E-01
    0.133995089231185E+00    0.127687876419299E-01    0.143256908691987E-01    0.199835626281065E+00   -0.196293042876608E-02   -0.758405794610111E-02
    0.130339717697936E+00    0.127856281923630E-01    0.456474000339557E-01    0.220246876255157E+00   -0.208689413340943E-01   -0.457197731470193E-01
    0.833134686983742E-01    0.128300517901290E-01    0.421933600710073E-01    0.178851366657836E+00    0.165878861589874E-01   -0.536609022168142E-01
    0.976564167868785E-01    0.128951752371104E-01    0.480905620890033E-01    0.232031223375754E+00    0.714938904447569E-02   -0.243829914276646E-01
    0.139110917070083E+00    0.129621416698709E-01    0.208631346067701E-01    0.129234380786202E+00    0.370620874210568E-01   -0.643613154022828E-02
    0.858659801196319E-01    0.131031438077695E-01    0.946895991381649E-02    0.184663520184243E+00   -0.118147539396980E-01    0.119238230302904E-01
    0.328305326767537E-01    0.131701141861528E-01    0.275312386349395E-01    0.236926404590816E+00    0.322092792143830E-01   -0.747520542706579E-02
    0.140134695902163E-01    0.132351754613157E-01    0.434672509397552E-01    0.188923872139411E+00    0.348752206352933E-01   -0.305446296140869E-01
    0.168461268695919E-01    0.132188986572471E-01    0.161649374084397E-01    0.182817976994787E+00   -0.118665562057834E-02   -0.290988437521822E-01
    0.117033235399007E+00    0.133452398785334E-01    0.235782735509153E-01    0.220867564678213E+00    0.177216309095714E-01    0.267902411079502E-01
    0.323101716404863E-01    0.133423948596138E-01    0.131271840784390E-01    0.185472669521816E+00    0.261294143556224E-02    0.287855332185072E-01
    0.332346782736661E-01    0.133435454231495E-01    0.342957934959172E-01    0.218246743864770E+00   -0.118994458395955E-01    0.268561636240067E-01
    0.124517903267607E+00    0.133550769292044E-01    0.232507366992696E-01    0.182425201753396E+00   -0.448418487784547E-02   -0.342606675795473E-01
    0.171998175963041E+00    0.133381795104862E-01    0.344810486046465E-01    0.240226531384137E+00   -0.221521467802402E-01    0.110139449428709E-01
    0.186224378999923E-01    0.133867324049735E-01    0.160621822502712E-01    0.252337093622886E+00   -0.113582796421528E-02    0.157717394362932E-01
    0.161401498068841E+00    0.134207267780680E-01    0.251831100929893E-01    0.219478926640881E+00    0.253876876077941E-01   -0.497294046010296E-01
    0.512601367293267E-01    0.133797871717354E-01    0.211931955789812E-01    0.199564287275223E+00   -0.774105906996790E-01    0.504861974473118E-01
    0.174408666484009E+00    0.134998003892314E-01    0.383774248655033E-01    0.258270488680029E+00    0.174034260213127E-01   -0.537200586776117E-01
    0.562521396928824E-02    0.135089090747474E-01    0.885327430436370E-02    0.187858944532418E+00    0.121544374821780E-01   -0.346277164383231E-01
    0.788071505149747E-01    0.135514417396746E-01    0.290812775373968E-02    0.197535374245636E+00    0.216732790838557E-02    0.134578889413323E-01
    0.174179380356537E+00    0.136146080089288E-01    0.401633820275688E-03    0.220834563594920E+00    0.413047971651223E-01   -0.295525470289171E-02
    0.124000687820597E+00    0.136539576591225E-01    0.599873727116802E-02    0.166186568482911E+00    0.115554801794300E-01    0.400914926878501E-01
    0.196236037174860E+00    0.137153833679934E-01    0.192876730274907E-01    0.218655435605872E+00   -0.218825327299262E-01   -0.425779780218785E-02
    0.780034650293474E-02    0.137518712668070E-01    0.252065897833952E-01    0.283694679049741E+00    0.125688832921695E-01   -0.139597928315399E-01
    0.121607942654724E+00    0.138363874538023E-01    0.377927996690621E-01    0.184796181796056E+00    0.162460880793798E-01   -0.599383460077586E-03
    0.123523643054593E-01    0.138369892321383E-01    0.150273506032239E-02    0.171057580803290E+00   -0.199462817287273E-02    0.343851572799231E-01
    0.120102479500799E+00    0.138605811910400E-01    0.297910933416104E-02    0.223520705373851E+00    0.181262902958083E-01   -0.292419020319394E-01
    0.153464088516967E+00    0.138275071872003E-01    0.606989054209557E-02    0.228099574991654E+00   -0.314521615330432E-01   -0.345563236811059E-01
    0.336315034213298E-01    0.138282582321166E-01    0.257989388289401E-01    0.216027716497040E+00   -0.391066346847815E-01   -0.351037456519846E-02
    0.249121986687340E-01    0.138507072944280E-01    0.237730368097472E-01    0.192149011988154E+00   -0.277248874976226E-01   -0.205176396484258E-01
    0.136776869970085E+00    0.140730112569220E-01    0.969825166540142E-02    0.263655263569306E+00   -0.400756291748842E-01    0.259825662049740E-01
    0.182158743687434E+00    0.141008313389931E-01    0.341736821701605E-01    0.206511524692374E+00   -0.214604508138258E-01   -0.220379289813546E-01
    0.162815771640720E+00    0.141879014412267E-01    0.273183746274764E-01    0.193404186330397E+00    0.225569731981483E-01    0.203913337218434E-01
    0.126410987614939E+00    0.142546317612073E-01    0.194544057022891E-01    0.200588627376248E+00    0.457675186620042E-02   -0.445588150445028E-01
    0.467383885791771E-03    0.141965341838918E-01    0.171993636359006E-01    0.144782765950951E+00   -0.570534833283298E-01   -0.179332824008028E-01
    0.137272928239222E+00    0.144149465377543E-01    0.225721717931503E-01    0.181107208122456E+00   -0.266181443937612E-01    0.166048114058412E-01
    0.569880664641448E-01    0.144340885488928E-01    0.478269040799250E-01    0.198652000005024E+00   -0.861655061500480E-02   -0.136381349400164E-01
    0.134309559562518E+00    0.144368426733263E-01    0.486536137869708E-01    0.228466380077954E+00   -0.317137195841546E-01   -0.225840558987597E-01
    0.760838753661576E-01    0.145842642766912E-01    0.717558586570599E-02    0.227841278237410E+00    0.249749867785870E-01   -0.220205158628501E-01
    0.737032107899719E-03    0.147730350073701E-01    0.137917899919429E-01    0.267010936344059E+00   -0.659911170020427E-02   -0.129839851557224E-01
    0.139869748135738E+00    0.148331322919242E-01    0.257803402237475E-01    0.199946253142794E+00   -0.495039218438990E-02    0.118655232782897E-01
    0.786126895996756E-01    0.148381675661364E-01    0.894565150605181E-02    0.231871229793749E+00   -0.115242513125774E-01    0.886182870814251E-01
    0.199319744256045E+00    0.148018751225847E-01    0.899504946619169E-02    0.190832275128267E+00   -0.745771979467059E-01    0.306189267027988E-01
    0.138239132950335E+00    0.149082327880864E-01    0.271716744374622E-01    0.189843499383094E+00    0.163200701832597E-01    0.346824321871827E-01
    0.167926055384597E+00    0.149485615927230E-01    0.755220999714259E-02    0.219255467210404E+00   -0.921044900303694E-02    0.266580249768906E-01
    0.768000383033320E-01    0.149383539736654E-01    0.308491231763717E-01    0.208447357296803E+00   -0.572522633873778E-01    0.324878054887346E-01
    0.179127677783493E+00    0.149771111113655E-01    0.206800891400492E-01    0.188177652224342E+00   -0.555033708220306E-01    0.466470874381848E-01
    0.137580819178292E+00    0.150949642083068E-01    0.442210349784313E-01    0.194219632502603E+00   -0.147162397143895E-01   -0.506134196503791E-02
    0.182877151497237E+00    0.150910561286883E-01    0.322971391566530E-01    0.194165463183982E+00   -0.242937490515793E-01   -0.171728611201722E-01
    0.763613586955196E-01    0.152397492291834E-01    0.514450861197010E-02    0.198718255321607E+00   -0.173436045925901E-01    0.432726397947959E-01
    0.103976044588782E+00    0.152313373665346E-01    0.336163756083266E-01    0.211205858720774E+00   -0.286040172651423E-01   -0.242807896001083E-01
    0.564658943595838E-01    0.153016036808545E-01    0.472726749883130E-01    0.209030591900554E+00   -0.270202333097908E-01    0.161782756293415E-01
    0.127226188947780E+00    0.154011487261468E-01    0.899473311224170E-02    0.159862974013706E+00    0.431061850114785E-02   -0.373762676685397E-01
    0.892124235302100E-02    0.154179599302306E-01    0.323777816809454E-01    0.192159230777187E+00    0.141041100473296E-01   -0.421049045473600E-02
    0.785991956339264E-01    0.154638164648492E-01    0.166479415783797E-01    0.194256885615251E+00    0.176499298713404E-01   -0.431932343141161E-01
    0.932206686375848E-01    0.155349045003014E-01    0.244311762675077E-01    0.201358396301567E+00    0.486156868709039E-01   -0.221571255930211E-02
    0.481648822043557E-02    0.154906190067669E-01    0.102161353531271E-01    0.234813254397745E+00   -0.225230994223600E-02    0.190969828557046E-01
    0.180349724942204E+00    0.155659832661237E-01    0.349962436897810E-01    0.244746592291743E+00    0.131828576590173E-01    0.158017576414197E-01
    0.657126303789677E-01    0.155995657142893E-01    0.492553209356964E-01    0.254389697749457E+00    0.295482200018582E-01    0.217770859026501E-01
    0.606566284571103E-01    0.155753780485219E-01    0.442965361755459E-01    0.200789282767008E+00   -0.173319350919432E-01   -0.465221014610501E-01
    0.863932019697185E-01    0.155870310313867E-01    0.404518013483805E-01    0.247343510556887E+00   -0.345768075278500E-01    0.299268072216136E-01
    0.128838933743410E+00    0.156891158915613E-01    0.456893453770819E-01    0.193941349637332E+00    0.536141665375128E-01   -0.421106602338519E-02
    0.191757191416220E+00    0.156945803902696E-01    0.249215159366517E-01    0.256471088083344E+00   -0.326254467185274E-02    0.210298152079399E-01
    0.917437298178501E-01    0.156892291597868E-01    0.371325905112813E-01    0.250183846552372E+00   -0.109780542739385E-01   -0.234208983397231E-01
    0.170278540120758E+00    0.157307661203922E-01    0.203151991149224E-01    0.195682399906447E+00    0.708869532683058E-02    0.626430244924845E-01
    0.107983148165291E+00    0.157555374002335E-01    0.207108946463796E-01    0.193564703537403E+00    0.160314895095355E-02    0.282082472122475E-02
    0.199196429592560E+00    0.158377644683275E-01    0.451860499002860E-01    0.141327015795179E+00    0.130815098493669E-02    0.447990431922946E-01
    0.361005911026345E-02    0.157985584454734E-01    0.414059381920352E-02    0.123033530352412E+00   -0.405630524505781E-01    0.324653360805617E-01
    0.121934715402924E+00    0.159065870919263E-01    0.472996788231776E-01    0.226454771744226E+00    0.255985990423108E-01   -0.354797879752530E-01
    0.104456118971311E+00    0.159540332029248E-01    0.358400059299390E-01    0.193414981650582E+00   -0.945367109962997E-02    0.280906824362571E-02
    0.101258218123819E+00    0.159764982033901E-01    0.230271432898284E-01    0.244692509695597E+00    0.184878405728748E-03   -0.565826410612365E-01
    0.117288993087949E+00    0.159768190385251E-01    0.337855002851385E-01    0.218913196790694E+00   -0.913151263891500E-02    0.300657122434489E-02
    0.117400973724995E+00    0.161553091298911E-01    0.812713876535431E-02    0.224492203074327E+00    0.289703639197789E-01    0.267287972592386E-01
    0.124412860666156E+00    0.162499885022357E-01    0.189120340914768E-01    0.235148811053737E+00    0.477992236028710E-01   -0.106863360651341E-03
    0.188169060392445E-01    0.161814959169479E-01    0.186261832405495E-01    0.191353588606346E+00   -0.726422166052087E-01    0.203170552732863E-01
    0.106748898541683E+00    0.162863705336443E-01    0.406369504786908E-01    0.178085892247084E+00    0.125546589398958E-01   -0.222182879465725E-01
    0.108369096707880E+00    0.163358417580415E-01    0.497485409361965E-01    0.223382560754989E+00    0.342095010862898E-02   -0.266154769859710E-01
    0.164561925221071E+00    0.164020806595719E-01    0.218293328168022E-01    0.269842856104349E+00    0.289904766051071E-01    0.102393864765073E+00
    0.114900015712905E+00    0.163147282368239E-01    0.447060552233542E-01    0.199092648616980E+00   -0.610434295969262E-01    0.290087497436913E-01
    0.111902309731839E+00    0.164500189845691E-01    0.482335465923754E-01    0.126449389647231E+00    0.417014338217808E-02   -0.104875454905219E-01
    0.101401458841283E+00    0.164426770209811E-01    0.327198328897313E-02    0.167894564888089E+00   -0.370421050888827E-01    0.364395973037856E-02
    0.112613415063953E+00    0.164745090657351E-01    0.475407988670814E-01    0.204550534184300E+00   -0.405523059249898E-01   -0.553031185332105E-02
    0.566307416200183E-01    0.165968857822698E-01    0.143002880477073E-01    0.200677573437892E+00    0.589507791479530E-01    0.288429458286375E-01
    0.130805308453746E-01    0.166597941553318E-01    0.471608210540642E-01    0.218719556199248E+00    0.606930155919589E-01   -0.352103797615665E-01
    0.115118190322650E+00    0.165945105626912E-01    0.502900505842081E-02    0.202220470997826E+00   -0.852457177211936E-02   -0.136869074871980E-01
    0.184644277597804E+00    0.166093764856705E-01    0.277099555435190E-01    0.191394585813370E+00   -0.962350343493562E-02   -0.236704083977786E-01
    0.163294143122050E+00    0.167253100151844E-01    0.359814962058983E-01    0.220729346170222E+00    0.175670375469357E-02    0.250163904799356E-01
    0.138893864051012E+00    0.167146840178072E-01    0.764484987859642E-02    0.236769250294054E+00   -0.140905033368378E-01   -0.159227359442385E-01
    0.590275191700651E-01    0.167135732721669E-01    0.417990547544829E-02    0.233519372313808E+00   -0.198214238917561E-01   -0.648849161474985E-02
    0.174713084462045E+00    0.168090278824933E-01    0.251144450046475E-01    0.176313094974334E+00    0.413474121902992E-01   -0.280899485477924E-01
    0.151683235492534E+00    0.167789163665354E-01    0.185899335418623E-01    0.210289639703816E+00   -0.248355880805985E-01    0.396864418459362E-01
    0.123635379254076E-01    0.168783880058905E-01    0.538485103717758E-02    0.248059449292046E+00   -0.152210380673945E-01   -0.573950301794189E-02
    0.812660465230841E-01    0.169755469706628E-01    0.211076973705848E-01    0.232625336312039E+00    0.120475940822171E-01    0.593313848017425E-02
    0.117455293089925E+00    0.172028609561903E-01    0.340108785797550E-02    0.197884701490807E+00    0.326136415079408E-02    0.705557817241831E-02
    0.960143587947153E-01    0.172296429613641E-01    0.156496588396527E-01    0.161920395927978E+00    0.101194710751045E-01   -0.279495749454017E-01
    0.194141650523997E-01    0.172769608851348E-01    0.421256551334309E-01    0.197886673858695E+00    0.232637874546821E-01   -0.408220080192909E-02
    0.610375422748558E-01    0.173117148042614E-01    0.666141747220118E-02    0.166372502700881E+00    0.357695957991515E-01   -0.116185845215781E-03
    0.305338996455028E-02    0.172818030769366E-01    0.290711468622716E-02    0.181935567809818E+00   -0.156416427102805E-01    0.373707974349074E-01
    0.518419247388469E-01    0.173391466555128E-01    0.216763207327902E-01    0.198985103058370E+00   -0.157676147846648E-01   -0.762531191956875E-04
    0.514319959238551E-02    0.173578218115095E-01    0.137141203872674E-01    0.238474517757505E+00   -0.146236602349470E-02   -0.859419386902405E-02
    0.171511949579095E-01    0.173715784728790E-01    0.113296367419639E-01    0.203342906609722E+00   -0.167972739630009E-01    0.235442904544926E-01
    0.110729895725720E+00    0.175359384892171E-01    0.396361752238185E-01    0.242428346207138E+00    0.384607793218326E-01   -0.166560316097729E-01
    0.177476534564616E+00    0.175978210571750E-01    0.185620688702994E-01    0.189982127472753E+00    0.416534292265526E-01   -0.828011130769788E-02
    0.122115046424090E+00    0.175540145599199E-01    0.335646318499149E-01    0.192410900554741E+00   -0.352156069538753E-01    0.137403576222203E-01
    0.603517348851484E-01    0.175893963932635E-01    0.315629521856518E-01    0.202056678741086E+00   -0.125575635633870E-02    0.533459577095270E-01
    0.190845884136627E+00    0.176781125053410E-01    0.482118004991527E-01    0.241298010228670E+00    0.466380027625407E-01    0.798397324501868E-01
    0.109538777396256E+00    0.176494365002049E-01    0.430023943685311E-01    0.239392651303953E+00    0.557323918536240E-02   -0.117369037913204E-01
    0.273360565041160E-01    0.176542698812850E-01    0.135253061632320E-01    0.181714959581507E+00    0.330110183077037E-02   -0.410458253158184E-01
    0.122046714055830E+00    0.176302530585556E-01    0.134604127862902E-01    0.200550688595495E+00   -0.271255088356441E-01    0.383684268668977E-01
    0.388346461503306E-01    0.176488286934764E-01    0.313377744486595E-01    0.229519914875581E+00   -0.206671085535103E-01   -0.346782987731419E-01
    0.115273173038542E+00    0.176791603608071E-01    0.182064547854193E-01    0.179367967699289E+00    0.662962247333630E-02    0.499985214359237E-03
    0.154131796595916E+00    0.176915041768132E-01    0.101383974217890E-01    0.223361295447485E+00   -0.269709229950467E-01   -0.142563933991705E-01
    0.106930639564061E+00    0.177428389747319E-01    0.457515269599327E-01    0.236188535061965E+00    0.126875424582207E-02    0.575445789291342E-02
    0.128019717180916E+00    0.177690427792389E-01    0.192660655328652E-01    0.197954467488211E+00   -0.143449977772787E-01    0.125051157546113E-02
    0.162230508619944E+00    0.177516814000687E-01    0.194907614600846E-01    0.285349752464584E+00   -0.381598209271999E-01    0.360689141166973E-01
    0.146685224866394E+00    0.179323500108380E-01    0.504881364972189E-02    0.174099178770639E+00    0.369441815685848E-01    0.270836926918911E-01
    0.511333245743763E-01    0.179388519681585E-01    0.494889487596518E-01    0.200017458775140E+00    0.247341652549263E-01   -0.116124427243125E-02
    0.139058110883277E-01    0.179779704660279E-01    0.328005556606231E-02    0.171691349011728E+00   -0.235838582585234E-01   -0.216578387490176E-01
    0.112518131023414E+00    0.180732726767314E-01    0.413646205769015E-02    0.164688542528323E+00    0.397246904657772E-01    0.694753939890715E-01
    0.873245018806930E-01    0.180758093063705E-01    0.427025398690917E-01    0.259438849126570E+00    0.344501087740013E-01   -0.254179394685291E-01
    0.143684186571659E+00    0.181106569354443E-01    0.382144791944992E-01    0.212496184170852E+00   -0.773415024298355E-02    0.331836288279343E-01
    0.412000716802494E-01    0.181293266279781E-01    0.943082112720254E-02    0.151875175022496E+00   -0.337476298448734E-01   -0.671410763716487E-02
    0.188713202734950E+00    0.181916948180360E-01    0.267115926416098E-01    0.180805557019802E+00    0.145831415685595E-01   -0.157971019941679E-01
    0.852909125369236E-01    0.182001184557886E-01    0.457447435967424E-01    0.215699976650704E+00   -0.360992937874380E-01   -0.166783824251307E-01
    0.101335580158584E+00    0.182863128648004E-01    0.718745493815804E-02    0.215041735454925E+00   -0.268838589387769E-01    0.499100951449062E-02
    0.448186457254200E-01    0.183711821722365E-01    0.271382148908964E-01    0.189670048423490E+00    0.118824413221696E-01    0.801170396389903E-02
    0.516483629748038E-01    0.184281708961309E-01    0.983395148783988E-02    0.258987991144716E+00    0.237744542417213E-01   -0.235922775452035E-01
    0.108179804882117E+00    0.184221033775597E-01    0.389943799042800E-01    0.199233594354835E+00   -0.260513017274336E-01    0.351984764174385E-02
    0.141888518474244E+00    0.184477028561124E-01    0.340989304132205E-01    0.156885795342589E+00   -0.227373130308979E-01   -0.185585078679773E-01
    0.617109087057302E-01    0.184647046134461E-01    0.327464039841538E-02    0.214789460104199E+00   -0.192503415513391E-01   -0.399771202032310E-01
    0.105859604358743E+00    0.185638533039389E-01    0.469266641237895E-01    0.162761005551180E+00    0.602681157742010E-01   -0.168274987771265E-02
    0.108758919799699E+00    0.185616015429211E-01    0.478599778988578E-01    0.123907818854120E+00    0.377285382898160E-01    0.891698865307926E-02
    0.184260836484253E+00    0.185636990896282E-01    0.938728526172689E-02    0.205962470322355E+00   -0.581229581797911E-02    0.303476832660495E-01
    0.171836222463249E+00    0.186385615865904E-01    0.305308526493424E-01    0.209450297243608E+00    0.495495069988026E-01    0.249744293818949E-01
    0.130765097022483E+00    0.186119621171316E-01    0.419207050678352E-01    0.193372632906800E+00   -0.186531846048524E-01   -0.648878522221726E-02
    0.581537856696179E-01    0.186650772890502E-01    0.483689908382655E-01    0.180104454341240E+00   -0.104035598892944E-01    0.193992133648171E-01
    0.765527921352985E-01    0.187423582291487E-01    0.169298008711903E-01    0.166276742845369E+00    0.220030532309830E-01   -0.213917078588365E-01
    0.951652263708216E-01    0.187666886685095E-01    0.365040125300120E-02    0.205845809102305E+00    0.227237435137560E-01   -0.577271439853968E-01
    0.131715859189782E+00    0.187616568385675E-01    0.223762578598094E-01    0.227924215905778E+00    0.297783624270580E-02   -0.147364794246816E-01
    0.364894395701220E-01    0.187919773454146E-01    0.183472926352250E-01    0.229625944601089E+00    0.250802265408045E-01   -0.438755335332683E-01
    0.190287219953106E+00    0.188143913906598E-01    0.206063144326527E-01    0.143399258150814E+00   -0.123515995634969E-01   -0.221728831727600E-02
    0.270947735683206E-01    0.188949282912855E-01    0.239761869278679E-01    0.216592683876176E+00    0.828156778930165E-02    0.424919698211285E-01
    0.182420082501192E+00    0.189394222246264E-01    0.343409463005016E-01    0.188434427126063E+00   -0.860252509883621E-02   -0.802007926010276E-01
    0.270720688327523E-01    0.190157638134401E-01    0.412862167217512E-01    0.188820767279943E+00    0.359596308657925E-01    0.451737351514214E-02
    0.183408693636081E+00    0.190130029846692E-01    0.633935800345561E-02    0.188725879998323E+00   -0.233200592534156E-01    0.157096648045215E-01
    0.953883821996272E-01    0.190813776340119E-01    0.381283058937044E-01    0.206305126789634E+00    0.160132510751138E-01   -0.265138617843182E-01
    0.151757314493935E+00    0.190710823176739E-01    0.449625205399080E-01    0.230588864811308E+00    0.343559952391502E-02    0.808510441356149E-02
    0.104651011250575E+00    0.191426750459817E-01    0.357727218237487E-01    0.250750639292458E+00    0.187543645091213E-01   -0.996455929485940E-02
    0.320202353948451E-01    0.191151519267271E-01    0.443177094748571E-01    0.195655498189554E+00   -0.592302914902585E-01   -0.471745920645095E-01
    0.198343745274708E+00    0.192439093618361E-01    0.280078944280349E-01    0.170039858602871E+00    0.321021348484381E-01    0.556739533209848E-01
    0.196203414643606E+00    0.192159696519856E-01    0.104173975588060E-01    0.232125712220223E+00   -0.130438522299086E-01   -0.384138348248945E-02
    0.141723108394943E+00    0.194426458298214E-01    0.261703835671399E-01    0.238164856745058E+00    0.276823218823966E-02    0.290874558004130E-01
    0.395504809285449E-01    0.194805183390514E-01    0.256478093898139E-01    0.219803007779073E+00    0.139922671272752E-01    0.975436723561896E-02
    0.127290025595287E+00    0.194871768721388E-01    0.497444295259727E-01    0.217787424349746E+00    0.884980756061977E-02   -0.382905221347261E-01
    0.909392890694060E-01    0.194794788444418E-01    0.172318455781849E-01    0.193328069939211E+00   -0.963871319741650E-02   -0.193898097637357E-01
    0.200179575225134E+00    0.194973208798735E-01    0.451493338893991E-01    0.245081447938673E+00    0.303051958921851E-02    0.333121786985660E-01
    0.171458869462855E+00    0.195364375389871E-01    0.242256573436495E-01    0.187505583647582E+00   -0.124109109066784E-01    0.246213510037038E-01
    0.147201019652508E-01    0.195284434378993E-01    0.373364355368159E-01    0.201355903977777E+00   -0.282162175424259E-01   -0.532415557073397E-01
    0.257087982780871E-01    0.195727752031226E-01    0.360164567074404E-01    0.190245869653038E+00   -0.199280971877905E-01    0.115567506112534E-01
    0.140919991413044E+00    0.196984123163491E-01    0.226008694257304E-02    0.212813697557655E+00   -0.524435930846444E-01    0.294776658275034E-01
    0.110241826026378E+00    0.197811774625245E-01    0.222430139679416E-01    0.208864308894204E+00   -0.699233392542876E-03   -0.765184157218147E-02
    0.184929644753770E-01    0.198069302463738E-01    0.456031102408846E-02    0.202916317078914E+00    0.247016317551420E-01   -0.157635186195211E-01
    0.313912034200920E-01    0.198528004068354E-01    0.362922520645484E-01    0.214587823874610E+00    0.123193839847724E-01   -0.125890243324709E-01
    0.195435250440160E+00    0.199424442087821E-01    0.379547057497491E-01    0.166611553460864E+00    0.399458892344849E-01    0.453816431410628E-01
    0.881059705529394E-01    0.199296351590654E-01    0.588447346394700E-02    0.147593878024653E+00    0.194675550465343E-01    0.421572103340808E-01
    0.189154116085554E+00    0.199769222242565E-01    0.371441313129209E-01    0.194476094028091E+00    0.143773169352945E-01   -0.554625361700888E-02
    0.181552857340021E+00    0.200099932769684E-01    0.136677374073337E-01    0.155040415858613E+00    0.157329215838773E-01   -0.776691743023616E-02
    0.154688653279636E+00    0.200106745207257E-01    0.127036722661830E-01    0.209055709850025E+00    0.756639028537308E-02    0.458411799125659E-01
    0.124852021934223E+00    0.200068845190586E-01    0.361240503976437E-01    0.244037599359668E+00   -0.189794816941065E-01   -0.168373851940893E-01
    0.505264012388843E-01    0.201271465987671E-01    0.121832817463032E-01    0.185978477247907E+00    0.146422880446542E-01   -0.437903932613453E-01
    0.178875706096384E+00    0.200753000109347E-01    0.201712424663260E-02    0.154040230113771E+00   -0.709768688006452E-01    0.310779601515692E-01
    0.410852086385904E-01    0.202756912818049E-01    0.691561063277183E-02    0.246413101593227E+00    0.211753426920510E-01   -0.130572772084200E-01
    0.194451333452239E+00    0.203218745057995E-01    0.343792088260256E-01    0.193538870674666E+00    0.317303682163861E-01    0.105567266097563E-01
    0.697883613631355E-01    0.203630173600280E-01    0.269101197441929E-01    0.206601843287994E+00   -0.120567248506238E-01    0.376688543852176E-01
    0.189390800201007E+00    0.204276683598174E-01    0.152421087048507E-01    0.172692747115346E+00    0.291070988225715E-01   -0.237961802529553E-01
    0.129426232229204E+00    0.204592505135837E-01    0.130107053151455E-02    0.230874948597122E+00    0.165451587437730E-01   -0.255397565831168E-02
    0.594629422577947E-01    0.204284918035478E-01    0.292984131552696E-02    0.220683810925067E+00   -0.391814193452672E-01    0.190508427164233E-01
    0.198128651497687E+00    0.204946247200385E-01    0.420373717484552E-02    0.187870085981684E+00    0.244797868725297E-01    0.115172816428323E-01
    0.113444395828987E+00    0.204771946960159E-01    0.115668179903735E-01    0.188293401511469E+00   -0.231563256846357E-02   -0.228798345947991E-01
    0.720206700009837E-01    0.205528034270715E-01    0.436934583043338E-01    0.218109854635182E+00    0.206399711634295E-01   -0.195488042471750E-01
    0.178990162637689E+00    0.205005565416305E-01    0.185772230597021E-01    0.197765515878133E+00   -0.391216731911612E-01   -0.237470813326278E-01
    0.142377391854306E+00    0.205165331142213E-01    0.984384682316706E-04    0.200743853258405E+00   -0.268296842687278E-01   -0.406696790692820E-01
    0.621046545334538E-01    0.205712911468183E-01    0.294640115673993E-01    0.167746487610830E+00   -0.200653985178834E-02   -0.929232058283173E-02
    0.988641599756666E-01    0.206225202807249E-01    0.390978781321641E-01    0.203854926329813E+00    0.397931269886427E-01   -0.421780132005206E-01
    0.232358217440591E-01    0.206187987936219E-01    0.214966852471209E-01    0.232371602534662E+00    0.133638349316656E-01   -0.684417930004495E-04
    0.309681863792598E-01    0.206044804959843E-01    0.327852325154115E-01    0.227778774173580E+00   -0.213025321857119E-02    0.348470660216910E-01
    0.114187835721014E+00    0.206077876649505E-01    0.261311319365063E-01    0.245289265726290E+00   -0.438276581550301E-02    0.487688207719093E-01
    0.514791201125488E-01    0.206533576994258E-01    0.223678186372381E-01    0.240065684030963E+00    0.287289298209902E-01   -0.435486692256786E-01
    0.735054143902728E-01    0.206890148268689E-01    0.457227320867107E-01    0.245996873446864E+00    0.392763020649262E-02    0.126543258989220E-02
    0.173178744068423E-01    0.206879730823822E-01    0.422871123000057E-01    0.226081564922208E+00   -0.664835998167271E-02   -0.208365421717771E-01
    0.160335345351604E+00    0.207393854535347E-01    0.355015416562875E-02    0.168241848702343E+00   -0.304022593561505E-02    0.331679034998285E-01
    0.131580301482414E+00    0.206970761485962E-01    0.294383201313664E-01    0.180131062289145E+00   -0.620173819483926E-01    0.429047180165222E-02
    0.106424169328177E+00    0.207572560370034E-01    0.276605390829035E-01    0.213860763860030E+00   -0.430363457041790E-02    0.765494224151979E-02
    0.111285573369724E+00    0.207992536678267E-01    0.145498425333815E-01    0.224899775398148E+00    0.125652730853068E-01   -0.533230983745423E-03
    0.165060800653612E+00    0.207905746197403E-01    0.255128564045653E-01    0.229755095411480E+00   -0.230299545832159E-02    0.923969591941708E-02
    0.162768392287553E+00    0.207713988766489E-01    0.224587939935797E-01    0.237696055722171E+00   -0.305347739582603E-01    0.407345654151174E-01
    0.398865338021841E-01    0.208140099451940E-01    0.348370136647717E-01    0.178669053149266E+00   -0.169965944903662E-01   -0.460468559435929E-02
    0.197221505837855E+00    0.209291674794136E-01    0.295943522804179E-04    0.222589295441338E+00    0.872804374141048E-02   -0.370440771653798E-01
    0.648588548846555E-01    0.209350475891571E-01    0.423338352540168E-01    0.228029233624423E+00   -0.946233058677182E-02   -0.108447049887712E-01
    0.150856241169924E+00    0.209137873829421E-01    0.423435749327018E-01    0.194433130134574E+00   -0.316605548701386E-01   -0.249660327259153E-01
    0.969548142752576E-01    0.209254461431136E-01    0.408328452405350E-01    0.229830931419835E+00   -0.359668308038004E-01    0.879769568672181E-02
    0.164963377103735E-01    0.210677065482648E-01    0.366822904944015E-04    0.170624246519097E+00    0.946997727924640E-02   -0.526160470640481E-02
    0.133664141217928E+00    0.211724443094365E-01    0.242704148751094E-01    0.220220569379492E+00   -0.938534011984386E-02   -0.142787312898013E-01
    0.863442509795607E-02    0.212141831895216E-01    0.933717391721432E-02    0.197576409180828E+00   -0.280967567810072E-02    0.174609994254632E-01
    0.181974171260063E+00    0.213307155885576E-01    0.102412561608588E-01    0.202323433785322E+00   -0.209636224497097E-01   -0.199661302544761E-01
    0.141295465134865E+00    0.214483446245496E-01    0.639784009473469E-02    0.222635576418248E+00   -0.475243436463623E-02   -0.656587897622040E-01
    0.152386917427961E+00    0.215012946294487E-01    0.353120527484173E-01    0.186233802478263E+00    0.463246395247448E-01    0.185772380954373E-01
    0.857083814677344E-01    0.214762642283871E-01    0.235128301715179E-01    0.122036324452849E+00    0.508946691510139E-02   -0.159723180010956E-01
    0.192491994434556E+00    0.214918762694889E-01    0.139881350584192E-01    0.184610563782838E+00   -0.153190138514018E-01   -0.436189786566564E-01
    0.191103360911506E+00    0.216181893969030E-01    0.359386637978710E-01    0.217757175876939E+00    0.355031518898884E-01    0.567248357392014E-02
    0.346897053917238E-01    0.216218871095457E-01    0.492233187443703E-01    0.204082912062910E+00    0.164262504534454E-01    0.172825612165373E-01
    0.159070586929123E+00    0.216557125184612E-01    0.239205970708186E-02    0.137048420610788E+00    0.907628660584872E-02   -0.424757391582801E-01
    0.332218153969560E-01    0.216747897622937E-01    0.427160150370892E-01    0.125796767685810E+00   -0.728653811302975E-02    0.198208817045522E-01
    0.824380860118256E-01    0.217253969735181E-01    0.412058081497233E-01    0.215672258556531E+00    0.885239969601375E-02    0.512076929526804E-02
    0.737044658641991E-01    0.216749999172996E-01    0.378468369242302E-01    0.196613865148252E+00   -0.479342492303767E-01    0.411624487624831E-01
    0.143211670201418E+00    0.217510850364269E-01    0.170138204840330E-02    0.222502322279089E+00    0.416961838529007E-03    0.281962284166296E-01
    0.679809833359441E-01    0.217861502449554E-01    0.496972837137800E-01    0.266769094109338E+00    0.259991972528514E-01    0.108203654059004E-02
    0.847223968744825E-01    0.217445951725048E-01    0.232349983609642E-01    0.273821642758407E+00   -0.196838821889106E-01    0.137928465960194E-01
    0.144514954514935E+00    0.218226254003364E-01    0.206943457797299E-01    0.183670748851941E+00   -0.191175411886105E-01    0.327109097044228E-01
    0.156504229969995E+00    0.218864507858900E-01    0.235220981568632E-02    0.202358697947397E+00   -0.183651630730168E-01    0.415902833352357E-02
    0.194928644678593E+00    0.218829805344083E-01    0.430910713004778E-01    0.175813366165522E+00   -0.399084737311939E-01    0.237222337449861E-01
    0.171286081763354E+00    0.219747881507900E-01    0.197360889918240E-01    0.236587399469088E+00    0.326928520774358E-02   -0.411229317035821E-01
    0.116454992840653E+00    0.219430650186460E-01    0.118627338557323E-01    0.242956597045868E+00   -0.443039333819900E-01   -0.173222275407336E-01
    0.131127370118352E+00    0.220340483083409E-01    0.153571281077270E-01    0.232460712744921E+00    0.339787886336609E-01    0.204851058935976E-01
    0.102104123370242E+00    0.220459834349291E-01    0.311953670425383E-01    0.197532041394900E+00   -0.853603242311282E-03   -0.363857428217112E-01
    0.174392216117264E+00    0.220708956922492E-01    0.419879590587256E-01    0.187001486103131E+00   -0.110119922316728E-01   -0.179328904792174E-02
    0.753117508146644E-02    0.221172682974479E-01    0.353100715992754E-01    0.254046274558720E+00   -0.449017562583933E-01    0.509630349076004E-02
    0.882495807873361E-01    0.221844549471844E-01    0.301222097549183E-01    0.208331372449170E+00   -0.187001339770499E-01    0.166594912619084E-01
    0.217957965391331E-01    0.222069441868871E-01    0.209139158529436E-01    0.196530321251712E+00   -0.186525543025633E-01   -0.568561354697964E-02
    0.738490524121466E-01    0.222130000951758E-01    0.122339351747823E-01    0.238294719177237E+00   -0.219211401033725E-01   -0.154554892470882E-01
    0.157106611599708E+00    0.223275659060800E-01    0.290266615336490E-01    0.217828017009441E+00    0.167770476159408E-01   -0.228177806157956E-01
    0.786381410442501E-01    0.223609679257774E-01    0.232503778941428E-01    0.217440658266794E+00   -0.156707432886014E-01    0.338938031186784E-01
    0.601400152604818E-01    0.225028525803709E-01    0.351043489448298E-01    0.182988500205106E+00    0.329673701061348E-01    0.207914070017359E-01
    0.360788594418121E-01    0.224740168830140E-01    0.303786440048104E-01    0.246594434317063E+00   -0.338239283502530E-01   -0.163272408731015E-01
    0.192079976384078E+00    0.225388123636476E-01    0.529284646893817E-02    0.239868592995015E+00    0.350189502554206E-02    0.168397932059178E-01
    0.110714951295377E+00    0.225765980139707E-01    0.130095048377260E-01    0.221606645906314E+00    0.116608467284306E-01    0.872658583328512E-02
    0.134933669677023E-01    0.226015163104873E-01    0.584859978303698E-02    0.195241764909953E+00    0.328953728738157E-01    0.775453160770762E-02
    0.631034846201301E-01    0.225780642702861E-01    0.287571635687413E-01    0.228070698405388E+00   -0.347460775595247E-02   -0.237038488455481E-01
    0.146224049120119E+00    0.225846384983256E-01    0.447320621469121E-01    0.194902846860106E+00   -0.517541775344485E-01   -0.192551394962883E-02
    0.138719989434963E+00    0.226671599644202E-01    0.157669747630365E-02    0.187378362179596E+00   -0.214417351659713E-02    0.116788407630009E-01
    0.157045755944222E+00    0.227286703578112E-01    0.367709876855368E-02    0.213677517776634E+00    0.274807229575449E-01    0.178000396777398E-01
    0.136994564972409E+00    0.227292262507817E-01    0.437995028020887E-01    0.189804514168222E+00   -0.282004713195954E-01    0.415592575110623E-01
    0.194309744421168E+00    0.227851465957222E-01    0.104014718897033E-01    0.173559252381376E+00   -0.544705704855655E-01   -0.124182962974527E-01
    0.140171928091296E-01    0.228543650920105E-01    0.266070445113619E-02    0.189603079431880E+00   -0.122655762870444E-01   -0.100537149090378E-01
    0.520536030929216E-01    0.229540414705739E-01    0.845587627040699E-02    0.174188603994773E+00    0.642415103047519E-01    0.238488562946094E-01
    0.134480222638165E+00    0.229184323429321E-01    0.461439168730397E-01    0.199574963810629E+00   -0.925920130302201E-02   -0.514801423876814E-01
    0.593621537775297E-01    0.229320854462864E-01    0.173335475037028E-01    0.200950279057017E+00    0.274871301054181E-02    0.236676397827327E-01
    0.861341558060472E-01    0.229814321646724E-01    0.106371613808975E-01    0.222451454169041E+00    0.375403704719271E-01   -0.989439242495746E-02
    0.144755525908068E+00    0.229364723822376E-01    0.245922086454342E-01    0.199971059517305E+00   -0.156273064430220E-01    0.293372229899731E-02
    0.344885535685823E-01    0.229774989024905E-01    0.156384852115291E-01    0.224151556911567E+00    0.206761382238464E-01    0.163559381093522E-01
    0.893854336592401E-01    0.230070876741789E-01    0.181127571663778E-01    0.197676029504092E+00    0.430369348592008E-01    0.877482122494588E-02
    0.352712451895304E-01    0.229807725162735E-01    0.223504203579032E-01    0.214491775897223E+00    0.144311701860900E-01   -0.206631599839426E-01
    0.113034866392681E+00    0.229955835972584E-01    0.436004095006444E-01    0.142432758693231E+00   -0.248835870176525E-01    0.234607686147373E-01
    0.168125848464687E+00    0.230986268941220E-01    0.249168272424744E-01    0.215375656154376E+00    0.517721785378295E-01   -0.541526946868095E-01
    0.692349248301936E-01    0.231409775020049E-01    0.899894647136112E-02    0.199006940962921E+00    0.669553432131501E-01    0.167319096106940E-01
    0.104479833150763E-01    0.231135052058134E-01    0.215418828797619E-01    0.219529764282384E+00    0.105054911914808E-02    0.153914878631926E-01
    0.130792814659473E+00    0.230728093683054E-01    0.213119292996633E-01    0.271480095718607E+00   -0.650284614143543E-01   -0.194121674054996E-01
    0.138257784855645E+00    0.231539378274607E-01    0.389041163914324E-01    0.231033183518781E+00    0.166051945263645E-01   -0.200498519326307E-01
    0.135921310325422E+00    0.231783137169513E-01    0.154106310676515E-01    0.154470643729695E+00    0.406177197331479E-01   -0.218121498998175E-02
    0.197427582424349E+00    0.232214239865452E-01    0.367704988840795E-02    0.161424936633616E+00    0.490224172117194E-01    0.265864740727726E-01
    0.121816157096355E+00    0.233094231842562E-01    0.163590849675503E-01    0.216001874045965E+00    0.240876959551165E-01    0.394756937960803E-01
    0.190909912216029E+00    0.232923035235465E-01    0.101398705498825E-01    0.236978921858759E+00   -0.234085877161039E-01    0.234980919662153E-01
    0.187528775144725E+00    0.232559501818550E-01    0.299683530031212E-01    0.220126974169127E+00   -0.713416565888227E-01    0.360795264800000E-01
    0.291151174433904E-01    0.233783649147555E-01    0.414035982818049E-01    0.218156904917368E+00   -0.240474452244401E-02   -0.965772900496508E-02
    0.167151966132869E+00    0.233552247317010E-01    0.398493181542364E-01    0.208601773211320E+00   -0.310088559572959E-01   -0.330309683736985E-02
    0.164101072613363E+00    0.234263533100713E-01    0.323780123475992E-01    0.168033549418022E+00   -0.491428826833359E-01   -0.381501294596760E-01
    0.187753003411161E+00    0.234566299476405E-01    0.263907922617076E-02    0.183381977019304E+00   -0.234891871838295E-01   -0.897588950576865E-02
    0.273875130688263E-02    0.235054484108077E-01    0.280989507514922E-01    0.182840455970490E+00   -0.126237953229995E-02    0.927882421308617E-03
    0.168651924428994E+00    0.235371052092024E-01    0.637485839962517E-03    0.230808566644267E+00    0.255645883467744E-01   -0.290284824299016E-01
    0.173769954731280E+00    0.235807351233998E-01    0.166999630358281E-01    0.259207309446997E+00   -0.268899137898106E-01    0.405613998282968E-02
    0.196809020368330E+00    0.236481986183612E-01    0.913881086398827E-03    0.241979480275545E+00    0.350905528875346E-01   -0.965456256264442E-02
    0.169475114660821E+00    0.236567914694098E-01    0.358657261253341E-01    0.142963999815320E+00    0.313750117812579E-01   -0.917225602861416E-01
    0.178736013906656E+00    0.236623046853239E-01    0.330872885997168E-02    0.181869664789415E+00   -0.435035635794070E-01   -0.367709821210314E-01
    0.173354384580389E+00    0.237486355126735E-01    0.163422963619773E-01    0.218829185789113E+00    0.292441318207605E-01   -0.262503756862657E-01
    0.790123437711784E-01    0.237621346496715E-01    0.336674980286514E-01    0.174727162929870E+00    0.352376743121135E-01    0.993943166236341E-02
    0.325162666811421E-01    0.237480080434422E-01    0.518165666094110E-02    0.120859668913400E+00    0.169623824095961E-01   -0.908252648196066E-02
    0.118007965510009E+00    0.237164036437383E-01    0.123250329178374E-01    0.236964225326714E+00   -0.170685693213576E-01    0.383794606203926E-02
    0.105712348391587E+00    0.237343370989730E-01    0.328619103257150E-01    0.205928791213057E+00   -0.584966861140255E-02   -0.222918424484179E-02
    0.350966109650836E-01    0.238076880188000E-01    0.837998225523335E-02    0.252264084019734E+00    0.685004432443798E-01   -0.134020509340991E-01
    0.650103487237040E-01    0.237533518537206E-01    0.496400403512545E-01    0.165677561970480E+00   -0.266580150164700E-02   -0.359285484498435E-01
    0.150345428355181E+00    0.238695370129617E-01    0.476650267397312E-01    0.207753259977181E+00   -0.203735496369912E-01   -0.220185000715865E-01
    0.154789622754095E+00    0.239752272672186E-01    0.109179251715992E-02    0.169948520162314E+00    0.167575397483161E-01   -0.110131975482290E-01
    0.126143674238724E+00    0.239739990164442E-01    0.421436164963866E-02    0.214306012865208E+00   -0.328777773567277E-02    0.314279611504357E-01
    0.108687105670042E+00    0.239651462475823E-01    0.342985059378227E-01    0.194347977078957E+00   -0.153698509825092E-01   -0.244656216724125E-01
    0.647444281781879E-01    0.239567547534699E-01    0.986267709580990E-02    0.182553896493370E+00   -0.444349504117744E-01   -0.357857642463448E-02
    0.803966738979833E-01    0.239757632521681E-01    0.995049379739703E-02    0.221986934129916E+00   -0.500483582741513E-01   -0.140992387480578E-01
    0.176477072375234E+00    0.240258893089368E-01    0.162911729034066E-01    0.218260357189744E+00    0.930722872444220E-03    0.196129533487571E-01
    0.190296976085969E+00    0.240399793082739E-01    0.354710596368418E-01    0.207680254179263E+00    0.255226630341016E-02    0.146605297753983E-01
    0.185461489995858E-01    0.240829879916768E-01    0.288584569001363E-01    0.147941502069617E+00    0.435769037019106E-01    0.288112317967857E-01
    0.550936596114330E-01    0.240999322859495E-01    0.131404797124095E-01    0.234302638663613E+00   -0.730255799271646E-02    0.250989066567929E-01
    0.591684636939182E-02    0.241852862244680E-01    0.453582740495731E-01    0.192046326675812E+00    0.430784100587848E-01    0.503222677551707E-01
    0.924667013423662E-02    0.241782813178241E-01    0.188048752203307E-01    0.222490209741377E+00   -0.159955764060525E-01   -0.332745469114929E-02
    0.540475725615098E-01    0.242318709820647E-01    0.253660302670541E-01    0.160310383782410E+00    0.196553827889213E-01   -0.301456371842241E-01
    0.162906535871655E+00    0.242773569827725E-01    0.594043518727535E-02    0.218687592499137E+00    0.282875293756006E-01    0.492827846881842E-02
    0.148936527374678E+00    0.243411491895944E-01    0.276092860032598E-01    0.248886842776385E+00   -0.112421639537359E-01   -0.339050238024932E-01
    0.295537124750299E-01    0.243645663583184E-01    0.446622016979540E-01    0.152384074484957E+00    0.917456136725292E-02   -0.360154472339138E-01
    0.137384902776769E-01    0.243612214825478E-01    0.894168948483308E-02    0.191715152731349E+00   -0.463794849599151E-01    0.218431296533362E-01
    0.145690918439721E+00    0.244634869488249E-01    0.385303390751841E-01    0.187420846418747E+00    0.369468352758501E-01    0.134220602091818E-01
    0.130672990447717E+00    0.244131498349504E-01    0.124622421477941E-01    0.201299933583459E+00   -0.399452778875133E-01    0.546626213280891E-02
    0.918531060028911E-01    0.244387751547399E-01    0.297050103623655E-01    0.262605364978992E+00   -0.412207354961803E-01    0.266210352507643E-01
    0.347373630597754E-01    0.245834517379289E-01    0.196478124748390E-02    0.204013813874340E+00    0.477915223759868E-01   -0.267697756083456E-01
    0.504603963669565E-01    0.245767391580022E-01    0.233664482642586E-01    0.244823459599202E+00    0.304353488300690E-01    0.148091851439667E-03
    0.149986643532918E+00    0.245601499391144E-01    0.304078290326009E-02    0.220908383917692E+00    0.406011944501170E-04    0.285028042130378E-01
    0.918609855071574E-01    0.245750633414308E-01    0.339510893438657E-01    0.160208439578266E+00    0.142346281932284E-01    0.245761910178028E-02
    0.742530366984137E-01    0.246073803531574E-01    0.204068834862641E-01    0.263156605670243E+00    0.357769919421583E-01   -0.273815204890069E-01
    0.136801790347464E+00    0.246608938970729E-01    0.469986525434852E-01    0.191960302287091E+00   -0.223238865888736E-01   -0.164463299231475E-01
    0.706878345418784E-01    0.247015771013142E-01    0.214178406438598E-01    0.215103954270437E+00    0.146637573432693E-01    0.247955904048971E-01
    0.165997028911918E+00    0.247146343292805E-01    0.170262858995709E-01    0.170266177587329E+00    0.123966020110314E-01   -0.365839546074598E-01
    0.788004954137321E-01    0.247069580005238E-01    0.743895209037462E-02    0.177386357520728E+00   -0.168677972039760E-01   -0.134815858026812E-01
    0.105948238264760E+00    0.247730047126791E-01    0.110605203853691E-01    0.210060592162205E+00    0.395246974945808E-02    0.306246940787982E-01
    0.169800689843281E+00    0.248073766952925E-01    0.312762809765181E-02    0.194614500073621E+00   -0.221508623239139E-01    0.148965125868319E-01
    0.330371120322590E-01    0.249273881121014E-01    0.171758067223712E-01    0.242453010858399E+00   -0.374360037485088E-01    0.139848157698685E-02
    0.863962090761468E-01    0.249605267732026E-01    0.258337350870710E-01    0.175342694828737E+00   -0.121681674060870E-01   -0.130232798043875E-01
    0.151498474902411E+00    0.250167376454263E-01    0.321531284684008E-01    0.150106703326515E+00    0.159661791473906E-02    0.310640984110616E-01
    0.132656557138702E+00    0.250577186926570E-01    0.379180291793218E-01    0.207549780192825E+00   -0.562307134833673E-02   -0.244126662351854E-01
    0.140633547862403E-01    0.251318304715774E-01    0.262620963033159E-01    0.171115631607743E+00   -0.252666272888171E-01    0.255273065647269E-01
    0.150783920359896E+00    0.251341698244621E-01    0.832732497350598E-02    0.214928931052655E+00   -0.271067207952941E-01   -0.279823356868388E-01
    0.124726004667941E+00    0.251606650789827E-01    0.403177864294632E-01    0.197416518744101E+00   -0.202267668476463E-01   -0.427814995234394E-01
    0.684050663745414E-01    0.251950116615127E-01    0.103234636389607E-01    0.180518245234911E+00    0.144086636367685E-01   -0.145886978041454E-01
    0.139280082781708E+00    0.251873330622198E-01    0.277855401300633E-01    0.263622862496846E+00   -0.317757750775947E-01    0.474169700351333E-02
    0.607037350510551E-01    0.252698833686456E-01    0.167445841256536E-01    0.248397306151322E+00    0.216202520002164E-01   -0.297319478989940E-01
    0.198645934813931E-01    0.252608598953863E-01    0.866798871816513E-02    0.198817343778747E+00   -0.315567430823719E-01   -0.176978227970571E-01
    0.110389938844128E+00    0.253254865617073E-01    0.423286455373802E-01    0.217161787492878E+00    0.325377353472733E-01   -0.613096429669795E-01
    0.177801199618899E+00    0.253312454089201E-01    0.380871667246130E-01    0.233235509679215E+00   -0.359855355776049E-02    0.132828641901746E-01
    0.634603363924560E-02    0.253614442239071E-01    0.317079606932430E-01    0.224583350426420E+00   -0.136386974455381E-02    0.197120742188408E-01
    0.730122439152975E-01    0.253723768159685E-01    0.459949341589675E-01    0.195697799394753E+00   -0.230794153814270E-01   -0.144701352451280E-01
    0.130453226483401E+00    0.254517832351193E-01    0.286450259155930E-01    0.223624449596815E+00    0.477804249082288E-01   -0.844053561270747E-01
    0.181572332870026E+00    0.254113506964960E-01    0.315208610167419E-01    0.230547844072171E+00   -0.114862793539835E-01   -0.470673640045143E-01
    0.699743726230689E-01    0.254657965924462E-01    0.353999444934108E-01    0.257720296067096E+00   -0.632082837246396E-03   -0.131966897082732E-01
    0.190038746067696E+00    0.255224882316912E-01    0.445939595918714E-02    0.215697107782012E+00   -0.609767477847186E-02   -0.309300882320093E-01
    0.103280512667972E+00    0.255813816516488E-01    0.116145016614268E-01    0.150900089690563E+00   -0.143765812856333E-01    0.150821205573296E-01
    0.704336745663355E-01    0.256235981899338E-01    0.147710668827946E-01    0.235541917814214E+00    0.189571331137154E-01    0.113216083368658E-01
    0.110775969709757E+00    0.256746107616008E-01    0.151336189388478E-01    0.160030362050126E+00   -0.925602761044313E-02    0.628940762151453E-02
    0.111125564722089E+00    0.256768932073518E-01    0.338127023265259E-01    0.165734190828934E+00   -0.102209152853292E-01    0.437779278268156E-01
    0.103861786407785E-01    0.258129519884969E-01    0.355053753288063E-01    0.180929716896121E+00    0.692698321117437E-01    0.127439215971594E-01
    0.195269708518118E+00    0.258025210268401E-01    0.475969933414187E-02    0.224905175902303E+00    0.354738295254146E-01    0.317648789208652E-01
    0.179898986788587E+00    0.258125258288504E-01    0.399972630681870E-01    0.227874682545181E+00    0.431636376193013E-01    0.172574071961252E-02
    0.118897864971239E+00    0.258481056810178E-01    0.437203176337422E-01    0.216396953335173E+00   -0.117385159558640E-01   -0.384530394665653E-01
    0.199838765828220E+00    0.259372327479830E-01    0.186207244554994E-02    0.199642494961647E+00    0.893129073286244E-02    0.208948278097955E-02
    0.148049962793765E+00    0.259184909015407E-01    0.121146501049288E-01    0.211865778710138E+00   -0.570430545872858E-01    0.499523965606967E-01
    0.171843046582339E+00    0.260391090210605E-01    0.581382398840600E-02    0.192720489200908E+00    0.467795407954320E-02   -0.157777050021760E-01
    0.166646423393040E-01    0.263021822790537E-01    0.336822449507879E-01    0.222955413497483E+00   -0.163781326071170E-01   -0.285461625414824E-01
    0.871618272012434E-01    0.263101954784562E-01    0.160899289015676E-01    0.190832058702539E+00   -0.121383084081565E-01   -0.361169855067947E-02
    0.185437624604266E+00    0.263615849987679E-01    0.467411386600337E-01    0.257532358631583E+00   -0.595186913347886E-02    0.276382487052547E-01
    0.128415863804392E+00    0.264336241602449E-01    0.353293142646985E-01    0.219337798328068E+00    0.111093536981041E-01    0.104917451373521E-01
    0.643773602989238E-01    0.264854927329482E-01    0.105436570666327E-01    0.219412890317779E+00    0.247804169276440E-01   -0.602479859257468E-01
    0.706670488772706E-01    0.264287880910208E-01    0.337112338485724E-01    0.261035622865820E+00   -0.409659248160251E-01    0.336313428888538E-01
    0.653457927506592E-01    0.265454846294585E-01    0.125289498966425E-01    0.239979236321747E+00    0.282046565560150E-01   -0.590527902794330E-02
    0.467262037641092E-01    0.264632242340290E-01    0.466050105116250E-01    0.209611998930851E+00   -0.796854688703125E-01   -0.221340919978361E-01
    0.198542008851953E+00    0.265494091080695E-01    0.417491099265034E-01    0.201196837086045E+00   -0.270570640559084E-01   -0.132654512797862E-01
    0.128187184483683E-01    0.266242274880908E-01    0.729862335829748E-02    0.193136328139947E+00    0.488166026393550E-01    0.259907801349441E-01
    0.110877276029333E+00    0.266616273504370E-01    0.308937312416547E-01    0.245118789916976E+00    0.256152382404790E-01    0.212774933068532E-01
    0.907826190004908E-01    0.266162295240785E-01    0.312898944911818E-01    0.168653464538672E+00   -0.264035857643618E-01    0.171352276080997E-01
    0.688118678785053E-01    0.267139543574530E-01    0.349732199364812E-01    0.227517119309477E+00    0.835646305753033E-02    0.513185793949924E-02
    0.398887486598965E-01    0.267744211263171E-01    0.355841651076908E-01    0.214862180485863E+00    0.510446732280872E-01   -0.813230410056719E-02
    0.149515138650244E+00    0.267550046746877E-01    0.290754394948900E-01    0.203366861367164E+00   -0.842399208600888E-02    0.356236276578638E-01
    0.862250485583337E-01    0.268183023243342E-01    0.122407919888887E-01    0.200087070059465E+00   -0.177191943262867E-01    0.114242400126138E-02
    0.170632416057264E+00    0.268154996735492E-01    0.550414159238352E-03    0.252273335199426E+00   -0.441592505971934E-01    0.367754064610661E-01
    0.151269134212442E+00    0.268915680526992E-01    0.422662661708566E-01    0.277988675197033E+00    0.201196169059779E-01    0.226386084465148E-01
    0.731805260750564E-01    0.269014808839728E-01    0.368243627990561E-01    0.180776227257295E+00    0.103427952124713E-01   -0.163280489276281E-01
    0.142314075717360E+00    0.269881739770180E-01    0.205955220560999E-01    0.241556037612770E+00    0.183633969050884E-01   -0.386105364406030E-01
    0.181058134190640E+00    0.270178058260417E-01    0.483431602115262E-01    0.184650974329259E+00    0.212433990894221E-01   -0.249322308741904E-01
    0.167905441607117E-02    0.270066914907742E-01    0.109301797054885E-01    0.189417305454893E+00   -0.540764516035386E-02    0.273785370213148E-01
    0.179708287594794E+00    0.271083941715393E-01    0.477040624407439E-01    0.208477405206296E+00    0.238091937129316E-01   -0.185824587395378E-01
    0.114283804610661E+00    0.270932038805092E-01    0.463106437038470E-01    0.171916216002367E+00   -0.568577429574456E-02    0.276225327595172E-01
    0.666125996054154E-01    0.271955027761598E-01    0.293474243689981E-01    0.202747150616982E+00   -0.335226466073737E-01    0.154163329951700E-01
    0.132902896679859E-01    0.274878701681572E-01    0.949940984161659E-02    0.260021625032972E+00    0.153159473025143E-01    0.128513025137365E-01
    0.870614242496228E-02    0.275229891579755E-01    0.781510788383084E-02    0.194093325637639E+00    0.328333241535688E-01    0.317180674729897E-01
    0.715889743680458E-01    0.274576624395567E-01    0.223726318046565E-01    0.214582818788193E+00   -0.366377323359586E-01    0.122250864804660E-01
    0.287164094963441E-01    0.275600716266662E-01    0.152175769697484E-01    0.219881055634762E+00   -0.625616587508754E-02   -0.450823657926614E-01
    0.128639038215793E+00    0.276118363220980E-01    0.173764364058492E-01    0.178435453078772E+00    0.252877407384644E-01   -0.249022658218891E-01
    0.198157892306305E+00    0.275811199317290E-01    0.481531611944345E-02    0.195201063911308E+00   -0.402637502555223E-01    0.519756610730125E-01
    0.104799658799350E+00    0.276182777818064E-01    0.141614154607774E-01    0.176697870262799E+00   -0.862614966500503E-02   -0.203612960959996E-01
    0.339011836686703E-01    0.276510293353168E-01    0.948425008286454E-02    0.209919699288323E+00    0.149379522110153E-01    0.523103384290114E-01
    0.147193881600934E+00    0.277368420535851E-01    0.201497668865191E-01    0.227702799883272E+00    0.489046656733244E-01    0.483544945967485E-01
    0.910352676190434E-02    0.277343509997434E-01    0.157082956563324E-01    0.209414362750751E+00    0.318144091652365E-01   -0.209710892169097E-01
    0.592702064896431E-01    0.277370031733725E-01    0.224068068271269E-01    0.221607731835746E+00    0.111719831831981E-01    0.181908548917467E-01
    0.778759493116465E-01    0.278233742853848E-01    0.277573506407587E-01    0.157708207447870E+00    0.283532186043927E-01   -0.240057533020524E-01
    0.141182212455583E+00    0.279534832409912E-01    0.760829543326778E-03    0.186399096082641E+00    0.343874950426849E-01   -0.257004500800969E-01
    0.637614578300263E-01    0.279469074474895E-01    0.471893341901042E-01    0.188489090707037E+00    0.130329698170178E-01    0.981344368731324E-02
    0.104216739204893E-01    0.279752046223865E-01    0.328260491434132E-01    0.169154785202057E+00   -0.979958483390079E-02    0.198284057232305E-01
    0.766989967621149E-01    0.279947436084945E-01    0.170383303154964E-01    0.228233711522357E+00    0.179160604098352E-02    0.518855728012576E-01
    0.157486650940539E+00    0.279696736952726E-01    0.325903567813784E-01    0.263151180979830E+00   -0.242811041502588E-01    0.309337860037663E-02
    0.895194750408513E-01    0.279916768055632E-01    0.711260555058070E-02    0.207929676820339E+00   -0.380558276896439E-01   -0.203623526957936E-01
    0.195860394567034E-01    0.281130375571954E-01    0.206876031159918E-01    0.296452634826868E+00    0.122176471282086E-01   -0.172758619519486E-01
    0.401939899060746E-01    0.281568367893856E-01    0.229756506633047E-01    0.160072915135047E+00    0.551452876069376E-01   -0.173339691067153E-02
    0.184467198034434E+00    0.281284815136888E-01    0.366950315969255E-02    0.210556931268261E+00   -0.112907564651514E-01    0.262203225594966E-01
    0.162869314035253E+00    0.281955420575418E-01    0.153339601273680E-01    0.201308092509250E+00    0.396821577797113E-01   -0.404777129384995E-01
    0.181115915143901E+00    0.281818586604150E-01    0.158219707213575E-01    0.252484415080496E+00    0.198017893295101E-01   -0.165496642585323E-01
    0.893162338146985E-01    0.281231963751571E-01    0.173550301710889E-01    0.166266581879741E+00   -0.416812917919421E-01    0.256432764115579E-02
    0.169410209048054E-01    0.281586149115526E-01    0.346986468232141E-01    0.187655331234399E+00   -0.112716347360576E-01   -0.151301431766059E-01
    0.152799094402667E+00    0.281425604874462E-01    0.119286790407917E-01    0.184824242471739E+00   -0.297784781733174E-01   -0.283696760485556E-01
    0.425031313798336E-01    0.282686084839229E-01    0.263551673329195E-01    0.142839139601289E+00    0.452717834637329E-01    0.187883486391097E-01
    0.164835016726923E-01    0.282281421541047E-01    0.309116516285089E-01    0.215793356047208E+00   -0.141510435130534E-01    0.600205626910493E-02
    0.188483450477518E+00    0.282233788250103E-01    0.131747973561210E-01    0.226460495638741E+00   -0.398586607072608E-01    0.109212619043962E-01
    0.184125831574728E-01    0.282848115037654E-01    0.285952237656379E-02    0.219355226018178E+00    0.117685236515848E-01    0.407423502776409E-01
    0.119642173732938E+00    0.283171604366952E-01    0.353942058686834E-01    0.212641304388681E+00   -0.355211703947208E-01    0.104026676171798E-01
    0.183712622460046E+00    0.284551348947135E-01    0.189471043665930E-01    0.235102866302238E+00    0.247221985805964E-01    0.921114390566817E-02
    0.980965540485326E-01    0.284626097363044E-01    0.382346027857381E-01    0.209770627658579E+00   -0.460514256033443E-02   -0.703589727754999E-01
    0.518108530354627E-01    0.285241784628300E-01    0.137681815757281E-03    0.187972475429393E+00   -0.888237660049779E-02    0.120790903267728E-01
    0.741627266635663E-01    0.285187403843053E-01    0.126997532595310E-01    0.193846097526194E+00   -0.350625056003603E-01    0.477626217873875E-02
    0.130688841927549E+00    0.286178504652287E-01    0.277926273058882E-03    0.230792389522861E+00    0.576812312170481E-02    0.848773609858797E-02
    0.479535475403767E-01    0.286701483170420E-01    0.352625397520872E-01    0.230273396098888E+00    0.306362277964717E-01    0.272535965409866E-01
    0.190351190272816E+00    0.286668850673762E-01    0.222952525382327E-01    0.275499904549662E+00    0.383748134287826E-03   -0.169818270518247E-01
    0.195621536872191E-02    0.286535729466854E-01    0.411399508538054E-03    0.186468106701940E+00   -0.150544618224655E-01   -0.406894767706689E-01
    0.129889020894982E-01    0.286574486742462E-01    0.497454019685806E-02    0.187193117411039E+00   -0.138293861953712E-01   -0.121461377079365E-01
    0.248121507232101E-01    0.286711507782479E-01    0.406981682700345E-01    0.209448220059524E+00   -0.154212082020237E-01   -0.205025081701191E-01
    0.665749603607772E-02    0.287131869764712E-01    0.470487949076446E-01    0.147127002734119E+00    0.161357842972411E-01    0.107601236129314E-01
    0.768098207278305E-01    0.287189666937459E-01    0.372594257476027E-01    0.189465917179875E+00    0.128736695335894E-01    0.117643462632798E-01
    0.527210438574492E-01    0.287905146167106E-01    0.388980374137903E-01    0.262901598392791E+00    0.299767168660080E-01   -0.416966353923377E-01
    0.105142631335603E+00    0.287455062301577E-01    0.243426140815604E-01    0.200623926944191E+00   -0.276290847589780E-01   -0.179938163871343E-02
    0.860535485540293E-01    0.287864913762552E-01    0.708273307098555E-02    0.208655480025514E+00    0.131513411167345E-01   -0.414791465542826E-01
    0.904608477124949E-01    0.288505023535135E-01    0.408723027227027E-01    0.179954427935606E+00    0.512360551970012E-02    0.114340795879997E-01
    0.186774819217451E+00    0.288999109165486E-01    0.338406741234513E-01    0.202476869423396E+00    0.530800176549402E-02   -0.180241035043202E-01
    0.195834442857534E+00    0.289271166905521E-01    0.431736493938099E-01    0.211864303110952E+00    0.206242046331881E-01   -0.676139460464456E-02
    0.189135987552001E+00    0.289214041371995E-01    0.303719785517764E-01    0.250555131127498E+00   -0.519312347013466E-02   -0.144476781502830E-01
    0.250494129561491E-01    0.289732683162805E-01    0.140087601407903E-01    0.193677458326601E+00   -0.360889540748092E-01   -0.108530060660680E-01
    0.111845636203902E+00    0.290420797368804E-01    0.788005919542639E-02    0.249004171024250E+00    0.940971350000941E-02    0.142248181459862E-01
    0.567258011985956E-01    0.290262525928320E-01    0.115279658284332E-01    0.238900348036511E+00   -0.969649050954005E-02    0.158864071739948E-01
    0.869985335063388E-01    0.290299738425914E-01    0.475333131785328E-02    0.186647558066449E+00   -0.143435608881362E-01    0.311383446115732E-01
    0.597584686875303E-01    0.291006816966706E-01    0.279380948364254E-01    0.200843808181525E+00    0.458574001032609E-01    0.200135329433431E-01
    0.173687779251175E+00    0.290463664108917E-01    0.771788538883712E-02    0.243025911857513E+00   -0.187772847208444E-01    0.118774307069250E-01
    0.184233286756455E+00    0.290599114470175E-01    0.264510763120511E-01    0.228246751951278E+00   -0.178912663625316E-01    0.241488220012096E-01
    0.177655538808953E+00    0.291497315124808E-01    0.109687918203112E-02    0.195627287004285E+00   -0.560869971371662E-02   -0.507106063108820E-02
    0.132001429890628E-02    0.292534657071855E-01    0.392811588933780E-03    0.281440548511200E+00    0.923663903562169E-02   -0.736558161599737E-01
    0.770694460524709E-01    0.292307786814302E-01    0.233393340634552E-01    0.180549210699062E+00   -0.329075862541710E-01   -0.541814254865481E-01
    0.119932310742392E-01    0.292552700266703E-01    0.364497763936878E-01    0.184785606137854E+00   -0.409174486835355E-01    0.112037478557868E-02
    0.501239582665726E-01    0.293072772972031E-01    0.170558315929258E-01    0.203459937043186E+00    0.101445219058971E-01   -0.174905660659584E-01
    0.100239464229244E+00    0.293434896192773E-01    0.349021546340017E-01    0.206795503572284E+00    0.252919823941243E-01    0.338981774899459E-01
    0.162519954799334E+00    0.293610448306279E-01    0.420472827065715E-01    0.197050893510877E+00    0.278567158348616E-01   -0.308084466929703E-01
    0.102561825757161E+00    0.294251078943531E-01    0.353537650915717E-01    0.240394374571871E+00    0.634913575255005E-02   -0.748243161802658E-02
    0.113597622710724E+00    0.294731449591806E-01    0.442367051647144E-01    0.182525350550314E+00    0.408249434977356E-01    0.365293153777573E-01
    0.697379901981145E-01    0.295061203627319E-01    0.107343394765413E-01    0.216918260733353E+00    0.180500318755454E-01   -0.160700592089321E-01
    0.150346321761549E+00    0.294898155363357E-01    0.313417583483203E-01    0.286984868954284E+00   -0.882393267497979E-02   -0.167787789771869E-01
    0.176309851017031E+00    0.295576186800845E-01    0.320375407918145E-01    0.195275545289230E+00    0.235388567258928E-01   -0.573479463428304E-01
    0.613077128076705E-01    0.295790937980701E-01    0.474082666216289E-01    0.222702365763858E+00    0.344852503894804E-01    0.148534155395811E-01
    0.537432657314996E-01    0.295929221081155E-01    0.190039484858435E-01    0.157470259453467E+00    0.126214439500044E-01   -0.138237706887016E-01
    0.180513643363497E+00    0.296963100874486E-01    0.172878678664929E-02    0.210080801255952E+00    0.152177290280530E-01    0.415174997840032E-02
    0.163712672182711E+00    0.296927774822202E-01    0.231978970998892E-01    0.211829792472280E+00   -0.521218559902402E-02   -0.305787472995136E-01
    0.338261118566678E-01    0.297536226879554E-01    0.287903602089352E-01    0.179263473071626E+00    0.120761393333238E-01   -0.283819712481962E-01
    0.180346025521648E+00    0.297452568559857E-01    0.262116743289215E-01    0.135950095983447E+00   -0.330868865259609E-01   -0.124545193497487E-01
    0.157580069900225E+00    0.298952011130770E-01    0.224449648598553E-01    0.181591788962076E+00    0.211348449425864E-01   -0.981999313308478E-02
    0.106224713647929E+00    0.298598326718764E-01    0.465403001858276E-01    0.197668004119281E+00   -0.354054658639005E-01   -0.650752720764910E-01
    0.305247486472236E-01    0.299081617205565E-01    0.333179015930255E-01    0.231101372340529E+00    0.242206561018045E-02   -0.946741427216154E-02
    0.124122957610915E+00    0.299933686483372E-01    0.238042654946978E-01    0.170660905075897E+00    0.456437850344783E-01    0.343361220420793E-01
    0.655544336397150E-02    0.299796851187384E-01    0.416779619636543E-01    0.223335174740663E+00   -0.285474087598680E-01   -0.150511903703902E-01
    0.154417101499764E+00    0.301543191282284E-01    0.466937004167742E-01    0.153982783604753E+00    0.132597636589843E-01   -0.533933293647352E-02
    0.860069096565868E-01    0.301525422311777E-01    0.444648975805527E-01    0.198137292234415E+00    0.488073101767145E-02   -0.192091912762115E-01
    0.276755288133377E-01    0.301816996394478E-01    0.639965481970683E-02    0.210613311854182E+00    0.482936503940883E-02   -0.120874779828580E-01
    0.341895741323155E-01    0.302097545669336E-01    0.308820183113485E-01    0.183416305012476E+00    0.200047906337970E-01    0.474854371081634E-01
    0.181018843434679E+00    0.303103942601991E-01    0.201477912915539E-01    0.138717529135713E+00    0.276089217205072E-01    0.425797653393619E-02
    0.260189209372040E-01    0.303521630268000E-01    0.396826069419474E-01    0.205965085271077E+00    0.114683929010405E-01    0.134750974129319E-01
    0.636004869359530E-01    0.303590631872740E-01    0.853366225080401E-02    0.117254802801629E+00    0.139776240120305E-01    0.373737726217645E-01
    0.129810181927052E-01    0.303786101298011E-01    0.464778854152961E-01    0.202690736277214E+00    0.245102487312036E-02   -0.567639560711326E-02
    0.142708997646799E+00    0.303487897879805E-01    0.242266569645105E-01    0.184674823144974E+00   -0.300414007166446E-01   -0.127616151351546E-01
    0.461500840180062E-01    0.304873729917014E-01    0.113905490026676E-01    0.228144897261212E+00    0.145051386322165E-01   -0.449142739757750E-01
    0.469442042469652E-01    0.305307293230247E-01    0.108904630344765E-01    0.200106842653922E+00    0.372326163149961E-01    0.155739585949372E-01
    0.923049509931994E-01    0.304970463066718E-01    0.136569506464909E-02    0.170909320785309E+00   -0.291635665986149E-01   -0.461422036472075E-01
    0.861126226633806E-01    0.305214288854259E-01    0.204335000084308E-01    0.184630309525755E+00   -0.449182101801205E-02   -0.201865504312706E-01
    0.179458812236091E+00    0.305569324165223E-01    0.439051924799448E-01    0.162602991516405E+00   -0.220890668539719E-01   -0.173043652144197E-01
    0.198067377951874E+00    0.306017079668235E-01    0.340422154336746E-01    0.182926913319458E+00    0.189753129338811E-01   -0.108863498857108E-01
    0.146655704482509E+00    0.306288232600082E-01    0.205468163877918E-01    0.158262784335643E+00   -0.597199094355884E-01    0.265543560404438E-01
    0.173118391582095E+00    0.307306916185280E-01    0.177651986395838E-01    0.195514805595427E+00    0.260110377106579E-02   -0.531147411999583E-01
    0.629366078785186E-01    0.307365149488644E-01    0.120420021365888E-01    0.180222615211584E+00    0.412710955760681E-02    0.132418285453681E-01
    0.145662478326137E+00    0.307772538487812E-01    0.411201217667132E-02    0.208006392251304E+00   -0.834189770081569E-02   -0.983307708037773E-02
    0.150644834446185E+00    0.308116125949889E-01    0.146008382020690E-02    0.183371308744155E+00    0.108708091365885E-01    0.592977434210188E-02
    0.479499960947844E-03    0.308491947999572E-01    0.415945115648203E-01    0.176513100871611E+00    0.439858176907076E-01    0.843570373052789E-02
    0.341673028834261E-01    0.307743959086328E-01    0.479836108076638E-01    0.187736682332976E+00   -0.549485351375995E-01   -0.107061815293473E-01
    0.746870235868395E-01    0.308647647020988E-01    0.134519303613107E-01    0.249158247998029E+00   -0.161269060146622E-01   -0.119541562466284E-02
    0.149924193297126E+00    0.309170123029295E-01    0.191082275797603E-01    0.244204398078028E+00   -0.147017108388028E-02   -0.630916127878105E-03
    0.116659438873773E+00    0.309826355578813E-01    0.352881846651889E-01    0.203628135729052E+00    0.749392305417285E-02   -0.477969092176357E-01
    0.115252462453098E+00    0.309864192776153E-01    0.341421633297721E-01    0.204185300730900E+00    0.378989171608840E-02    0.138554566816686E-01
    0.153177958151421E+00    0.309574259615393E-01    0.414229007752706E-01    0.220207183369090E+00   -0.308589640599441E-01   -0.293565858011366E-01
    0.175000503280940E+00    0.309867900237787E-01    0.481282298893519E-02    0.221691445579147E+00   -0.166330259274226E-01    0.265926545157846E-01
    0.770638295056792E-01    0.310622154051829E-01    0.105131428161852E-01    0.194084865625627E+00   -0.311716695822866E-02    0.364567283367438E-01
    0.590902018657990E-01    0.311058730516202E-01    0.331777442005310E-01    0.220479327096724E+00   -0.333198294367759E-01    0.125826710883499E-01
    0.246657019791957E-01    0.311751802261859E-01    0.626441115561971E-04    0.266928596416515E+00    0.265761073079584E-01   -0.255205399082713E-01
    0.667457831167941E-01    0.312312566362060E-01    0.397279332964447E-01    0.118668171547073E+00    0.210486789697690E-01   -0.911691318480408E-02
    0.762826437413952E-01    0.311628161287820E-01    0.743274402937189E-02    0.221343528183260E+00   -0.547443626349491E-01   -0.132809518910001E-02
    0.789671979761726E-01    0.312854600463073E-01    0.244189127527978E-01    0.194953181494887E+00    0.407467489404289E-01    0.265863218726657E-01
    0.192671918764100E+00    0.313307730617392E-01    0.284262025095490E-01    0.231382356500170E+00   -0.135752391316770E-01    0.192466824449471E-01
    0.874057965161195E-01    0.313793875731475E-01    0.110219046276715E-01    0.187830096407318E+00    0.300863355964219E-01    0.283234514672410E-01
    0.924727575587876E-01    0.314304369488127E-01    0.180632491400735E-02    0.150600630521159E+00    0.215359829783019E-01   -0.463753947076487E-02
    0.267510239174758E-01    0.314096389578580E-01    0.428492375674122E-01    0.140662396994272E+00   -0.524815744481963E-02   -0.109332172313948E-01
    0.161144252006731E+00    0.315151784412732E-01    0.323555449795976E-01    0.175169894407168E+00    0.221700142854228E-01    0.185650067123880E-01
    0.174376145793635E+00    0.314708068716772E-01    0.414548049768282E-01    0.195125443422107E+00   -0.458311057803561E-01   -0.121531738872289E-01
    0.677808411882257E-02    0.315438403991782E-01    0.462879997040038E-01    0.228264054111686E+00   -0.388246668777374E-01   -0.387845487211357E-02
    0.215472056752388E-01    0.317092984533056E-01    0.113046304051250E-01    0.151185388470514E+00   -0.329266000527352E-01    0.150816840870194E-01
    0.917909204184907E-01    0.317407935542963E-01    0.329343991895220E-01    0.190058134457993E+00   -0.288063341103913E-01   -0.539872893795685E-01
    0.172275107145710E+00    0.318544600402283E-01    0.265079596560319E-01    0.222687094785702E+00    0.564004469818201E-01    0.465130840577620E-01
    0.695658965384156E-01    0.317923866678027E-01    0.356377776330238E-01    0.183826438180493E+00   -0.194279525146819E-01    0.171955269958950E-02
    0.473781068838327E-02    0.318231034199274E-01    0.263526134961875E-01    0.177116154332541E+00   -0.551642601338957E-02    0.124132915515989E-01
    0.919537599319408E-01    0.318551754606360E-01    0.243233775915473E-01    0.197209819967921E+00   -0.277338651033278E-01   -0.105980639650225E-01
    0.148592837123363E+00    0.319304339309220E-01    0.316496008483968E-01    0.224083592616316E+00    0.203797790834355E-01   -0.415158691578903E-01
    0.181581363327528E+00    0.319583389653601E-01    0.590903289769317E-02    0.163034956057163E+00    0.197963118990464E-01   -0.486724651498250E-01
    0.117078096482677E+00    0.319612686256324E-01    0.197193913869211E-01    0.209600456224996E+00   -0.302875312975058E-01   -0.363136433106186E-01
    0.193716090639411E+00    0.319833626611361E-01    0.208727247843495E-01    0.178402914394753E+00   -0.110396335714766E-01   -0.251287830808985E-02
    0.157746816816590E+00    0.319801448206271E-01    0.402281551315936E-01    0.203810655070249E+00   -0.456814708015389E-01    0.136005580667330E-01
    0.157577602999146E+00    0.320533458386002E-01    0.153401124159113E-01    0.198859055084180E+00    0.233534294097051E-01   -0.169136843864901E-03
    0.238764825759614E-01    0.321101064479498E-01    0.225935351166204E-02    0.209001921435060E+00    0.454462512565865E-01    0.245076906424244E-01
    0.159316452109618E+00    0.320817845812637E-01    0.245888315481901E-01    0.198463458193225E+00   -0.169503074907609E-02   -0.591054343326169E-01
    0.411010895529096E-01    0.321620388066682E-01    0.184005630597254E-01    0.192167918284677E+00    0.557577600915506E-01    0.341414355318980E-01
    0.191959427317322E+00    0.320497522217205E-01    0.206982150017656E-01    0.202131123400404E+00   -0.690420667252167E-01    0.243922998723948E-01
    0.556699948011412E-01    0.321980107316118E-01    0.458606506967976E-01    0.240087846330940E+00    0.744579092290028E-01   -0.176090374536269E-01
    0.194222809788165E+00    0.321578980428974E-01    0.112968462891963E-02    0.219870471139522E+00   -0.150353453144359E-01   -0.478952969084354E-02
    0.659972694212178E-01    0.322747081834474E-01    0.249531454391123E-02    0.211691981945964E+00    0.337201884867230E-01   -0.723903870575131E-02
    0.505765496068143E-01    0.322470029852928E-01    0.362373649932471E-02    0.299056339190082E+00    0.249480174314955E-02    0.503383166029055E-01
    0.182763519204287E+00    0.322714021794606E-01    0.277658943000899E-01    0.188989027656744E+00    0.158122055581988E-01    0.312896406751586E-01
    0.167769101317115E+00    0.323095235202194E-01    0.243765252193491E-01    0.188794597505948E+00    0.120375809033709E-01    0.113974638246404E-01
    0.135244406618768E+00    0.325297176494250E-01    0.146870784541338E-01    0.205281915304172E+00    0.171591367934782E-01   -0.165467082932494E-01
    0.130721576878129E+00    0.325076580794112E-01    0.497073424229716E-01    0.188127178580773E+00   -0.394380919132274E-01   -0.767552932432305E-03
    0.953239176273848E-01    0.325302974605439E-01    0.294261959388295E-01    0.194767999476118E+00   -0.205247164217618E-01   -0.352240318658155E-01
    0.996712009335818E-01    0.325507578041331E-01    0.327176315776943E-02    0.258745089808653E+00   -0.142841673976903E-01   -0.304034702437193E-01
    0.970749217126002E-01    0.325991255317831E-01    0.177223310540382E-01    0.172220762563566E+00    0.229488592833711E-01    0.306043021796064E-02
    0.535533793409882E-01    0.326613027612617E-01    0.350100302151711E-01    0.160020287956661E+00    0.136232067208462E-01    0.193269015090142E-01
    0.236651969839084E-02    0.326517181677302E-01    0.216593352423921E-01    0.167017679406497E+00   -0.100612123643238E-01   -0.423649781505301E-03
    0.127340406310966E+00    0.326855624580003E-01    0.430145898134849E-02    0.222845194528659E+00   -0.107520820372033E-01    0.121623165875650E-01
    0.157938293848621E+00    0.327427673892986E-01    0.109676266964139E-01    0.207952795360292E+00    0.150240500571988E-01   -0.242131752548428E-01
    0.189944002933666E+00    0.327725558805149E-01    0.463133030985312E-01    0.154724419397400E+00    0.141659303406238E-01    0.206216890996763E-01
    0.190676811160651E+00    0.327038262882554E-01    0.389310645405464E-01    0.177517227609773E+00   -0.573257261000197E-01   -0.829880420704135E-02
    0.888855218520981E-01    0.328821715856648E-01    0.420753053079541E-01    0.193782110879145E+00   -0.199770874581702E-01    0.817825045993546E-02
    0.144386299033805E+00    0.329105774338758E-01    0.298436629047129E-02    0.184293360965506E+00   -0.196194221239387E-01   -0.427911222084114E-01
    0.322962954792956E-01    0.330671289284660E-01    0.210611033341816E-01    0.261334202166689E+00    0.599084295878444E-01   -0.285718699545128E-01
    0.955376612223523E-01    0.330378734745366E-01    0.142447576891490E-01    0.176059882676913E+00   -0.163652649874249E-01   -0.134945951834435E-01
    0.171244646175500E+00    0.331487784584952E-01    0.488517647765068E-01    0.157742222675000E+00    0.560170965529062E-01    0.292211621685717E-01
    0.117877665919085E+00    0.331480534349296E-01    0.552695033986302E-02    0.238618415026972E+00    0.248621673757856E-01   -0.154412461589972E-01
    0.159087388459159E+00    0.331333811190370E-01    0.418538726129652E-01    0.215411290128526E+00   -0.194722515488374E-01    0.433152258712662E-02
    0.776030543427072E-02    0.331361424628209E-01    0.162743878949535E-01    0.208251334510273E+00   -0.283769574409038E-01   -0.828595348154335E-02
    0.732337119306919E-01    0.331604766131679E-01    0.377201665443744E-01    0.210113036018059E+00   -0.228171709302895E-01   -0.256846921167827E-01
    0.322809167889801E-01    0.332156380564838E-01    0.264923987207273E-01    0.193304148095822E+00    0.124104048455934E-01   -0.694659915514702E-02
    0.597941551080321E-01    0.332533649773577E-01    0.100639153846974E-01    0.182258321946122E+00   -0.603115126381995E-02    0.428709141218986E-01
    0.162698830231410E+00    0.332841256836652E-01    0.466991955161123E-02    0.206527464169519E+00   -0.171744371662430E-02    0.552915755069473E-01
    0.495554048404597E-01    0.333549373691739E-01    0.702621385739517E-02    0.201438679653991E+00   -0.120137447319321E-01   -0.595088127030150E-01
    0.135706134415698E+00    0.333768780642813E-01    0.108312100040972E-01    0.178965144582912E+00   -0.979417099736274E-02   -0.368439402504073E-03
    0.691859851887759E-01    0.333729895334207E-01    0.236428392803453E-01    0.162961393612723E+00   -0.244697665495989E-01   -0.412435503716980E-03
    0.568846590289587E-01    0.333793264236050E-01    0.672832513295582E-02    0.185604053722994E+00   -0.203778311366499E-01   -0.284997449449894E-01
    0.805807262648422E-01    0.334460214845892E-01    0.489857022257387E-01    0.194169680856464E+00    0.708924913105549E-02    0.238746141210714E-01
    0.177879430779691E+00    0.334329371725570E-01    0.482552492743972E-01    0.185627699960999E+00   -0.776041668291813E-02    0.131651569048104E-01
    0.308647645761193E-01    0.335015432506158E-01    0.983591256479263E-02    0.173717329840516E+00    0.180167312368601E-01    0.386216573034470E-01
    0.880499258739498E-01    0.334941599643307E-01    0.391529101485330E-01    0.163633530837365E+00   -0.211584658404376E-01    0.353428375494752E-02
    0.865552623676931E-01    0.335808576716009E-01    0.421678993877617E-01    0.235344001106001E+00    0.129896552455652E-01    0.416769747679391E-01
    0.285882942388152E-01    0.336460598563747E-01    0.367789298762924E-01    0.279442279722769E+00    0.134588593362444E-01   -0.605070523690669E-01
    0.718621492461132E-02    0.336193035471157E-01    0.867128673156675E-02    0.157033692489384E+00   -0.241467249204849E-01   -0.759563211612752E-02
    0.143378334927379E+00    0.336352864361495E-01    0.148499507762338E-01    0.202020086171381E+00   -0.136368913024518E-01    0.151490655218654E-03
    0.119592428574200E+00    0.336711853502610E-01    0.343819619435588E-01    0.208195355399342E+00   -0.190105056250464E-01    0.102144485699128E-01
    0.562340575888251E-01    0.336977122562499E-01    0.415545280415685E-01    0.184398427605015E+00   -0.271306956225935E-01    0.171062606516207E-01
    0.894534274074942E-01    0.338159319294518E-01    0.143661689609299E-02    0.213215828632974E+00    0.426439908593481E-02   -0.356027466857799E-01
    0.176768457555425E-01    0.338685443152609E-01    0.257566288540071E-01    0.180340594219926E+00    0.500876293870775E-01    0.538604707684308E-03
    0.217962682285388E-01    0.339027285065591E-01    0.250149385661326E-01    0.213326918188280E+00    0.810937207927020E-02   -0.175118376519341E-02
    0.193607994697826E+00    0.338964406162909E-01    0.239306773007604E-02    0.218128131326574E+00   -0.511358455849882E-01   -0.241938556276794E-01
    0.525837148000373E-01    0.339590080291878E-01    0.268834095981789E-01    0.161472619193605E+00    0.102475794915875E-01   -0.771020127589221E-02
    0.126502620691977E+00    0.340495335002764E-01    0.864048344027477E-02    0.206220809995176E+00   -0.253843485767797E-01    0.172712576336069E-01
    0.343581771375556E-01    0.340943596765618E-01    0.178491351204734E-02    0.182381658904579E+00   -0.315978277311348E-01   -0.351112670087876E-01
    0.105733092159755E-01    0.341690454454576E-01    0.143585047499289E-01    0.199700831402847E+00   -0.400470682027406E-01   -0.301485654324651E-01
    0.103182725080320E+00    0.342556050469650E-01    0.350196046122694E-01    0.193312328252167E+00    0.314233090457367E-01   -0.425962347112472E-01
    0.185898103842609E+00    0.342224305234970E-01    0.140921216404278E-01    0.231625450828297E+00   -0.296894388300284E-02   -0.861053541776403E-02
    0.890023481821300E-01    0.342681801659614E-01    0.437100074958510E-01    0.253526597400198E+00   -0.211353915102542E-01   -0.323868872670312E-01
    0.811351153039265E-01    0.342862236911197E-01    0.406364478635250E-01    0.261146107261318E+00   -0.162933098646917E-01    0.832403863607397E-02
    0.188066836736524E+00    0.344343345432142E-01    0.370635335537570E-01    0.237159002804365E+00    0.289959429246865E-01   -0.464239372877337E-01
    0.306144199645678E-01    0.344446376291725E-01    0.252221916759074E-01    0.267631003402063E+00   -0.239429254059626E-01    0.586645247054063E-01
    0.181664088663798E+00    0.344794139871060E-01    0.458443881879555E-01    0.203119651714993E+00    0.405763677526397E-03   -0.894127976911540E-02
    0.141289975219192E+00    0.344657185377929E-01    0.391250475208608E-01    0.176167589376488E+00   -0.226866015298735E-01   -0.366225659724261E-01
    0.104056125290554E+00    0.345853817542241E-01    0.444488756475516E-01    0.205336834191347E+00    0.181286334590798E-01    0.391972913841660E-02
    0.442024611186720E-01    0.345614116431587E-01    0.438191502268077E-01    0.229865940751221E+00   -0.272358899423465E-01   -0.100101782959853E-01
    0.180098907293653E+00    0.346403236446775E-01    0.155173178057708E-01    0.202645462400612E+00   -0.373780601766235E-01   -0.149705731016391E-01
    0.117284276969776E+00    0.346915646742930E-01    0.304018728835119E-01    0.220802782014671E+00   -0.200926540402574E-01   -0.821791777648618E-02
    0.243876091639440E-02    0.347271779090424E-01    0.259584283605116E-01    0.205345465872759E+00   -0.180705912789568E-02    0.249390766039114E-01
    0.134889933693753E+00    0.347298909237418E-01    0.404907521822281E-01    0.201351738229891E+00   -0.651740307919095E-02    0.330864803108897E-01
    0.199155201409442E-01    0.347639266416086E-01    0.389845986883271E-01    0.204534162143699E+00    0.246773131680988E-01   -0.169344741616070E-01
    0.438495636765959E-01    0.347240422756192E-01    0.515080258102470E-02    0.215788405897281E+00   -0.306841443322584E-01   -0.241860888306981E-01
    0.246324511766006E-01    0.347889938592162E-01    0.416403746129837E-01    0.234392839752651E+00    0.437400353155341E-03   -0.311707346391251E-01
    0.105889352022869E+00    0.348071494031585E-01    0.153059152377172E-01    0.197964068296857E+00   -0.290038852903457E-02   -0.437540531336039E-02
    0.187680395154173E+00    0.349160728348692E-01    0.138034343264348E-01    0.213527084184974E+00    0.873893561368917E-02   -0.883895043717284E-02
    0.520321388253283E-01    0.349852401295502E-01    0.115984223697137E-01    0.173629391871615E+00    0.154903750105585E-01   -0.628014436282850E-01
    0.143562408096620E+00    0.349800739482623E-01    0.239473049098404E-01    0.168073901741058E+00    0.550953894433623E-02    0.206808263668266E-01
    0.127265154197448E+00    0.350107896097569E-01    0.333402866736409E-01    0.255356584572505E+00    0.274241731663245E-01    0.479419399485126E-03
    0.904977238743390E-01    0.352241957734777E-01    0.199665143415376E-01    0.209542280048528E+00    0.255504628297897E-01   -0.273089879733916E-02
    0.126470879807173E+00    0.352186541174749E-01    0.381566192429738E-01    0.258365337933563E+00    0.131542581725675E-01   -0.264604320787715E-01
    0.183544449247118E+00    0.353530146495100E-01    0.108540643000721E-01    0.150720529277051E+00    0.228155299675732E-01    0.357250128076765E-02
    0.116955104141789E+00    0.353350414808080E-01    0.160942312487109E-02    0.214814077531986E+00   -0.196942803068850E-02   -0.686619255495216E-01
    0.166098571531082E-01    0.352926364099626E-01    0.316083431216220E-01    0.218544259894906E+00   -0.505238489041854E-01   -0.486916671885140E-01
    0.169630972917148E-01    0.353454730500755E-01    0.324098613370460E-01    0.169715458779709E+00    0.231446034760464E-02    0.140443596957081E-02
    0.106927751423306E+00    0.353279218488273E-01    0.311085181191745E-01    0.201220732392639E+00   -0.791943917857094E-01    0.253681404085137E-01
    0.113978081369809E+00    0.354047627364477E-01    0.450526797644122E-01    0.175393612211757E+00   -0.218487452103204E-01    0.656963740460193E-02
    0.150268227172461E+00    0.354340317649533E-01    0.204567579450299E-01    0.188531198096611E+00   -0.587044216435622E-01   -0.155734166588970E-01
    0.641727262392260E-01    0.354543453644537E-01    0.351643832971671E-01    0.225410492044193E+00   -0.647116517054418E-01    0.261741182618217E-02
    0.365263843775613E-01    0.355043205869086E-01    0.293176410566488E-01    0.262366899572721E+00   -0.305769748767870E-01   -0.425692044485441E-02
    0.162848214241094E+00    0.356334048404069E-01    0.313255461079370E-01    0.211911139508969E+00   -0.900699030841509E-02    0.285340828313078E-01
    0.163485375097189E+00    0.356918667040958E-01    0.361913288826310E-01    0.147246829051037E+00    0.352579275833237E-01   -0.159102318385136E-01
    0.915604024822817E-01    0.357165764070462E-01    0.373526235437694E-02    0.193641728513612E+00    0.539720382869676E-01   -0.575494157252662E-01
    0.829043689093859E-01    0.357082630249367E-01    0.127004532551522E-01    0.218824953967041E+00    0.297223901564804E-01   -0.915480693915458E-02
    0.118345882446894E+00    0.357451240695140E-01    0.228229428323527E-01    0.213968804508620E+00    0.252932297295038E-01   -0.383083394369198E-01
    0.661052580048020E-01    0.357398578006711E-01    0.215600482816411E-01    0.213537218442241E+00   -0.209547826340191E-02    0.274771904972724E-02
    0.458551067208519E-01    0.358154609366804E-01    0.268866381047421E-01    0.187086693016650E+00   -0.272537457080670E-02    0.360553184718089E-01
    0.138216948766613E+00    0.359162441039012E-01    0.498944735021139E-01    0.212052160778335E+00    0.912008698643296E-01   -0.587766412881179E-02
    0.177358400194420E+00    0.358616718762803E-01    0.408275317847653E-01    0.221184561317541E+00   -0.133101804583722E-01   -0.287178737784225E-01
    0.156103683720708E+00    0.358969226628072E-01    0.451529764227424E-01    0.202947626523415E+00    0.967009325694562E-02   -0.336281255720904E-01
    0.546615589773193E-01    0.359017348033334E-01    0.193879422643129E-01    0.178767949061764E+00   -0.295619920130976E-02   -0.350483192334450E-01
    0.624312524407798E-01    0.358639540332428E-01    0.149105433889388E-01    0.197276835482674E+00   -0.627170203748720E-01    0.210581770421502E-01
    0.154004716147867E+00    0.360121930396635E-01    0.228764557828629E-01    0.162906164571153E+00   -0.158029931250682E-01   -0.307397281031621E-01
    0.911053526948017E-01    0.360331624948264E-01    0.153437369588147E-01    0.146891102051396E+00   -0.140320709917063E-01   -0.283858011112891E-01
    0.197913502010313E+00    0.360288694298311E-01    0.152860376808466E-01    0.213661917183446E+00   -0.205733644955571E-01    0.139958806214929E-01
    0.648797097825398E-01    0.360354376963936E-01    0.207989256875848E-01    0.139604217961410E+00   -0.137350144798185E-01   -0.119933754584755E-01
    0.111814415512721E+00    0.360649441195582E-01    0.435411462309767E-01    0.216412885021775E+00   -0.600353694179588E-02    0.268829458611965E-01
    0.143977837831223E+00    0.361149451218130E-01    0.185995029282744E-01    0.216557353989300E+00    0.386903108707595E-01   -0.929984907926940E-02
    0.175850811011021E+00    0.361130842289758E-01    0.338877048532574E-01    0.213231264441426E+00    0.815249321393200E-02    0.420508840084218E-02
    0.254702681912068E-01    0.362418661091287E-01    0.341550158915144E-01    0.250850996918201E+00    0.237496204143592E-01   -0.600530622798571E-01
    0.519954188325006E-01    0.362808264577120E-01    0.211747227532884E-01    0.180734210530133E+00   -0.196951887662628E-01   -0.138300097245545E-03
    0.940252982438171E-01    0.364238708899537E-01    0.814460303445398E-02    0.227779715082018E+00    0.404658645915753E-01   -0.107044051978409E-01
    0.276641684658529E-01    0.364183485019863E-01    0.272085076502409E-01    0.187141020689514E+00   -0.137930886334991E-01    0.252640971380132E-01
    0.105475231388163E+00    0.364218025644329E-01    0.354390330841794E-01    0.254756064448418E+00   -0.288308567187426E-01   -0.420699174569598E-01
    0.120688169776603E+00    0.364629539435823E-01    0.372491110706193E-01    0.207639250776046E+00   -0.109379615283810E-01   -0.686343815770003E-02
    0.100805626059442E+00    0.365109916486970E-01    0.350406288803071E-01    0.166425314040879E+00    0.226650129701659E-01    0.545320947415523E-01
    0.155609552247780E+00    0.365592089315597E-01    0.388100715244468E-01    0.215408221806767E+00    0.570888286678157E-01    0.403411031598530E-01
    0.219338062531102E-01    0.365483352040223E-01    0.244180782043285E-03    0.230432738766360E+00   -0.112250754812859E-01    0.280584683992379E-02
    0.132292774002471E+00    0.365573066366885E-01    0.125084600228966E-01    0.161560196646879E+00   -0.433381687593083E-02   -0.204764144581146E-01
    0.121612031747637E+00    0.365682894095674E-01    0.199474431087775E-01    0.190099611526927E+00   -0.170891989764134E-01   -0.207417591135159E-01
    0.354309726500238E-01    0.365888137768469E-01    0.218118521816287E-01    0.171320058957172E+00   -0.307014411645781E-01    0.473743885247747E-02
    0.688594304826641E-01    0.365882903886326E-01    0.450357850075759E-01    0.184890977826715E+00   -0.445167633282780E-01   -0.846497561870240E-01
    0.417205254719089E-02    0.366555182913838E-01    0.154091626405339E-01    0.254911572353021E+00    0.124227679052485E-01    0.401825910691719E-01
    0.809757750320288E-01    0.366407373506314E-01    0.842093936620091E-02    0.174555699964817E+00   -0.195508176359670E-01    0.358137589521122E-01
    0.181667302090251E+00    0.366927102289935E-01    0.491331653972017E-01    0.208752623919975E+00   -0.311529707709078E-01   -0.153479515060007E-01
    0.107187366701918E+00    0.367239757530195E-01    0.419517308829642E-01    0.255423459023082E+00   -0.248060516734598E-01   -0.139021758225640E-01
    0.570681703270372E-01    0.367493976682812E-01    0.324061100169657E-01    0.232292571833977E+00   -0.208709935409897E-01   -0.342259801804958E-01
    0.152945701517298E+00    0.368013960342361E-01    0.100903786705101E-02    0.169913163513265E+00   -0.186634925033967E-02    0.207395274305918E-02
    0.716965187242945E-01    0.368943371967088E-01    0.373321850918692E-01    0.209195381588428E+00    0.406898448750780E-01    0.407651326616779E-02
    0.103711758446037E-01    0.369503058329020E-01    0.425023845470975E-01    0.186872479482453E+00    0.485110558391357E-01   -0.623588116629990E-01
    0.173131605316761E+00    0.369063751010915E-01    0.377600154486141E-01    0.216593600266420E+00   -0.462856530173186E-01    0.960482517273728E-02
    0.190682340245318E+00    0.369816885780186E-01    0.309179364128060E-01    0.190847169927508E+00    0.154908540835009E-01   -0.137625563431720E-01
    0.778856687161682E-01    0.369274339174875E-01    0.266215389806715E-02    0.227866879949348E+00   -0.412043106293749E-01   -0.431843167784742E-01
    0.192349556976562E+00    0.369604906076967E-01    0.110212289773154E-01    0.175889871136753E+00   -0.102182937515858E-01   -0.294821613330609E-01
    0.654534330350800E-02    0.370071726850492E-01    0.476688250580141E-01    0.199335524498375E+00    0.197281207613933E-01   -0.390372503168416E-01
    0.195431102167575E+00    0.372088118606093E-01    0.213778495267754E-01    0.165763265585951E+00    0.126604581768631E-01    0.499718824387991E-01
    0.463833986038124E-01    0.372316123662057E-01    0.259670287598677E-01    0.185360700009878E+00   -0.165859300840480E-01    0.120389665686040E-01
    0.154330281526061E+00    0.373113350551404E-01    0.377306195329416E-01    0.170470876106938E+00    0.425107019797975E-01    0.187812846864047E-01
    0.475934359690510E-01    0.373106148647040E-01    0.688111667280114E-02    0.181046605006381E+00    0.378721033353742E-01    0.250205574446512E-03
    0.565063802909230E-01    0.373425881734887E-01    0.156941896474133E-01    0.191165156632519E+00   -0.873404516771653E-02   -0.232065348832051E-01
    0.923562876980295E-01    0.373392316901255E-01    0.166117383153289E-01    0.188019924968105E+00   -0.336373116578136E-01   -0.292670088237133E-02
    0.948188350297443E-01    0.374228564506012E-01    0.278767646243079E-01    0.234427684096932E+00   -0.193687124782632E-01    0.125442837885685E-01
    0.156075951611734E+00    0.374845275571073E-01    0.296976691610042E-01    0.182312638256956E+00    0.425595766073437E-01    0.382652798821203E-01
    0.394019699201692E-01    0.374383029546571E-01    0.257934912906287E-01    0.215887439568639E+00   -0.169213898837057E-01   -0.151629564473006E-01
    0.743403873622997E-01    0.375246560505866E-01    0.381383157393902E-01    0.175326022671224E+00    0.329123554211780E-01   -0.104871613443970E-01
