    0.171099852603888E+00    0.125145767141396E-01    0.419851210103236E-01    0.169909465356781E+00    0.397335006790828E-02   -0.394191856222372E-02
    0.189223937345143E-01    0.124915973347200E-01    0.351214767784143E-01    0.221638256758487E+00   -0.499061398398530E-01    0.827103964948350E-02
    0.123544348722470E+00    0.125499253469437E-01    0.443069448347072E-01    0.255734344169798E+00   -0.361410422429585E-01   -0.121881079266668E-01
    0.766806704445059E-01    0.126239562164268E-01    0.200646236423477E-01    0.186313187769934E+00    0.599980935517896E-02   -0.177141606009361E-01
    0.449842928233476E-01    0.127183020646432E-01    0.199051224258054E-01    0.178416736215334E+00    0.441735580591795E-01   -0.312310556127962E-01
    0.351548444973886E-01    0.127364661538481E-01    0.403503648098552E-01    0.278657268602026E+00    0.404368633347299E-01    0.202763248958840E-01
    0.434867268133525E-01    0.127742229770103E-01    0.481906175572335E-01    0.182159251461517E+00    0.741873974124110E-01    0.132181481824925E-01
    0.130769383974020E+00    0.127449162401117E-01    0.455582081007577E-01    0.220246876189492E+00   -0.208689413304168E-01   -0.457197731422698E-01
    0.134386999957884E+00    0.127649380105857E-01    0.143108172767533E-01    0.199835626212591E+00   -0.196293042732048E-02   -0.758405794497292E-02
    0.836650471076073E-01    0.128626595511911E-01    0.420878757518530E-01    0.178851366619960E+00    0.165878861610656E-01   -0.536609022153188E-01
    0.981083314166279E-01    0.129090997144147E-01    0.480430726589853E-01    0.232031223320210E+00    0.714938904563868E-02   -0.243829914261012E-01
    0.139367075889964E+00    0.130356033951618E-01    0.208503773834169E-01    0.129234380720558E+00    0.370620874219428E-01   -0.643613154084221E-02
    0.862291171588878E-01    0.130799103355519E-01    0.949240786817386E-02    0.184663520127772E+00   -0.118147539384807E-01    0.119238230304568E-01
    0.332913823105746E-01    0.132327650104097E-01    0.275166984839987E-01    0.236926404506230E+00    0.322092792168528E-01   -0.747520542698661E-02
    0.172056541190772E-01    0.132165649970866E-01    0.161077120336043E-01    0.182817976934931E+00   -0.118665561256662E-02   -0.290988437541294E-01
    0.143843648821893E-01    0.133036424845391E-01    0.434072857315901E-01    0.188923872092148E+00    0.348752206310133E-01   -0.305446296115463E-01
    0.516499495483036E-01    0.132285795534011E-01    0.212918112542528E-01    0.199564287226752E+00   -0.774105906967653E-01    0.504861974480137E-01
    0.172465203295462E+00    0.132951132514821E-01    0.345024609494787E-01    0.240226531330174E+00   -0.221521467817434E-01    0.110139449459537E-01
    0.336609580133895E-01    0.133203034146479E-01    0.343482489792823E-01    0.218246743777270E+00   -0.118994458381907E-01    0.268561636226620E-01
    0.326747495335256E-01    0.133475310378235E-01    0.131837669112649E-01    0.185472669471529E+00    0.261294143690725E-02    0.287855332210893E-01
    0.124876623011740E+00    0.133462592568820E-01    0.231833667427462E-01    0.182425201680803E+00   -0.448418487753861E-02   -0.342606675783189E-01
    0.117464362878935E+00    0.133798320201498E-01    0.236305673730275E-01    0.220867564613223E+00    0.177216309099149E-01    0.267902411072766E-01
    0.191117160028399E-01    0.133845300504120E-01    0.160927634329266E-01    0.252337093560495E+00   -0.113582795672616E-02    0.157717394348906E-01
    0.161829614460652E+00    0.134702480937739E-01    0.250861077356495E-01    0.219478926575932E+00    0.253876876070386E-01   -0.497294046070765E-01
    0.174908050611876E+00    0.135334511356673E-01    0.382735533593545E-01    0.258270488631163E+00    0.174034260208266E-01   -0.537200586714290E-01
    0.599423265242616E-02    0.135327845123924E-01    0.878525372458765E-02    0.187858944467599E+00    0.121544374873378E-01   -0.346277164388283E-01
    0.791946972164162E-01    0.135556938428002E-01    0.293453092576917E-02    0.197535374192425E+00    0.216732790947514E-02    0.134578889398309E-01
    0.174610306244932E+00    0.136952081927321E-01    0.395867079156311E-03    0.220834563550255E+00    0.413047971655021E-01   -0.295525470291576E-02
    0.124328286783511E+00    0.136767366559931E-01    0.607776851628582E-02    0.166186568421240E+00    0.115554801782308E-01    0.400914926860261E-01
    0.196663153326457E+00    0.136726385666053E-01    0.192793559499514E-01    0.218655435550532E+00   -0.218825327263810E-01   -0.425779780380839E-02
    0.834610609928464E-02    0.137760507427731E-01    0.251797345356080E-01    0.283694679001847E+00    0.125688832948008E-01   -0.139597928316766E-01
    0.340535062856764E-01    0.137518647390800E-01    0.257920814305205E-01    0.216027716409629E+00   -0.391066346830369E-01   -0.351037456462807E-02
    0.153908402857278E+00    0.137662416350646E-01    0.600257840368718E-02    0.228099574936558E+00   -0.314521615283301E-01   -0.345563236821396E-01
    0.252893766039366E-01    0.137962848661606E-01    0.237327618123387E-01    0.192149011919803E+00   -0.277248874936162E-01   -0.205176396492408E-01
    0.126893872656098E-01    0.138330593537433E-01    0.157048176549899E-02    0.171057580730545E+00   -0.199462817141786E-02    0.343851572794555E-01
    0.121971335029826E+00    0.138683345669855E-01    0.377916210117076E-01    0.184796181725293E+00    0.162460880830316E-01   -0.599383458202827E-03
    0.120538509538082E+00    0.138959408102834E-01    0.292206608344545E-02    0.223520705298937E+00    0.181262902951303E-01   -0.292419020343203E-01
    0.137286213188261E+00    0.139955910315069E-01    0.974844616450150E-02    0.263655263497772E+00   -0.400756291727879E-01    0.259825662056943E-01
    0.182563048268225E+00    0.140588164510365E-01    0.341305367057474E-01    0.206511524621973E+00   -0.214604508132080E-01   -0.220379289783004E-01
    0.753460706029875E-03    0.140838019882489E-01    0.171639291947021E-01    0.144782765909148E+00   -0.570534833265707E-01   -0.179332824008134E-01
    0.163195373390929E+00    0.142321748702017E-01    0.273583974735023E-01    0.193404186262111E+00    0.225569731963149E-01    0.203913337160303E-01
    0.126803950893519E+00    0.142635978498764E-01    0.193671127271901E-01    0.200588627282460E+00    0.457675186602952E-02   -0.445588150433299E-01
    0.137629174909822E+00    0.143625873554855E-01    0.226048342633101E-01    0.181107208043335E+00   -0.266181443922979E-01    0.166048114059803E-01
    0.134754693997235E+00    0.143750529752670E-01    0.486096119476056E-01    0.228466380010489E+00   -0.317137195809657E-01   -0.225840558935761E-01
    0.573777070080239E-01    0.144171878508450E-01    0.478001539323489E-01    0.198651999945145E+00   -0.861655061495351E-02   -0.136381349393167E-01
    0.765279377970607E-01    0.146329405017753E-01    0.713266790158102E-02    0.227841278178657E+00    0.249749867799007E-01   -0.220205158631804E-01
    0.199693473523566E+00    0.146558218328679E-01    0.905501410814360E-02    0.190832275072945E+00   -0.745771979419103E-01    0.306189267019675E-01
    0.125292737628225E-02    0.147602847786793E-01    0.137667034670268E-01    0.267010936294471E+00   -0.659911169792824E-02   -0.129839851558621E-01
    0.790627446812151E-01    0.148157993410252E-01    0.911765693536594E-02    0.231871229725180E+00   -0.115242513113280E-01    0.886182870818238E-01
    0.140261847892712E+00    0.148234244452311E-01    0.258036088207887E-01    0.199946253068616E+00   -0.495039218221047E-02    0.118655232757161E-01
    0.772073159691133E-01    0.148264908706830E-01    0.309125999110210E-01    0.208447357246813E+00   -0.572522633830649E-01    0.324878054870731E-01
    0.179496606164109E+00    0.148682949555699E-01    0.207715422654868E-01    0.188177652148259E+00   -0.555033708221039E-01    0.466470874372416E-01
    0.138611893229779E+00    0.149402774666983E-01    0.272397738623005E-01    0.189843499304022E+00    0.163200701854430E-01    0.346824321862916E-01
    0.168354229015347E+00    0.149305749425328E-01    0.760426919315934E-02    0.219255467152227E+00   -0.921044900241540E-02    0.266580249777730E-01
    0.183258200552054E+00    0.150433797295762E-01    0.322634374756619E-01    0.194165463098987E+00   -0.242937490505308E-01   -0.171728611180627E-01
    0.137962088703012E+00    0.150660749881513E-01    0.442110991371344E-01    0.194219632438711E+00   -0.147162397107707E-01   -0.506134196267648E-02
    0.104389060576267E+00    0.151754018138395E-01    0.335688941873282E-01    0.211205858626801E+00   -0.286040172638482E-01   -0.242807895952157E-01
    0.767507661803072E-01    0.152057627721687E-01    0.522930550090454E-02    0.198718255261223E+00   -0.173436045909878E-01    0.432726397937844E-01
    0.568749167080625E-01    0.152487316146821E-01    0.473043319636558E-01    0.209030591839163E+00   -0.270202333099284E-01    0.161782756299198E-01
    0.127541688420490E+00    0.154096559985343E-01    0.892096873485476E-02    0.159862973936705E+00    0.431061850124152E-02   -0.373762676697175E-01
    0.929861652496066E-02    0.154456584531167E-01    0.323695128596013E-01    0.192159230713679E+00    0.141041100483076E-01   -0.421049045373461E-02
    0.789801806818079E-01    0.154984322745165E-01    0.165632291297275E-01    0.194256885530758E+00    0.176499298712489E-01   -0.431932343139480E-01
    0.527359960502575E-02    0.154862344309555E-01    0.102533114840004E-01    0.234813254326559E+00   -0.225230993879967E-02    0.190969828550909E-01
    0.868729450724069E-01    0.155199664664456E-01    0.405098468548941E-01    0.247343510498880E+00   -0.345768075259610E-01    0.299268072241242E-01
    0.610498831928726E-01    0.155414326832004E-01    0.442054205718182E-01    0.200789282700136E+00   -0.173319350911688E-01   -0.465221014616352E-01
    0.180825090022752E+00    0.155915879952257E-01    0.350269350417085E-01    0.244746592217040E+00    0.131828576592513E-01    0.158017576462438E-01
    0.936150129434176E-01    0.156301144326834E-01    0.244268369717699E-01    0.201358396228942E+00    0.486156868714888E-01   -0.221571255738569E-02
    0.662053937231402E-01    0.156568018360121E-01    0.492975040499221E-01    0.254389697676030E+00    0.295482200024598E-01    0.217770859032515E-01
    0.922289840325285E-01    0.156679362298898E-01    0.370871635591091E-01    0.250183846478602E+00   -0.109780542724574E-01   -0.234208983349737E-01
    0.192253947159006E+00    0.156882612070298E-01    0.249622483309107E-01    0.256471088000216E+00   -0.326254466912274E-02    0.210298152058349E-01
    0.170661887480315E+00    0.157446530751617E-01    0.204379185728369E-01    0.195682399818947E+00    0.708869532552143E-02    0.626430244883150E-01
    0.129219191627724E+00    0.157942363807290E-01    0.456810888033350E-01    0.193941349550020E+00    0.536141665407580E-01   -0.421106601791908E-02
    0.108363220931366E+00    0.157586852533565E-01    0.207164334591639E-01    0.193564703470403E+00    0.160314895170947E-02    0.282082472078313E-02
    0.385396059711002E-02    0.157181463108402E-01    0.420495305299147E-02    0.123033530284255E+00   -0.405630524486079E-01    0.324653360790331E-01
    0.199476027272130E+00    0.158403524800956E-01    0.452746791581459E-01    0.141327015745086E+00    0.130815098512215E-02    0.447990431868328E-01
    0.122376038745406E+00    0.159564745781083E-01    0.472305345145693E-01    0.226454771646649E+00    0.255985990450659E-01   -0.354797879718942E-01
    0.104835892481396E+00    0.159354707636184E-01    0.358455215818278E-01    0.193414981550075E+00   -0.945367109915741E-02    0.280906824976439E-02
    0.117716672263252E+00    0.159589792835348E-01    0.337913740648897E-01    0.218913196716234E+00   -0.913151263641781E-02    0.300657122642023E-02
    0.101732862678820E+00    0.159768568229851E-01    0.229173865893690E-01    0.244692509630778E+00    0.184878406125972E-03   -0.565826410588326E-01
    0.191917659651412E-01    0.160391904805134E-01    0.186659841655875E-01    0.191353588523127E+00   -0.726422165989173E-01    0.203170552712640E-01
    0.117838731243255E+00    0.162118010456103E-01    0.817925964882536E-02    0.224492202980932E+00    0.289703639183427E-01    0.267287972560430E-01
    0.115289681424445E+00    0.161952535520341E-01    0.447628313785432E-01    0.199092648502391E+00   -0.610434295953058E-01    0.290087497466345E-01
    0.124870176482114E+00    0.163429481087628E-01    0.189118262643365E-01    0.235148810940332E+00    0.477992236020244E-01   -0.106863360502491E-03
    0.107099442668907E+00    0.163110831142234E-01    0.405932160185368E-01    0.178085892141425E+00    0.125546589388212E-01   -0.222182879411468E-01
    0.108804966186249E+00    0.163425167989868E-01    0.496966081710144E-01    0.223382560662584E+00    0.342095010778432E-02   -0.266154769855689E-01
    0.101732390147520E+00    0.163696645787165E-01    0.327916577492556E-02    0.167894564830111E+00   -0.370421050877182E-01    0.364395973062476E-02
    0.165080245514345E+00    0.164577662261860E-01    0.220260132803497E-01    0.269842856014618E+00    0.289904766037417E-01    0.102393864757130E+00
    0.113013895272460E+00    0.163951135461740E-01    0.475299713204647E-01    0.204550534073955E+00   -0.405523059247562E-01   -0.553031185114756E-02
    0.112153194855943E+00    0.164582928634972E-01    0.482127385112890E-01    0.126449389539871E+00    0.417014338175608E-02   -0.104875454886192E-01
    0.115514557615903E+00    0.165778017625182E-01    0.500217769297339E-02    0.202220470894526E+00   -0.852457177273564E-02   -0.136869074904259E-01
    0.185020124209531E+00    0.165904785573703E-01    0.276634733363044E-01    0.191394585718353E+00   -0.962350343315093E-02   -0.236704083981306E-01
    0.570234392449999E-01    0.167122441183914E-01    0.143567296128210E-01    0.200677573346001E+00    0.589507791461117E-01    0.288429458295095E-01
    0.594822282426891E-01    0.166749769827479E-01    0.416727108038325E-02    0.233519372222640E+00   -0.198214238932954E-01   -0.648849161312136E-02
    0.139354563961739E+00    0.166872670554180E-01    0.761386780207849E-02    0.236769250208333E+00   -0.140905033343539E-01   -0.159227359438463E-01
    0.135068674106457E-01    0.167780993140417E-01    0.470921876285341E-01    0.218719556122574E+00    0.606930155907185E-01   -0.352103797595237E-01
    0.163725096031012E+00    0.167287398110239E-01    0.360303383124804E-01    0.220729346111922E+00    0.175670375391414E-02    0.250163904815267E-01
    0.152094381611042E+00    0.167303592637892E-01    0.186675261733790E-01    0.210289639632591E+00   -0.248355880770117E-01    0.396864418432893E-01
    0.175059934282275E+00    0.168903680829585E-01    0.250591853904375E-01    0.176313094883530E+00    0.413474121893162E-01   -0.280899485523368E-01
    0.128450030081523E-01    0.168488450944028E-01    0.537371108542606E-02    0.248059449180751E+00   -0.152210380652335E-01   -0.573950301898971E-02
    0.817191589341886E-01    0.169990135220320E-01    0.211192540596587E-01    0.232625336219362E+00    0.120475940833468E-01    0.593313847883874E-02
    0.117843522760968E+00    0.172092594211663E-01    0.341493018521128E-02    0.197884701385739E+00    0.326136415051244E-02    0.705557816900309E-02
    0.963338984836705E-01    0.172496130992964E-01    0.155945021162815E-01    0.161920395861435E+00    0.101194710756806E-01   -0.279495749427171E-01
    0.341110040152062E-02    0.172510494485097E-01    0.298059083189895E-02    0.181935567742523E+00   -0.156416427095767E-01    0.373707974332658E-01
    0.198023055614176E-01    0.173225911346609E-01    0.421176481895296E-01    0.197886673793668E+00    0.232637874537088E-01   -0.408220079766087E-02
    0.522321959610981E-01    0.173082214947780E-01    0.216761711768832E-01    0.198985102987146E+00   -0.157676147863065E-01   -0.762531174318040E-04
    0.613655714330745E-01    0.173822401026922E-01    0.666118839381323E-02    0.166372502609591E+00    0.357695957971199E-01   -0.116185843856278E-03
    0.175495649813419E-01    0.173386708562090E-01    0.113757624696732E-01    0.203342906523432E+00   -0.167972739597666E-01    0.235442904514905E-01
    0.560712222014056E-02    0.173549769595973E-01    0.136974014478954E-01    0.238474517685055E+00   -0.146236602138592E-02   -0.859419386968554E-02
    0.122492676595878E+00    0.174848995790728E-01    0.335915989998855E-01    0.192410900476316E+00   -0.352156069513823E-01    0.137403576242600E-01
    0.111200712895589E+00    0.176106327053031E-01    0.396038277455344E-01    0.242428346092930E+00    0.384607793220839E-01   -0.166560316038608E-01
    0.607473024897060E-01    0.175869379913099E-01    0.316673878956693E-01    0.202056678675063E+00   -0.125575635575091E-02    0.533459577077625E-01
    0.122439567905326E+00    0.175771175612684E-01    0.135355717613303E-01    0.200550688487602E+00   -0.271255088370394E-01    0.383684268641056E-01
    0.392817067446624E-01    0.176085731459728E-01    0.312702278008116E-01    0.229519914776950E+00   -0.206671085553733E-01   -0.346782987723936E-01
    0.177849497488196E+00    0.176795928793636E-01    0.185458137911343E-01    0.189982127374781E+00    0.416534292263667E-01   -0.828011130801557E-02
    0.110004369075211E+00    0.176602758211946E-01    0.429795674157709E-01    0.239392651180346E+00    0.557323918431483E-02   -0.117369037868907E-01
    0.276933376498727E-01    0.176607603840349E-01    0.134446033992188E-01    0.181714959502214E+00    0.330110183152510E-02   -0.410458253121923E-01
    0.154567582878133E+00    0.176388828923679E-01    0.101105826624443E-01    0.223361295366361E+00   -0.269709229914813E-01   -0.142563934027656E-01
    0.115626266247298E+00    0.176922110448433E-01    0.182074390268393E-01    0.179367967591878E+00    0.662962247235076E-02    0.499985212135371E-03
    0.162778604421712E+00    0.176783845513035E-01    0.195600421243699E-01    0.285349752362692E+00   -0.381598209277567E-01    0.360689141112542E-01
    0.191313132168942E+00    0.177684220566180E-01    0.483664016823974E-01    0.241298010133500E+00    0.466380027632767E-01    0.798397324447884E-01
    0.107390360114182E+00    0.177453084951065E-01    0.457627275143932E-01    0.236188534947310E+00    0.126875424444939E-02    0.575445789574332E-02
    0.128408051115942E+00    0.177409017147412E-01    0.192685187034749E-01    0.197954467366203E+00   -0.143449977776301E-01    0.125051157781618E-02
    0.142440734996151E-01    0.179315060820559E-01    0.323738578215227E-02    0.171691348907949E+00   -0.235838582581906E-01   -0.216578387493085E-01
    0.515254741897509E-01    0.179873452019605E-01    0.494866720509208E-01    0.200017458713655E+00    0.247341652532607E-01   -0.116124427186147E-02
    0.147027914402284E+00    0.180050693914231E-01    0.510212405673914E-02    0.174099178683547E+00    0.369441815719880E-01    0.270836926908016E-01
    0.415002047083664E-01    0.180626351602065E-01    0.941755282673298E-02    0.151875174967205E+00   -0.337476298485252E-01   -0.671410763379867E-02
    0.144099666244877E+00    0.180955348652384E-01    0.382793609396418E-01    0.212496184083343E+00   -0.773415023957945E-02    0.331836288269530E-01
    0.878263212631559E-01    0.181424444012008E-01    0.426533752403865E-01    0.259438849054223E+00    0.344501087748452E-01   -0.254179394656774E-01
    0.112842121635830E+00    0.181514227811664E-01    0.427314051212445E-02    0.164688542416394E+00    0.397246904655133E-01    0.694753939853643E-01
    0.857122956387066E-01    0.181295962766607E-01    0.457121613562201E-01    0.215699976583015E+00   -0.360992937863772E-01   -0.166783824229319E-01
    0.189068964668997E+00    0.182203893268613E-01    0.266805094843616E-01    0.180805556915455E+00    0.145831415713637E-01   -0.157971019952046E-01
    0.101755901421743E+00    0.182337655882209E-01    0.719721038130327E-02    0.215041735403076E+00   -0.268838589370824E-01    0.499100951503955E-02
    0.451913043060543E-01    0.183945284715303E-01    0.271539560701354E-01    0.189670048371144E+00    0.118824413188195E-01    0.801170396507690E-02
    0.108570461788793E+00    0.183710220276247E-01    0.390012816158042E-01    0.199233594233742E+00   -0.260513017281994E-01    0.351984764916781E-02
    0.142198368241724E+00    0.184027966162423E-01    0.340622773221116E-01    0.156885795250491E+00   -0.227373130277917E-01   -0.185585078702319E-01
    0.621305139683675E-01    0.184270978117835E-01    0.319654247862668E-02    0.214789460009917E+00   -0.192503415529912E-01   -0.399771202010967E-01
    0.521495317754817E-01    0.184741769470981E-01    0.978829796779698E-02    0.258987991057335E+00    0.237744542380206E-01   -0.235922775432594E-01
    0.184664108244740E+00    0.185523186922049E-01    0.944670561944005E-02    0.205962470216165E+00   -0.581229581334133E-02    0.303476832675921E-01
    0.131144736813421E+00    0.185753411589387E-01    0.419079659277222E-01    0.193372632806688E+00   -0.186531846015607E-01   -0.648878521653035E-02
    0.109004672873087E+00    0.186364305918914E-01    0.478776634443611E-01    0.123907818735968E+00    0.377285382884526E-01    0.891698865495970E-02
    0.106180331075541E+00    0.186826139053690E-01    0.469233482015182E-01    0.162761005437097E+00    0.602681157730059E-01   -0.168274987534470E-02
    0.585082076502906E-01    0.186446044455714E-01    0.484071659497690E-01    0.180104454252939E+00   -0.104035598907062E-01    0.193992133659154E-01
    0.172245622953110E+00    0.187354131676591E-01    0.305796687348786E-01    0.209450297151294E+00    0.495495069978874E-01    0.249744293814619E-01
    0.768806913825549E-01    0.187857484500025E-01    0.168876162289653E-01    0.166276742743770E+00    0.220030532319330E-01   -0.213917078587044E-01
    0.132160261570341E+00    0.187674629680769E-01    0.223475249473727E-01    0.227924215791028E+00    0.297783624366252E-02   -0.147364794188715E-01
    0.955677211473157E-01    0.188111208972224E-01    0.353752611591429E-02    0.205845809024098E+00    0.227237435161561E-01   -0.577271439826429E-01
    0.190571092511730E+00    0.187899402169396E-01    0.206019250981720E-01    0.143399258046858E+00   -0.123515995609098E-01   -0.221728831820485E-02
    0.369365004354237E-01    0.188408062693448E-01    0.182618709550855E-01    0.229625944506611E+00    0.250802265373531E-01   -0.438755335301887E-01
    0.275177636901246E-01    0.189111016047458E-01    0.240591707257237E-01    0.216592683769940E+00    0.828156779101062E-02    0.424919698197965E-01
    0.182789275563937E+00    0.189225675944081E-01    0.341838116584085E-01    0.188434427024245E+00   -0.860252509830811E-02   -0.802007925965657E-01
    0.183779456356654E+00    0.189671894024801E-01    0.637022053309250E-02    0.188725879892096E+00   -0.233200592475116E-01    0.157096648057324E-01
    0.274429180195014E-01    0.190863895187516E-01    0.412950889677378E-01    0.188820767194975E+00    0.359596308667861E-01    0.451737351453501E-02
    0.324032089058526E-01    0.189992153294588E-01    0.442253705458416E-01    0.195655498097913E+00   -0.592302914895431E-01   -0.471745920640719E-01
    0.152206683301934E+00    0.190777775727336E-01    0.449782766942069E-01    0.230588864734313E+00    0.343559952623097E-02    0.808510441326836E-02
    0.957922966352212E-01    0.191127291732245E-01    0.380763957367137E-01    0.206305126684242E+00    0.160132510755236E-01   -0.265138617767423E-01
    0.105137349742454E+00    0.191790497064026E-01    0.357533952579121E-01    0.250750639168120E+00    0.187543645093261E-01   -0.996455928732491E-02
    0.196655602698714E+00    0.191905598250618E-01    0.104099144251630E-01    0.232125712106746E+00   -0.130438522271804E-01   -0.384138348277677E-02
    0.198678341768818E+00    0.193070784438651E-01    0.281174470338263E-01    0.170039858535732E+00    0.321021348471743E-01    0.556739533164689E-01
    0.142186290562248E+00    0.194480294779522E-01    0.262269527478539E-01    0.238164856650431E+00    0.276823219137452E-02    0.290874557949771E-01
    0.913188301093614E-01    0.194605561539465E-01    0.171937795665265E-01    0.193328069842757E+00   -0.963871319546354E-02   -0.193898097617011E-01
    0.399797778862318E-01    0.195078466170850E-01    0.256668606312970E-01    0.219803007684904E+00    0.139922671224552E-01    0.975436723662910E-02
    0.127715310580758E+00    0.195044583579395E-01    0.496696576046767E-01    0.217787424251122E+00    0.884980756243607E-02   -0.382905221280647E-01
    0.200655397892323E+00    0.195032045970062E-01    0.452140090814708E-01    0.245081447882643E+00    0.303051958928328E-02    0.333121786922622E-01
    0.151142031263542E-01    0.194732176219257E-01    0.372322292110372E-01    0.201355903891853E+00   -0.282162175411246E-01   -0.532415557004242E-01
    0.171827321861374E+00    0.195120498391416E-01    0.242740388139886E-01    0.187505583544165E+00   -0.124109109078663E-01    0.246213509964784E-01
    0.260824901215693E-01    0.195336312921889E-01    0.360391571395159E-01    0.190245869567487E+00   -0.199280971868926E-01    0.115567506104234E-01
    0.141335577194938E+00    0.195959996808241E-01    0.231765137073254E-02    0.212813697465154E+00   -0.524435930808922E-01    0.294776658258271E-01
    0.110650719193740E+00    0.197798085749534E-01    0.222280339756474E-01    0.208864308800908E+00   -0.699233391810032E-03   -0.765184157304780E-02
    0.188905275919632E-01    0.198553268359102E-01    0.452942640286770E-02    0.202916316992943E+00    0.247016317544014E-01   -0.157635186194313E-01
    0.318107641992144E-01    0.198768871898199E-01    0.362676380824292E-01    0.214587823758585E+00    0.123193839846376E-01   -0.125890243347267E-01
    0.883976870898065E-01    0.199681124171899E-01    0.596779640099747E-02    0.147593877935586E+00    0.194675550498637E-01    0.421572103346351E-01
    0.195763359692067E+00    0.200211099169254E-01    0.380440761245938E-01    0.166611553372967E+00    0.399458892334244E-01    0.453816431395962E-01
    0.125326038189895E+00    0.199700189587015E-01    0.360913456246627E-01    0.244037599270741E+00   -0.189794816914500E-01   -0.168373851906356E-01
    0.189535871601828E+00    0.200051448193193E-01    0.371332440471945E-01    0.194476093932739E+00    0.143773169356423E-01   -0.554625361496996E-02
    0.179179306301507E+00    0.199354106332202E-01    0.207837626549345E-02    0.154040230032197E+00   -0.709768687960610E-01    0.310779601520095E-01
    0.155097494465548E+00    0.200254717820929E-01    0.127933218738255E-01    0.209055709759043E+00    0.756639028804506E-02    0.458411799088689E-01
    0.181859231203694E+00    0.200410829509005E-01    0.136523892770452E-01    0.155040415756340E+00    0.157329215873675E-01   -0.776691742837308E-02
    0.508917115636593E-01    0.201559078784622E-01    0.120972659716549E-01    0.185978477162533E+00    0.146422880394492E-01   -0.437903932579003E-01
    0.415635818721853E-01    0.203167999610532E-01    0.689026193223662E-02    0.246413101536577E+00    0.211753426869077E-01   -0.130572772057159E-01
    0.701927158165623E-01    0.203394203276375E-01    0.269838440091242E-01    0.206601843201118E+00   -0.120567248487565E-01    0.376688543830171E-01
    0.194831154607025E+00    0.203841455372450E-01    0.343999264631532E-01    0.193538870574514E+00    0.317303682156343E-01    0.105567266083560E-01
    0.598935500489593E-01    0.203520393244368E-01    0.296701414334141E-02    0.220683810824157E+00   -0.391814193478840E-01    0.190508427182078E-01
    0.189730914589193E+00    0.204849941206171E-01    0.151952426758692E-01    0.172692747003284E+00    0.291070988261110E-01   -0.237961802521731E-01
    0.179377788110019E+00    0.204238770609485E-01    0.185306781725387E-01    0.197765515772292E+00   -0.391216731905072E-01   -0.237470813327886E-01
    0.113814384757772E+00    0.204726445715454E-01    0.115218600394918E-01    0.188293401402748E+00   -0.231563256868705E-02   -0.228798345977605E-01
    0.129876086994784E+00    0.204914883919495E-01    0.129609416604454E-02    0.230874948505412E+00    0.165451587452510E-01   -0.255397566071655E-02
    0.142770578181092E+00    0.204639832361689E-01    0.187809271878589E-04    0.200743853168043E+00   -0.268296842644010E-01   -0.406696790715133E-01
    0.198497800820999E+00    0.205427254951823E-01    0.422636768945766E-02    0.187870085887480E+00    0.244797868732952E-01    0.115172816416684E-01
    0.624355101048528E-01    0.205673335385316E-01    0.294456838153183E-01    0.167746487527429E+00   -0.200653985173410E-02   -0.929232058428896E-02
    0.724467056150756E-01    0.205931196374822E-01    0.436552734784401E-01    0.218109854533244E+00    0.206399711632217E-01   -0.195488042476562E-01
    0.314121097636302E-01    0.206003287956231E-01    0.328531467780336E-01    0.227778774048646E+00   -0.213025321953904E-02    0.348470660201711E-01
    0.114663752374254E+00    0.205992841080050E-01    0.262257544790036E-01    0.245289265629532E+00   -0.438276581485165E-02    0.487688207718973E-01
    0.236884656311944E-01    0.206448306242198E-01    0.214965519272170E-01    0.232371602433475E+00    0.133638349339460E-01   -0.684417946066551E-04
    0.131934195639005E+00    0.205752338144283E-01    0.294467493988242E-01    0.180131062197162E+00   -0.620173819458627E-01    0.429047180738589E-02
    0.992630101895710E-01    0.207003771051978E-01    0.390153551836425E-01    0.203854926215725E+00    0.397931269884179E-01   -0.421780131931100E-01
    0.519453872094087E-01    0.207091564061797E-01    0.222832363211202E-01    0.240065683949706E+00    0.287289298158445E-01   -0.435486692232503E-01
    0.177588064565215E-01    0.206750066337678E-01    0.422464743149870E-01    0.226081564843415E+00   -0.664835998093713E-02   -0.208365421654770E-01
    0.739831612035690E-01    0.206966426181873E-01    0.457251896642358E-01    0.245996873357610E+00    0.392763020724886E-02    0.126543258996903E-02
    0.160666986836058E+00    0.207333925032059E-01    0.361553535848166E-02    0.168241848631611E+00   -0.304022593494053E-02    0.331679034997572E-01
    0.163230332014295E+00    0.207120574412176E-01    0.225379577557342E-01    0.237696055618068E+00   -0.305347739594817E-01    0.407345654084804E-01
    0.106842417429279E+00    0.207488394066931E-01    0.276755098751162E-01    0.213860763757461E+00   -0.430363456960852E-02    0.765494224373844E-02
    0.165508623354899E+00    0.207860857806744E-01    0.255308657791846E-01    0.229755095310582E+00   -0.230299545952943E-02    0.923969590942995E-02
    0.402382485030294E-01    0.207805517046991E-01    0.348279492208286E-01    0.178669053062923E+00   -0.169965944935659E-01   -0.460468559357453E-02
    0.111724378585854E+00    0.208237699545317E-01    0.145488021386665E-01    0.224899775303720E+00    0.125652730855347E-01   -0.533230985797207E-03
    0.151237660459759E+00    0.208516789020016E-01    0.422945990896006E-01    0.194433130052875E+00   -0.316605548677818E-01   -0.249660327264670E-01
    0.974025052642299E-01    0.208553858341796E-01    0.408499823989736E-01    0.229830931312020E+00   -0.359668308040284E-01    0.879769569313983E-02
    0.653034559008389E-01    0.209165983678480E-01    0.423126907420458E-01    0.228029233519049E+00   -0.946233058824197E-02   -0.108447049901869E-01
    0.197655750073121E+00    0.209461948152226E-01    0.499573259310454E-01    0.222589295351287E+00    0.872804374172249E-02   -0.370440771702821E-01
    0.168327055950797E-01    0.210863756195815E-01    0.263095862526067E-04    0.170624246428019E+00    0.946997727862665E-02   -0.526160470521420E-02
    0.134094215824972E+00    0.211541154290954E-01    0.242425295610057E-01    0.220220569278553E+00   -0.938534011824631E-02   -0.142787312857152E-01
    0.902202560526490E-02    0.212086712373444E-01    0.937142847354262E-02    0.197576409073986E+00   -0.280967567864627E-02    0.174609994236891E-01
    0.182370622386820E+00    0.212896375404696E-01    0.102021326906289E-01    0.202323433681605E+00   -0.209636224437022E-01   -0.199661302523091E-01
    0.141729200469343E+00    0.214390860022699E-01    0.626992461238201E-02    0.222635576328100E+00   -0.475243436039347E-02   -0.656587897614331E-01
    0.192854705583597E+00    0.214617784408271E-01    0.139024352503958E-01    0.184610563663254E+00   -0.153190138483783E-01   -0.436189786562816E-01
    0.859506231625702E-01    0.214863668031578E-01    0.234811251738250E-01    0.122036324352930E+00    0.508946691837235E-02   -0.159723180015809E-01
    0.152752649184190E+00    0.215922684030067E-01    0.353485353086493E-01    0.186233802393626E+00    0.463246395260236E-01    0.185772380936062E-01
    0.740895672311626E-01    0.215811126174696E-01    0.379274605123903E-01    0.196613865062975E+00   -0.479342492286184E-01    0.411624487612205E-01
    0.350895187329202E-01    0.216540673347879E-01    0.492571765449904E-01    0.204082911990714E+00    0.164262504519392E-01    0.172825612185764E-01
    0.191528640552610E+00    0.216875270324489E-01    0.359497421550815E-01    0.217757175776996E+00    0.355031518899439E-01    0.567248357494038E-02
    0.159341894306304E+00    0.216736803542346E-01    0.230797277388406E-02    0.137048420542207E+00    0.907628660670802E-02   -0.424757391586828E-01
    0.334713867632230E-01    0.216603338163556E-01    0.427553381820413E-01    0.125796767593671E+00   -0.728653811147131E-02    0.198208817055348E-01
    0.852504544234640E-01    0.217066353440570E-01    0.232615974883929E-01    0.273821642658563E+00   -0.196838821853175E-01    0.137928465952794E-01
    0.828597145044766E-01    0.217427029727501E-01    0.412158189979165E-01    0.215672258494811E+00    0.885239969624769E-02    0.512076929632368E-02
    0.143645887726088E+00    0.217518987454118E-01    0.175640752582630E-02    0.222502322190132E+00    0.416961843153706E-03    0.281962284159041E-01
    0.144876001783490E+00    0.217850454586627E-01    0.207586466260970E-01    0.183670748758826E+00   -0.191175411846075E-01    0.327109097016848E-01
    0.684963305660866E-01    0.218363757567907E-01    0.496993740028984E-01    0.266769094010481E+00    0.259991972528857E-01    0.108203654133505E-02
    0.195274598314025E+00    0.218044513424725E-01    0.431377503055250E-01    0.175813366082726E+00   -0.399084737323992E-01    0.237222337421924E-01
    0.156900839534168E+00    0.218504562899892E-01    0.236036123409210E-02    0.202358697872907E+00   -0.183651630714828E-01    0.415902833308670E-02
    0.116926666355419E+00    0.218570538041472E-01    0.118291046559063E-01    0.242956596940906E+00   -0.443039333825677E-01   -0.173222275439918E-01
    0.171746174532870E+00    0.219811459470584E-01    0.196561170085864E-01    0.236587399361419E+00    0.326928520605279E-02   -0.411229317058461E-01
    0.102491451604731E+00    0.220443096576802E-01    0.311240205134749E-01    0.197532041269593E+00   -0.853603241835625E-03   -0.363857428165560E-01
    0.174759824283444E+00    0.220492482799437E-01    0.419844338049399E-01    0.187001486040097E+00   -0.110119922325875E-01   -0.179328904110880E-02
    0.131579879267152E+00    0.221001915828097E-01    0.153970045140453E-01    0.232460712642484E+00    0.339787886332969E-01    0.204851058960621E-01
    0.802315318321118E-02    0.220303129549561E-01    0.353199409418687E-01    0.254046274483725E+00   -0.449017562573263E-01    0.509630349198077E-02
    0.886573630665192E-01    0.221478518030395E-01    0.301548185993731E-01    0.208331372354507E+00   -0.187001339739950E-01    0.166594912633368E-01
    0.221814088263545E-01    0.221703459964236E-01    0.209027601064341E-01    0.196530321154279E+00   -0.186525543007017E-01   -0.568561354883310E-02
    0.743125030125224E-01    0.221703664792133E-01    0.122038763644271E-01    0.238294719087074E+00   -0.219211400997654E-01   -0.154554892468074E-01
    0.157532122859207E+00    0.223603386538749E-01    0.289820886513099E-01    0.217828016908781E+00    0.167770476167012E-01   -0.228177806177063E-01
    0.790628098230988E-01    0.223303624471599E-01    0.233165736097892E-01    0.217440658172692E+00   -0.156707432858271E-01    0.338938031169331E-01
    0.365573861042210E-01    0.224083801560737E-01    0.303469603210088E-01    0.246594434186429E+00   -0.338239283549943E-01   -0.163272408731453E-01
    0.146606162110364E+00    0.224831728509069E-01    0.447282871179425E-01    0.194902846771310E+00   -0.517541775308062E-01   -0.192551394909785E-02
    0.604997503445657E-01    0.225676627714335E-01    0.351452225436589E-01    0.182988500120416E+00    0.329673701050932E-01    0.207914069993396E-01
    0.192546415401731E+00    0.225456220107838E-01    0.532559246750996E-02    0.239868592857867E+00    0.350189502906764E-02    0.168397932065529E-01
    0.635480849997698E-01    0.225712908796727E-01    0.287109553522865E-01    0.228070698312709E+00   -0.347460775572634E-02   -0.237038488469178E-01
    0.111147622968179E+00    0.225993650119598E-01    0.130265428939417E-01    0.221606645819291E+00    0.116608467288189E-01    0.872658583122329E-02
    0.138764035759579E-01    0.226660523592328E-01    0.586381307250874E-02    0.195241764791197E+00    0.328953728713547E-01    0.775453160659852E-02
    0.139088310425428E+00    0.226629452615936E-01    0.159965403408516E-02    0.187378362096371E+00   -0.214417351299941E-02    0.116788407621728E-01
    0.137367062338034E+00    0.226738819333725E-01    0.438810641601682E-01    0.189804514090391E+00   -0.282004713155839E-01    0.415592575139186E-01
    0.194651233095928E+00    0.226779723443805E-01    0.103770381157083E-01    0.173559252250585E+00   -0.544705704833332E-01   -0.124182962970707E-01
    0.157463462668193E+00    0.227823909498579E-01    0.371189511184402E-02    0.213677517699054E+00    0.274807229587006E-01    0.178000396772602E-01
    0.143897160822740E-01    0.228302662606975E-01    0.264095138173528E-02    0.189603079323576E+00   -0.122655762888606E-01   -0.100537149091809E-01
    0.134871139365438E+00    0.229002959163905E-01    0.460430803332159E-01    0.199574963729213E+00   -0.925920129982137E-02   -0.514801423833697E-01
    0.145147655943595E+00    0.229058282668018E-01    0.245979614810257E-01    0.199971059423692E+00   -0.156273064392857E-01    0.293372229434617E-02
    0.597560700665332E-01    0.229374736588962E-01    0.173799424073576E-01    0.200950278947455E+00    0.274871300493771E-02    0.236676397834193E-01
    0.113316724091896E+00    0.229463419013616E-01    0.436468356060499E-01    0.142432758561776E+00   -0.248835870175974E-01    0.234607686181901E-01
    0.356905613229321E-01    0.230089844253703E-01    0.223100253529429E-01    0.214491775783805E+00    0.144311701810565E-01   -0.206631599836013E-01
    0.349258571290003E-01    0.230178365605759E-01    0.156703944700251E-01    0.224151556818993E+00    0.206761382188157E-01    0.163559381115064E-01
    0.131315688340311E+00    0.229475638290431E-01    0.212745412495438E-01    0.271480095618144E+00   -0.650284614143172E-01   -0.194121674006496E-01
    0.523960330179166E-01    0.230803311075374E-01    0.850275971678964E-02    0.174188603900026E+00    0.642415102981482E-01    0.238488562977831E-01
    0.865681316686380E-01    0.230546688837793E-01    0.106178586188443E-01    0.222451454064233E+00    0.375403704763028E-01   -0.989439242298435E-02
    0.897729210722327E-01    0.230914492965815E-01    0.181299576979052E-01    0.197676029389903E+00    0.430369348628870E-01    0.877482122672278E-02
    0.108767819693772E-01    0.231155572011343E-01    0.215719464536291E-01    0.219529764200936E+00    0.105054912067590E-02    0.153914878614457E-01
    0.168545819010694E+00    0.231995797616980E-01    0.248112325008482E-01    0.215375656055558E+00    0.517721785367556E-01   -0.541526946934831E-01
    0.138707847445711E+00    0.231862854614505E-01    0.388650584164894E-01    0.231033183436202E+00    0.166051945299809E-01   -0.200498519309355E-01
    0.187957430715467E+00    0.231170258240036E-01    0.300386110443217E-01    0.220126974058721E+00   -0.713416565860469E-01    0.360795264798084E-01
    0.696243927616187E-01    0.232720129267014E-01    0.903169177258015E-02    0.199006940882003E+00    0.669553432150043E-01    0.167319096101954E-01
    0.136226384038115E+00    0.232585321860801E-01    0.154063232500690E-01    0.154470643637801E+00    0.406177197347778E-01   -0.218121498807076E-02
    0.191370857092862E+00    0.232467717585290E-01    0.101855764085575E-01    0.236978921732709E+00   -0.234085877119001E-01    0.234980919674216E-01
    0.197745824408015E+00    0.233180694716175E-01    0.372946392323548E-02    0.161424936537077E+00    0.490224172112998E-01    0.265864740716369E-01
    0.167560188163553E+00    0.232945421308025E-01    0.398428541780358E-01    0.208601773147855E+00   -0.310088559568347E-01   -0.330309683255502E-02
    0.122237991635894E+00    0.233564645452602E-01    0.164361778686837E-01    0.216001873942212E+00    0.240876959532915E-01    0.394756937949076E-01
    0.295413849718692E-01    0.233736661659155E-01    0.413847275691141E-01    0.218156904830678E+00   -0.240474452053800E-02   -0.965772900307552E-02
    0.164431871395762E+00    0.233296083099369E-01    0.323029082007063E-01    0.168033549322810E+00   -0.491428826817574E-01   -0.381501294598838E-01
    0.188113641437431E+00    0.234104362363242E-01    0.262142728932853E-02    0.183381976906717E+00   -0.234891871792637E-01   -0.897588950425710E-02
    0.309846842902251E-02    0.235029648273486E-01    0.281007762511736E-01    0.182840455923122E+00   -0.126237953070610E-02    0.927882420447266E-03
    0.174271611022841E+00    0.235286937883604E-01    0.167078130773529E-01    0.259207309343631E+00   -0.268899137892655E-01    0.405613998376875E-02
    0.169101397092031E+00    0.235868892522007E-01    0.580956268750448E-03    0.230808566577905E+00    0.255645883479442E-01   -0.290284824308435E-01
    0.179093322171689E+00    0.235768358808010E-01    0.323648714860901E-02    0.181869664698132E+00   -0.435035635711378E-01   -0.367709821198509E-01
    0.197279109778758E+00    0.237163684371565E-01    0.895125332318438E-03    0.241979480183047E+00    0.350905528870463E-01   -0.965456256379697E-02
    0.169756870305078E+00    0.237186258240208E-01    0.356849578962149E-01    0.142963999739619E+00    0.313750117816675E-01   -0.917225602806577E-01
    0.118469056504400E+00    0.236831911890198E-01    0.123325008905376E-01    0.236964225229254E+00   -0.170685693220256E-01    0.383794605886458E-02
    0.106115733918728E+00    0.237228784212258E-01    0.328575436674375E-01    0.205928791094733E+00   -0.584966861166450E-02   -0.222918423995119E-02
    0.653370413973165E-01    0.237480952709318E-01    0.495691943452128E-01    0.165677561872410E+00   -0.266580150392860E-02   -0.359285484480879E-01
    0.327561959532965E-01    0.237816815765780E-01    0.516362613025924E-02    0.120859668852275E+00    0.169623824035342E-01   -0.908252647988916E-02
    0.173781611289687E+00    0.238057296985475E-01    0.162910469749955E-01    0.218829185686884E+00    0.292441318213592E-01   -0.262503756850111E-01
    0.793563591942618E-01    0.238315131208672E-01    0.336870674975987E-01    0.174727162867329E+00    0.352376743146701E-01    0.993943166173206E-02
    0.150752072797470E+00    0.238296589829758E-01    0.476219289771027E-01    0.207753259893084E+00   -0.203735496340922E-01   -0.220185000705362E-01
    0.355846969155661E-01    0.239402241429286E-01    0.835405168015995E-02    0.252264083953735E+00    0.685004432370316E-01   -0.134020509318314E-01
    0.651032552721131E-01    0.238694136205929E-01    0.985564306255139E-02    0.182553896400671E+00   -0.444349504135907E-01   -0.357857642516045E-02
    0.808295397139269E-01    0.238781709162460E-01    0.992300083475778E-02    0.221986934032620E+00   -0.500483582695028E-01   -0.140992387473085E-01
    0.109068509122535E+00    0.239349832671408E-01    0.342504927157873E-01    0.194347976964446E+00   -0.153698509830633E-01   -0.244656216673043E-01
    0.126562570460762E+00    0.239675725160668E-01    0.427579275005054E-02    0.214306012785461E+00   -0.328777773509056E-02    0.314279611491962E-01
    0.155124649627412E+00    0.240082621306176E-01    0.107008172416474E-02    0.169948520084402E+00    0.167575397499638E-01   -0.110131975488872E-01
    0.176903474564528E+00    0.240277076064799E-01    0.163294895558540E-01    0.218260357084997E+00    0.930722874899978E-03    0.196129533501387E-01
    0.190703615681551E+00    0.240449766660724E-01    0.354997650711879E-01    0.207680254077789E+00    0.255226630361855E-02    0.146605297772326E-01
    0.555497609964018E-01    0.240857168813065E-01    0.131893380870198E-01    0.234302638555704E+00   -0.730255799995342E-02    0.250989066605111E-01
    0.188384561987575E-01    0.241690885280188E-01    0.289153829848190E-01    0.147941501978631E+00    0.435769037045409E-01    0.288112317979145E-01
    0.968097437050937E-02    0.241470577120562E-01    0.187983799787156E-01    0.222490209669924E+00   -0.159955764057308E-01   -0.332745469318682E-02
    0.629325047254355E-02    0.242697184059448E-01    0.454569039395307E-01    0.192046326615727E+00    0.430784100551948E-01    0.503222677548076E-01
    0.543639515168874E-01    0.242706616662889E-01    0.253065366461185E-01    0.160310383692407E+00    0.196553827820579E-01   -0.301456371828347E-01
    0.163333645262512E+00    0.243326041474837E-01    0.595006039733609E-02    0.218687592420109E+00    0.282875293746074E-01    0.492827846950882E-02
    0.141145862271141E-01    0.242702368306346E-01    0.898454010186175E-02    0.191715152622496E+00   -0.463794849628324E-01    0.218431296513819E-01
    0.149419275108108E+00    0.243193435806376E-01    0.275435228909357E-01    0.248886842677663E+00   -0.112421639509047E-01   -0.339050238043932E-01
    0.298547994283069E-01    0.243826938479560E-01    0.445910408412945E-01    0.152384074407757E+00    0.917456136976979E-02   -0.360154472309053E-01
    0.131067365197181E+00    0.243348914436857E-01    0.124729513205281E-01    0.201299933495195E+00   -0.399452778882757E-01    0.546626213404872E-02
    0.923605217835059E-01    0.243591269278807E-01    0.297564485094438E-01    0.262605364868671E+00   -0.412207354935682E-01    0.266210352537913E-01
    0.146059070511875E+00    0.245360618743535E-01    0.385567041214137E-01    0.187420846331877E+00    0.369468352792012E-01    0.134220602096338E-01
    0.150417892044316E+00    0.245602291991463E-01    0.309642493763146E-02    0.220908383828460E+00    0.406011974898491E-04    0.285028042130212E-01
    0.921773356800866E-01    0.246031712682335E-01    0.339559421982537E-01    0.160208439470997E+00    0.142346281948078E-01    0.245761910564380E-02
    0.509357895988247E-01    0.246358379015106E-01    0.233667358260175E-01    0.244823459515264E+00    0.304353488207962E-01    0.148091853844498E-03
    0.351365808870671E-01    0.246769710313848E-01    0.191239767867437E-02    0.204013813809915E+00    0.477915223717202E-01   -0.267697756064027E-01
    0.137178687413673E+00    0.246170629212787E-01    0.469663616300781E-01    0.191960302212120E+00   -0.223238865852466E-01   -0.164463299200667E-01
    0.747615385539188E-01    0.246765128256120E-01    0.203539737219667E-01    0.263156605567331E+00    0.357769919450610E-01   -0.273815204904232E-01
    0.791497359370231E-01    0.246737484662317E-01    0.741240937227647E-02    0.177386357428674E+00   -0.168677971984823E-01   -0.134815858025759E-01
    0.711082555424579E-01    0.247302374370001E-01    0.214663036624331E-01    0.215103954167952E+00    0.146637573442954E-01    0.247955904037873E-01
    0.166332486827043E+00    0.247390580775838E-01    0.169542083013185E-01    0.170266177489271E+00    0.123966020070742E-01   -0.365839546063644E-01
    0.106359198717965E+00    0.247807372851878E-01    0.111204342322769E-01    0.210060592100713E+00    0.395246975036995E-02    0.306246940780850E-01
    0.170182619754546E+00    0.247639057469304E-01    0.315686242361289E-02    0.194614500000270E+00   -0.221508623210181E-01    0.148965125869775E-01
    0.335080528851951E-01    0.248546723991487E-01    0.171785231337073E-01    0.242453010758691E+00   -0.374360037530805E-01    0.139848157802512E-02
    0.867415715352117E-01    0.249365598310816E-01    0.258080838790505E-01    0.175342694727246E+00   -0.121681674017383E-01   -0.130232798038016E-01
    0.151795221845970E+00    0.250198940100401E-01    0.322145392918851E-01    0.150106703226779E+00    0.159661791600753E-02    0.310640984100472E-01
    0.133062872735643E+00    0.250467105307159E-01    0.378702370446023E-01    0.207549780115865E+00   -0.562307134501370E-02   -0.244126662324056E-01
    0.144004719035705E-01    0.250820523625934E-01    0.263123879799124E-01    0.171115631509065E+00   -0.252666272865104E-01    0.255273065638118E-01
    0.151203876434225E+00    0.250812051909904E-01    0.827264944987410E-02    0.214928930958570E+00   -0.271067207925024E-01   -0.279823356864945E-01
    0.125112944790308E+00    0.251210202321861E-01    0.402339338786749E-01    0.197416518661495E+00   -0.202267668455175E-01   -0.427814995202564E-01
    0.139789664464582E+00    0.251259106469263E-01    0.277947058068032E-01    0.263622862411511E+00   -0.317757750746701E-01    0.474169700238287E-02
    0.687602880091228E-01    0.252233648567507E-01    0.102947561746506E-01    0.180518245145647E+00    0.144086636379798E-01   -0.145886978053156E-01
    0.202543494934633E-01    0.251989969305733E-01    0.863329439669922E-02    0.198817343687399E+00   -0.315567430858778E-01   -0.176978227979506E-01
    0.611855713239724E-01    0.253118219138176E-01    0.166869106702183E-01    0.248397306038637E+00    0.216202519945713E-01   -0.297319478990142E-01
    0.178255437360647E+00    0.253242370470949E-01    0.381130357625076E-01    0.233235509592598E+00   -0.359855355865165E-02    0.132828642002743E-01
    0.733962161952045E-01    0.253270934465442E-01    0.459665427777701E-01    0.195697799303280E+00   -0.230794153807565E-01   -0.144701352440948E-01
    0.110813396821095E+00    0.253889340206234E-01    0.422090938534143E-01    0.217161787372345E+00    0.325377353463929E-01   -0.613096429629123E-01
    0.678420270314081E-02    0.253587832718492E-01    0.317464195598216E-01    0.224583350347746E+00   -0.136386974150325E-02    0.197120742186049E-01
    0.182021142357014E+00    0.253889902568814E-01    0.314292345711183E-01    0.230547843965217E+00   -0.114862793533029E-01   -0.470673640020908E-01
    0.704734627598845E-01    0.254645725277752E-01    0.353743883467869E-01    0.257720295959386E+00   -0.632082836038326E-03   -0.131966897094077E-01
    0.130887752911131E+00    0.255446257547710E-01    0.284810172038783E-01    0.223624449518361E+00    0.477804249104638E-01   -0.844053561221918E-01
    0.190460241956821E+00    0.255105727040402E-01    0.439895516246656E-02    0.215697107658443E+00   -0.609767477386803E-02   -0.309300882305880E-01
    0.103578870998241E+00    0.255529564015588E-01    0.116443218975624E-01    0.150900089640778E+00   -0.143765812844810E-01    0.150821205576917E-01
    0.708921044463649E-01    0.256604940271700E-01    0.147931018717290E-01    0.235541917714903E+00    0.189571331152964E-01    0.113216083353930E-01
    0.111091989883182E+00    0.256563324085809E-01    0.151460389550381E-01    0.160030361972896E+00   -0.925602760971884E-02    0.628940761996226E-02
    0.111452251302880E+00    0.256567462729630E-01    0.338989950914149E-01    0.165734190715955E+00   -0.102209152852162E-01    0.437779278310871E-01
    0.119320541861576E+00    0.258251774496072E-01    0.436452093159031E-01    0.216396953228115E+00   -0.117385159544195E-01   -0.384530394645447E-01
    0.195708083992689E+00    0.258716650863146E-01    0.482161406696495E-02    0.224905175782498E+00    0.354738295257246E-01    0.317648789206255E-01
    0.180342951476013E+00    0.258966208703647E-01    0.400006253019071E-01    0.227874682453568E+00    0.431636376185695E-01    0.172574072716023E-02
    0.148463357219726E+00    0.258071879768472E-01    0.122121176734742E-01    0.211865778605794E+00   -0.570430545833425E-01    0.499523965623265E-01
    0.107414046602242E-01    0.259489520174644E-01    0.355303959424534E-01    0.180929716787759E+00    0.692698321135750E-01    0.127439216007803E-01
    0.200230308030872E+00    0.259547489448574E-01    0.186617037415053E-02    0.199642494899913E+00    0.893129073071414E-02    0.208948277853936E-02
    0.172221473700101E+00    0.260482946799837E-01    0.578284279146682E-02    0.192720489118475E+00    0.467795408546277E-02   -0.157777050004860E-01
    0.170996426711051E-01    0.262702274903905E-01    0.336265495541869E-01    0.222955413396710E+00   -0.163781326039827E-01   -0.285461625350464E-01
    0.875366970343807E-01    0.262863510275846E-01    0.160828340934816E-01    0.190832058581248E+00   -0.121383084041073E-01   -0.361169854879408E-02
    0.185936227413169E+00    0.263500617141427E-01    0.467946484733810E-01    0.257532358530832E+00   -0.595186913271750E-02    0.276382487053805E-01
    0.471351732263822E-01    0.263077516297591E-01    0.465618251608364E-01    0.209611998880859E+00   -0.796854688702413E-01   -0.221340919964731E-01
    0.711715305639285E-01    0.263496166789934E-01    0.337762303283754E-01    0.261035622759833E+00   -0.409659248143074E-01    0.336313428880123E-01
    0.128844305634539E+00    0.264553245323112E-01    0.353498082357527E-01    0.219337798255432E+00    0.111093537005235E-01    0.104917451406454E-01
    0.648051246833738E-01    0.265338042965068E-01    0.104261984132930E-01    0.219412890218134E+00    0.247804169258645E-01   -0.602479859270606E-01
    0.198936325227714E+00    0.264963812195897E-01    0.417231115820536E-01    0.201196837030823E+00   -0.270570640569666E-01   -0.132654512810732E-01
    0.658123173620277E-01    0.266003150666396E-01    0.125174699117608E-01    0.239979236219680E+00    0.282046565547037E-01   -0.590527902973287E-02
    0.911150686266907E-01    0.265641827888102E-01    0.313236714434182E-01    0.168653464428476E+00   -0.264035857617268E-01    0.171352276107777E-01
    0.131974243704155E-01    0.267199481466443E-01    0.734958664653061E-02    0.193136328026207E+00    0.488166026358872E-01    0.259907801336544E-01
    0.111353169336184E+00    0.267113588314064E-01    0.309350410761996E-01    0.245118789805306E+00    0.256152382412585E-01    0.212774933098412E-01
    0.692555429860285E-01    0.267302500747088E-01    0.349832274367102E-01    0.227517119192325E+00    0.835646305852349E-02    0.513185793849745E-02
    0.149913457531279E+00    0.267385052554614E-01    0.291452127284271E-01    0.203366861259362E+00   -0.842399208484046E-02    0.356236276569698E-01
    0.171120877704293E+00    0.267299967793791E-01    0.621620161247518E-03    0.252273335129950E+00   -0.441592505950245E-01    0.367754064600887E-01
    0.866173855533509E-01    0.267835579730084E-01    0.122430320896623E-01    0.200087069941310E+00   -0.177191943226928E-01    0.114242400338371E-02
    0.403083490481974E-01    0.268741053269674E-01    0.355682836810405E-01    0.214862180404586E+00    0.510446732249487E-01   -0.813230410089607E-02
    0.151804571289048E+00    0.269303206704221E-01    0.423098706461785E-01    0.277988675116662E+00    0.201196169075131E-01    0.226386084465594E-01
    0.735362473838416E-01    0.269218328556166E-01    0.367922333812411E-01    0.180776227164281E+00    0.103427952136258E-01   -0.163280489281506E-01
    0.205113066828006E-02    0.269960691437796E-01    0.109839599206765E-01    0.189417305396293E+00   -0.540764516180390E-02    0.273785370202578E-01
    0.142783276405665E+00    0.270238432095330E-01    0.205205245919161E-01    0.241556037514285E+00    0.183633969089467E-01   -0.386105364424284E-01
    0.181421108590019E+00    0.270595646635284E-01    0.482941501179555E-01    0.184650974228596E+00    0.212433990923495E-01   -0.249322308731218E-01
    0.114622535141025E+00    0.270820010667882E-01    0.463650690244702E-01    0.171916215885101E+00   -0.568577429530763E-02    0.276225327610835E-01
    0.180116288148062E+00    0.271549899366862E-01    0.476676956534606E-01    0.208477405110908E+00    0.238091937155986E-01   -0.185824587373701E-01
    0.670097485587398E-01    0.271298373205568E-01    0.293776224778082E-01    0.202747150501133E+00   -0.335226466058303E-01    0.154163329943690E-01
    0.720082891175625E-01    0.273860689091477E-01    0.223965207586085E-01    0.214582818679376E+00   -0.366377323346887E-01    0.122250864797679E-01
    0.137935023815590E-01    0.275175107005679E-01    0.952428061461926E-02    0.260021624927690E+00    0.153159472999182E-01    0.128513025117486E-01
    0.198540267349299E+00    0.275022481626346E-01    0.491713009137892E-02    0.195201063826784E+00   -0.402637502567537E-01    0.519756610717013E-01
    0.291454877213077E-01    0.275478632781923E-01    0.151296027627808E-01    0.219881055543137E+00   -0.625616587685480E-02   -0.450823657920252E-01
    0.908683536284265E-02    0.275873881505472E-01    0.787731942178283E-02    0.194093325538316E+00    0.328333241507351E-01    0.317180674723000E-01
    0.105147581088967E+00    0.276012926889022E-01    0.141213235867315E-01    0.176697870209132E+00   -0.862614966398555E-02   -0.203612960961718E-01
    0.128990145802832E+00    0.276615950302569E-01    0.173274361970014E-01    0.178435452994561E+00    0.252877407375751E-01   -0.249022658194256E-01
    0.343114864875463E-01    0.276802266137092E-01    0.958649431907435E-02    0.209919699214172E+00    0.149379522048409E-01    0.523103384301433E-01
    0.597028299712479E-01    0.277588131626804E-01    0.224423190852701E-01    0.221607731717756E+00    0.111719831799069E-01    0.181908548919022E-01
    0.951317837785695E-02    0.277965856237545E-01    0.156672724883126E-01    0.209414362670343E+00    0.318144091647381E-01   -0.209710892194786E-01
    0.147636926259205E+00    0.278319965747890E-01    0.202438509318314E-01    0.227702799762434E+00    0.489046656764663E-01    0.483544945964605E-01
    0.781873053337491E-01    0.278793507339467E-01    0.277099571919385E-01    0.157708207366492E+00    0.283532186067172E-01   -0.240057533018004E-01
    0.157995482855483E+00    0.279227234947089E-01    0.325963381710555E-01    0.263151180864867E+00   -0.242811041509844E-01    0.309337860066931E-02
    0.899262629577373E-01    0.279172254279916E-01    0.707276920222819E-02    0.207929676688864E+00   -0.380558276879127E-01   -0.203623526925515E-01
    0.641318650613300E-01    0.279725190425611E-01    0.472086189693654E-01    0.188489090607306E+00    0.130329698142519E-01    0.981344368880063E-02
    0.107551655660171E-01    0.279558845678642E-01    0.328651411953971E-01    0.169154785083720E+00   -0.979958483191033E-02    0.198284057256147E-01
    0.141548372359374E+00    0.280210335786553E-01    0.710343921194398E-03    0.186399096009547E+00    0.343874950463950E-01   -0.257004500778399E-01
    0.771434515820162E-01    0.279982325231509E-01    0.171393705727301E-01    0.228233711416142E+00    0.179160604325677E-02    0.518855728000550E-01
    0.896439857854534E-01    0.280410323865748E-01    0.173600850860903E-01    0.166266581745729E+00   -0.416812917892125E-01    0.256432764326937E-02
    0.153162289652996E+00    0.280840432621433E-01    0.118729302306805E-01    0.184824242370829E+00   -0.297784781718245E-01   -0.283696760466416E-01
    0.184879115673917E+00    0.281063931325406E-01    0.372079861368003E-02    0.210556931155257E+00   -0.112907564596274E-01    0.262203225615161E-01
    0.201543747581670E-01    0.281364602539416E-01    0.206544832139917E-01    0.296452634741327E+00    0.122176471282507E-01   -0.172758619539256E-01
    0.173098295295406E-01    0.281364621910348E-01    0.346689107786243E-01    0.187655331131127E+00   -0.112716347337998E-01   -0.151301431686155E-01
    0.188924827623844E+00    0.281456933025337E-01    0.131960831675924E-01    0.226460495522777E+00   -0.398586607028847E-01    0.109212619063902E-01
    0.181605366126198E+00    0.282202452089052E-01    0.157898885454048E-01    0.252484414965856E+00    0.198017893324722E-01   -0.165496642567910E-01
    0.405096432342259E-01    0.282655796929277E-01    0.229722325178685E-01    0.160072915038967E+00    0.551452875987351E-01   -0.173339691187053E-02
    0.169053298392075E-01    0.282004800015249E-01    0.309233843177800E-01    0.215793355940403E+00   -0.141510435105668E-01    0.600205627309699E-02
    0.163263404083171E+00    0.282732256879906E-01    0.152547190812862E-01    0.201308092420571E+00    0.396821577771051E-01   -0.404777129342979E-01
    0.120057883378935E+00    0.282477172341310E-01    0.354145428831097E-01    0.212641304294798E+00   -0.355211703933655E-01    0.104026676212883E-01
    0.188407380188418E-01    0.283077822380624E-01    0.293904651490611E-02    0.219355225918066E+00    0.117685236495459E-01    0.407423502765845E-01
    0.427856068119902E-01    0.283581369327618E-01    0.263923227436709E-01    0.142839139519629E+00    0.452717834568651E-01    0.187883486384921E-01
    0.985061843172390E-01    0.284536170293365E-01    0.380972090750276E-01    0.209770627549598E+00   -0.460514256008279E-02   -0.703589727688605E-01
    0.184170197424711E+00    0.285032511058187E-01    0.189650317909356E-01    0.235102866183760E+00    0.247221985826916E-01    0.921114390489534E-02
    0.745431044349183E-01    0.284499383918362E-01    0.127091255604742E-01    0.193846097423195E+00   -0.350625055970492E-01    0.477626217521605E-02
    0.521802871078696E-01    0.285067213720816E-01    0.161421608088882E-03    0.187972475352169E+00   -0.888237660331957E-02    0.120790903233262E-01
    0.131138581306485E+00    0.286290906630381E-01    0.294466112910521E-03    0.230792389457499E+00    0.576812312249458E-02    0.848773609659878E-02
    0.232249935412581E-02    0.286240010892061E-01    0.331472147335470E-03    0.186468106656251E+00   -0.150544618244880E-01   -0.406894767671040E-01
    0.133568361364538E-01    0.286302665742691E-01    0.495066657551181E-02    0.187193117297825E+00   -0.138293861980824E-01   -0.121461377084942E-01
    0.252220214404721E-01    0.286409729058058E-01    0.406580467654108E-01    0.209448219976215E+00   -0.154212082009487E-01   -0.205025081626433E-01
    0.190882328095580E+00    0.286676248975759E-01    0.222625131778866E-01    0.275499904441872E+00    0.383748136507270E-03   -0.169818270550452E-01
    0.484019911210723E-01    0.287298105269457E-01    0.353156144911953E-01    0.230273396044753E+00    0.306362277934777E-01    0.272535965406598E-01
    0.105535895073253E+00    0.286913475995884E-01    0.243390869272501E-01    0.200623926861377E+00   -0.276290847574459E-01   -0.179938163784731E-02
    0.694856249003067E-02    0.287451089583709E-01    0.470700820335085E-01    0.147127002657598E+00    0.161357842944480E-01    0.107601236128378E-01
    0.771820744004390E-01    0.287442602707472E-01    0.372825397787096E-01    0.189465917107376E+00    0.128736695345735E-01    0.117643462629220E-01
    0.864616914010824E-01    0.288122162017321E-01    0.700159733004189E-02    0.208655479903850E+00    0.131513411182810E-01   -0.414791465515323E-01
    0.532289407687269E-01    0.288484263296921E-01    0.388174841099695E-01    0.262901598324103E+00    0.299767168641639E-01   -0.416966353929797E-01
    0.908150398914668E-01    0.288605868011417E-01    0.408948076513802E-01    0.179954427831143E+00    0.512360551996813E-02    0.114340795902034E-01
    0.187171651566390E+00    0.289103140150147E-01    0.338053488670247E-01    0.202476869316876E+00    0.530800176622979E-02   -0.180241035013204E-01
    0.189622018463028E+00    0.289113304319825E-01    0.303439527111391E-01    0.250555131018513E+00   -0.519312346887273E-02   -0.144476781509243E-01
    0.254294410357438E-01    0.289024556567446E-01    0.139874646989247E-01    0.193677458237648E+00   -0.360889540765528E-01   -0.108530060664088E-01
    0.196248876833938E+00    0.289674603020638E-01    0.431604232315381E-01    0.211864303043632E+00    0.206242046323729E-01   -0.676139460433966E-02
    0.873652832168532E-01    0.290017897245669E-01    0.481451603945507E-02    0.186647557945139E+00   -0.143435608871841E-01    0.311383446149356E-01
    0.571904481197385E-01    0.290073934973937E-01    0.115588639424190E-01    0.238900347926494E+00   -0.969649051391155E-02    0.158864071778571E-01
    0.174159973585977E+00    0.290098825339210E-01    0.774096299176174E-02    0.243025911764787E+00   -0.187772847160823E-01    0.118774307101354E-01
    0.184678143776591E+00    0.290250410474404E-01    0.264981427999895E-01    0.228246751840273E+00   -0.178912663613420E-01    0.241488219976749E-01
    0.112328822112622E+00    0.290603390333028E-01    0.790766207314146E-02    0.249004170950348E+00    0.940971349980711E-02    0.142248181451195E-01
    0.178039504403011E+00    0.291387230905481E-01    0.108692600608167E-02    0.195627286908301E+00   -0.560869970876064E-02   -0.507106062995211E-02
    0.601518187767738E-01    0.291904928419234E-01    0.279772910906858E-01    0.200843808069419E+00    0.458574001029170E-01    0.200135329427332E-01
    0.774241095722537E-01    0.291661363585586E-01    0.232329022767848E-01    0.180549210602359E+00   -0.329075862525561E-01   -0.541814254860443E-01
    0.123563557265421E-01    0.291748626040184E-01    0.364519780570887E-01    0.184785606015503E+00   -0.409174486827634E-01    0.112037479142529E-02
    0.186046736498242E-02    0.292712029163875E-01    0.251369597397602E-03    0.281440548470464E+00    0.923663903375758E-02   -0.736558161561309E-01
    0.505226302612136E-01    0.293271551013604E-01    0.170215594951213E-01    0.203459936937773E+00    0.101445218987086E-01   -0.174905660595536E-01
    0.100644138707304E+00    0.293929830541037E-01    0.349684893804176E-01    0.206795503459564E+00    0.252919823951921E-01    0.338981774955983E-01
    0.162906300468555E+00    0.294156617944631E-01    0.419868784640628E-01    0.197050893426948E+00    0.278567158349371E-01   -0.308084466913593E-01
    0.103029275485618E+00    0.294374538645530E-01    0.353392154140524E-01    0.240394374460454E+00    0.634913575346087E-02   -0.748243161269143E-02
    0.150897930293315E+00    0.294728552116786E-01    0.313095081545287E-01    0.286984868837614E+00   -0.882393267656558E-02   -0.167787789774120E-01
    0.113956219969565E+00    0.295533514225176E-01    0.443084722498257E-01    0.182525350433076E+00    0.408249434981873E-01    0.365293153799125E-01
    0.701618483832855E-01    0.295413901170169E-01    0.107029385879675E-01    0.216918260628459E+00    0.180500318772092E-01   -0.160700592118169E-01
    0.176692454677869E+00    0.296037383964293E-01    0.319251788768312E-01    0.195275545198435E+00    0.235388567248612E-01   -0.573479463388535E-01
    0.540543194565278E-01    0.296178534644893E-01    0.189766421526804E-01    0.157470259332803E+00    0.126214439443013E-01   -0.138237706842358E-01
    0.617421751978069E-01    0.296463698876652E-01    0.474372436394401E-01    0.222702365670497E+00    0.344852503870856E-01    0.148534155413319E-01
    0.164126944238774E+00    0.296825840961963E-01    0.231380947445600E-01    0.211829792374662E+00   -0.521218560151203E-02   -0.305787472968496E-01
    0.180924780317260E+00    0.297260918224846E-01    0.173691193578100E-02    0.210080801148050E+00    0.152177290324562E-01    0.415174997994074E-02
    0.180615282166061E+00    0.296797264569064E-01    0.261870074681443E-01    0.135950095876731E+00   -0.330868865257036E-01   -0.124545193532638E-01
    0.341788507949551E-01    0.297773850556893E-01    0.287345126553976E-01    0.179263472934851E+00    0.120761393297830E-01   -0.283819712484031E-01
    0.106611525233938E+00    0.297905485989704E-01    0.464129560093067E-01    0.197668004027125E+00   -0.354054658644062E-01   -0.650752720742001E-01
    0.309750617263428E-01    0.299128812417411E-01    0.332994538424596E-01    0.231101372224086E+00    0.242206560821303E-02   -0.946741426808948E-02
    0.157937315620618E+00    0.299367797161230E-01    0.224256459768717E-01    0.181591788855698E+00    0.211348449417534E-01   -0.981999313002512E-02
    0.699115812842897E-02    0.299239906787487E-01    0.416485979108313E-01    0.223335174662395E+00   -0.285474087619613E-01   -0.150511903695167E-01
    0.124458882883185E+00    0.300832128977446E-01    0.238718519823287E-01    0.170660905000076E+00    0.456437850345424E-01    0.343361220460621E-01
    0.863955540342055E-01    0.301621157377492E-01    0.444272189381026E-01    0.198137292151533E+00    0.488073101776400E-02   -0.192091912760035E-01
    0.154721449325366E+00    0.301805271246325E-01    0.466831471956181E-01    0.153982783522064E+00    0.132597636587242E-01   -0.533933293478247E-02
    0.280876793741487E-01    0.301911502553241E-01    0.637600075536214E-02    0.210613311768838E+00    0.482936503527158E-02   -0.120874779816362E-01
    0.345499252713234E-01    0.302490572292188E-01    0.309753111696698E-01    0.183416304868989E+00    0.200047906305851E-01    0.474854371089867E-01
    0.143072018706618E+00    0.302897364695894E-01    0.242015710595949E-01    0.184674823047854E+00   -0.300414007149164E-01   -0.127616151382292E-01
    0.181293541987378E+00    0.303650674575230E-01    0.201562232467581E-01    0.138717529018130E+00    0.276089217216177E-01    0.425797653256050E-02
    0.264223216716599E-01    0.303746248829664E-01    0.397089991054061E-01    0.205965085185673E+00    0.114683929012424E-01    0.134750974221601E-01
    0.638332181868764E-01    0.303868064425207E-01    0.860784296366986E-02    0.117254802699447E+00    0.139776240112729E-01    0.373737726199230E-01
    0.133783132236314E-01    0.303834143947649E-01    0.464667590865356E-01    0.202690736163267E+00    0.245102487175619E-02   -0.567639560485650E-02
    0.926413974829895E-01    0.304396358648547E-01    0.127486103416234E-02    0.170909320656293E+00   -0.291635665992224E-01   -0.461422036407695E-01
    0.465944729435030E-01    0.305156266280899E-01    0.113030633468601E-01    0.228144897162063E+00    0.145051386263990E-01   -0.449142739712817E-01
    0.864756709421995E-01    0.305125963817387E-01    0.203938061336226E-01    0.184630309400742E+00   -0.449182101627648E-02   -0.201865504290131E-01
    0.179779679412458E+00    0.305133436950186E-01    0.438710454894458E-01    0.162602991410519E+00   -0.220890668530694E-01   -0.173043652090155E-01
    0.473363310518215E-01    0.306036898809038E-01    0.109209815642037E-01    0.200106842553713E+00    0.372326163093967E-01    0.155739585999810E-01
    0.146967689590207E+00    0.305110967681799E-01    0.205991632719217E-01    0.158262784205662E+00   -0.597199094339237E-01    0.265543560406254E-01
    0.198427176791776E+00    0.306390304988537E-01    0.340208030783821E-01    0.182926913251546E+00    0.189753129316387E-01   -0.108863498854381E-01
    0.345357720743628E-01    0.306665488856753E-01    0.479625978761616E-01    0.187736682274932E+00   -0.549485351379609E-01   -0.107061815267743E-01
    0.173501633514587E+00    0.307357902197968E-01    0.176610848053125E-01    0.195514805498792E+00    0.260110376987295E-02   -0.531147411973881E-01
    0.632913052435693E-01    0.307446375414929E-01    0.120680634701750E-01    0.180222615099577E+00    0.412710955692763E-02    0.132418285426580E-01
    0.146069740810786E+00    0.307609209757968E-01    0.409275967505158E-02    0.208006392167676E+00   -0.834189769844396E-02   -0.983307707724073E-02
    0.151005535705734E+00    0.308329960631885E-01    0.147174800633024E-02    0.183371308657909E+00    0.108708091371025E-01    0.592977434279931E-02
    0.751704976975339E-01    0.308334715716971E-01    0.134496107411005E-01    0.249158247890663E+00   -0.161269060127515E-01   -0.119541562886403E-02
    0.826814178852702E-03    0.309357430493272E-01    0.416111099919596E-01    0.176513100846721E+00    0.439858176895232E-01    0.843570373067622E-02
    0.150398658802071E+00    0.309141559028365E-01    0.191070017708027E-01    0.244204397939484E+00   -0.147017108223423E-02   -0.630916125810822E-03
    0.153607696095141E+00    0.308972041851128E-01    0.413656109147527E-01    0.220207183280307E+00   -0.308589640612660E-01   -0.293565858013338E-01
    0.175433173702782E+00    0.309543277051423E-01    0.486472330029406E-02    0.221691445484330E+00   -0.166330259232015E-01    0.265926545180583E-01
    0.117058057941489E+00    0.309973055376077E-01    0.351946182268902E-01    0.203628135620949E+00    0.749392305567473E-02   -0.477969092130537E-01
    0.115652537875852E+00    0.309938450939014E-01    0.341693113549863E-01    0.204185300615201E+00    0.378989171779064E-02    0.138554566860356E-01
    0.774446429516923E-01    0.310560992194246E-01    0.105846744748119E-01    0.194084865523087E+00   -0.311716695616481E-02    0.364567283343651E-01
    0.595205581089243E-01    0.310408356768638E-01    0.332023044671596E-01    0.220479326989943E+00   -0.333198294361826E-01    0.125826710875425E-01
    0.767142529221980E-01    0.310560672678113E-01    0.743015430794745E-02    0.221343528082154E+00   -0.547443626321742E-01   -0.132809519017870E-02
    0.251811732777337E-01    0.312265018932182E-01    0.133608724238101E-04    0.266928596326792E+00    0.265761073063958E-01   -0.255205399070420E-01
    0.669814046842511E-01    0.312730498371159E-01    0.397098312110381E-01    0.118668171428282E+00    0.210486789698066E-01   -0.911691318469594E-02
    0.193122653335965E+00    0.313043283937341E-01    0.284636951918126E-01    0.231382356391274E+00   -0.135752391317391E-01    0.192466824427280E-01
    0.793494639160934E-01    0.313653566356720E-01    0.244710434502566E-01    0.194953181409191E+00    0.407467489414314E-01    0.265863218744984E-01
    0.270295861215239E-01    0.313992457160485E-01    0.428275858598195E-01    0.140662396917834E+00   -0.524815744434843E-02   -0.109332172237984E-01
    0.877746963040745E-01    0.314384773731288E-01    0.110775321093472E-01    0.187830096271179E+00    0.300863355961976E-01    0.283234514695741E-01
    0.174758759021319E+00    0.313809385951076E-01    0.414309743322668E-01    0.195125443346346E+00   -0.458311057795318E-01   -0.121531738805160E-01
    0.927705294959568E-01    0.314730185193653E-01    0.179715543638537E-02    0.150600630390616E+00    0.215359829772748E-01   -0.463753946425283E-02
    0.722284246017644E-02    0.314681929455479E-01    0.462804427754152E-01    0.228264054031865E+00   -0.388246668801940E-01   -0.387845487183218E-02
    0.161489197518143E+00    0.315588357543325E-01    0.323921032920862E-01    0.175169894285851E+00    0.221700142830152E-01    0.185650067149392E-01
    0.218459874336571E-01    0.316442269039561E-01    0.113344357463595E-01    0.151185388379310E+00   -0.329266000544020E-01    0.150816840859890E-01
    0.921636790067787E-01    0.316842960596158E-01    0.328285146093143E-01    0.190058134342219E+00   -0.288063341081755E-01   -0.539872893769156E-01
    0.699274241419641E-01    0.317541781207249E-01    0.356411594412831E-01    0.183826438060870E+00   -0.194279525140147E-01    0.171955269954797E-02
    0.508658303897740E-02    0.318122406227140E-01    0.263770574148686E-01    0.177116154263313E+00   -0.551642601200017E-02    0.124132915491503E-01
    0.923405623875783E-01    0.318007789446188E-01    0.243025908114138E-01    0.197209819836256E+00   -0.277338651017027E-01   -0.105980639624721E-01
    0.172708730231952E+00    0.319642847066048E-01    0.265985313484957E-01    0.222687094703813E+00    0.564004469800636E-01    0.465130840574265E-01
    0.117487943168188E+00    0.319020452606611E-01    0.196483847363607E-01    0.209600456159045E+00   -0.302875312973662E-01   -0.363136433092025E-01
    0.158145792142637E+00    0.318907197623179E-01    0.402547792896340E-01    0.203810654970757E+00   -0.456814708032946E-01    0.136005580668977E-01
    0.149029714408470E+00    0.319701667041047E-01    0.315686607849103E-01    0.224083592502231E+00    0.203797790810703E-01   -0.415158691577753E-01
    0.194067328557803E+00    0.319616279381946E-01    0.208677774540327E-01    0.178402914297257E+00   -0.110396335692445E-01   -0.251287831047168E-02
    0.181902752341482E+00    0.319973632170833E-01    0.581308540296102E-02    0.163034955951384E+00    0.197963119032848E-01   -0.486724651471235E-01
    0.192354659161679E+00    0.319147526089973E-01    0.207459098520540E-01    0.202131123300021E+00   -0.690420667226892E-01    0.243922998699281E-01
    0.157967580755750E+00    0.320991436928086E-01    0.153397807256811E-01    0.198859054997074E+00    0.233534294092779E-01   -0.169136839234681E-03
    0.159705132413256E+00    0.320784649521843E-01    0.244730766461083E-01    0.198463458091057E+00   -0.169503075133462E-02   -0.591054343288199E-01
    0.194652241020524E+00    0.321285323584760E-01    0.112033015022353E-02    0.219870471042362E+00   -0.150353453140106E-01   -0.478952969084203E-02
    0.242851238628381E-01    0.321989631171828E-01    0.230727103403087E-02    0.209001921345515E+00    0.454462512545758E-01    0.245076906428964E-01
    0.414777440527061E-01    0.322713255774750E-01    0.184674812292157E-01    0.192167918191843E+00    0.557577600841832E-01    0.341414355304675E-01
    0.511489193758974E-01    0.322517778350770E-01    0.372007998675446E-02    0.299056339106177E+00    0.249480173975806E-02    0.503383166032599E-01
    0.561356154091456E-01    0.323424126140985E-01    0.458265001521032E-01    0.240087846259412E+00    0.744579092274482E-01   -0.176090374522141E-01
    0.183134702593165E+00    0.323024580990536E-01    0.278273486342922E-01    0.188989027555792E+00    0.158122055583057E-01    0.312896406729803E-01
    0.664112385447201E-01    0.323406488806247E-01    0.248115841725309E-02    0.211691981851005E+00    0.337201884866343E-01   -0.723903870584043E-02
    0.168140086722919E+00    0.323331776231228E-01    0.243989214785631E-01    0.188794597421190E+00    0.120375809007067E-01    0.113974638268430E-01
    0.131091067221998E+00    0.324301998713256E-01    0.497058349140683E-01    0.188127178528567E+00   -0.394380919124542E-01   -0.767552931133671E-03
    0.957059632078001E-01    0.324900373704797E-01    0.293571025264665E-01    0.194767999366666E+00   -0.205247164194224E-01   -0.352240318623371E-01
    0.100171927626579E+00    0.325231149069848E-01    0.321292598670186E-02    0.258745089736629E+00   -0.142841673995843E-01   -0.304034702388873E-01
    0.135646474283628E+00    0.325633257441891E-01    0.146546698693085E-01    0.205281915249189E+00    0.171591367937937E-01   -0.165467082911916E-01
    0.974142777438741E-01    0.326443455952394E-01    0.177283615432674E-01    0.172220762472064E+00    0.229488592840824E-01    0.306043022042728E-02
    0.269597512264619E-02    0.326318716401041E-01    0.216584995600888E-01    0.167017679355627E+00   -0.100612123629707E-01   -0.423649783694471E-03
    0.191025813335492E+00    0.325911228433031E-01    0.389147489369521E-01    0.177517227521361E+00   -0.573257261004568E-01   -0.829880420294541E-02
    0.538693133033939E-01    0.326881995612613E-01    0.350481880303742E-01    0.160020287882634E+00    0.136232067195688E-01    0.193269015087821E-01
    0.127775371437478E+00    0.326645757782825E-01    0.432519825733058E-02    0.222845194472669E+00   -0.107520820368017E-01    0.121623165879675E-01
    0.158345329814642E+00    0.327721746820414E-01    0.109202330888186E-01    0.207952795284721E+00    0.150240500563564E-01   -0.242131752510306E-01
    0.190249719503167E+00    0.328005460300084E-01    0.463540490394502E-01    0.154724419307966E+00    0.141659303407685E-01    0.206216891006560E-01
    0.892659225855382E-01    0.328429558980625E-01    0.420913594858151E-01    0.193782110791090E+00   -0.199770874572809E-01    0.817825046066370E-02
    0.144748393655227E+00    0.328720297228211E-01    0.290029144850138E-02    0.184293360897675E+00   -0.196194221221977E-01   -0.427911222050092E-01
    0.958843716816745E-01    0.330056457548724E-01    0.142181831099514E-01    0.176059882575205E+00   -0.163652649880055E-01   -0.134945951812293E-01
    0.816788940946788E-02    0.330806038361564E-01    0.162581708470885E-01    0.208251334446371E+00   -0.283769574396499E-01   -0.828595348416148E-02
    0.159508470393951E+00    0.330953171282645E-01    0.418623397917799E-01    0.215411290037506E+00   -0.194722515505387E-01    0.433152258757024E-02
    0.328009415747942E-01    0.331828143413764E-01    0.210059299871865E-01    0.261334202070079E+00    0.599084295843445E-01   -0.285718699563506E-01
    0.736447260493022E-01    0.331158426410006E-01    0.376699232501221E-01    0.210113035933943E+00   -0.228171709303934E-01   -0.256846921164728E-01
    0.118341682109534E+00    0.331964002827310E-01    0.549692336889936E-02    0.238618414964152E+00    0.248621673752429E-01   -0.154412461579014E-01
    0.171555672229705E+00    0.332592293968551E-01    0.489093812004226E-01    0.157742222616574E+00    0.560170965540258E-01    0.292211621697301E-01
    0.326604613078918E-01    0.332400053615011E-01    0.264787593670883E-01    0.193304147988254E+00    0.124104048430615E-01   -0.694659915661624E-02
    0.601524394312280E-01    0.332415089099560E-01    0.101481912426786E-01    0.182258321855051E+00   -0.603115126449470E-02    0.428709141224560E-01
    0.163102755859545E+00    0.332807667137804E-01    0.477805860450554E-02    0.206527464101949E+00   -0.171744371796871E-02    0.552915755065825E-01
    0.499496513717895E-01    0.333314246197895E-01    0.690974594250475E-02    0.201438679567056E+00   -0.120137447351630E-01   -0.595088126995348E-01
    0.695075708364997E-01    0.333247012514273E-01    0.236420253861113E-01    0.162961393502882E+00   -0.244697665484713E-01   -0.412435503483943E-03
    0.572494175297028E-01    0.333392788762198E-01    0.667231598858768E-02    0.185604053645999E+00   -0.203778311385979E-01   -0.284997449436344E-01
    0.136058450434553E+00    0.333575969727470E-01    0.108304846835138E-01    0.178965144535696E+00   -0.979417099640766E-02   -0.368439400682880E-03
    0.178244409382054E+00    0.334176787491887E-01    0.482811344228425E-01    0.185627699875760E+00   -0.776041668027543E-02    0.131651569072009E-01
    0.809618318902842E-01    0.334599358748936E-01    0.490325620120301E-01    0.194169680793775E+00    0.708924913159063E-02    0.238746141229329E-01
    0.883728252155829E-01    0.334524077961974E-01    0.391598843786444E-01    0.163633530755320E+00   -0.211584658388074E-01    0.353428375493617E-02
    0.312067712383669E-01    0.335370137596410E-01    0.991194910139230E-02    0.173717329769916E+00    0.180167312339116E-01    0.386216573035431E-01
    0.870130199560542E-01    0.336061232965268E-01    0.422489634955109E-01    0.235344001033532E+00    0.129896552468927E-01    0.416769747676876E-01
    0.749638313764941E-02    0.335716096643406E-01    0.865628406810164E-02    0.157033692422362E+00   -0.241467249200591E-01   -0.759563211653115E-02
    0.143774338932673E+00    0.336085551161150E-01    0.148502477313916E-01    0.202020086086397E+00   -0.136368913017411E-01    0.151490656467915E-03
    0.119999987199986E+00    0.336339708046494E-01    0.344019575223097E-01    0.208195355319934E+00   -0.190105056237983E-01    0.102144485738913E-01
    0.291256012196923E-01    0.336719383278932E-01    0.366625879195008E-01    0.279442279641824E+00    0.134588593346990E-01   -0.605070523602424E-01
    0.565965596078484E-01    0.336443770295292E-01    0.415881566039498E-01    0.184398427538129E+00   -0.271306956233833E-01    0.171062606519415E-01
    0.898702282916768E-01    0.338242681084355E-01    0.136701954773187E-02    0.213215828525845E+00    0.426439908413284E-02   -0.356027466804938E-01
    0.194033579151320E+00    0.337966707206307E-01    0.234586369103109E-02    0.218128131236324E+00   -0.511358455842934E-01   -0.241938556272615E-01
    0.222135194361037E-01    0.339185898208365E-01    0.250115133840335E-01    0.213326918118808E+00    0.810937207852715E-02   -0.175118376727858E-02
    0.180313705772439E-01    0.339670097104754E-01    0.257576876768345E-01    0.180340594141842E+00    0.500876293870790E-01    0.538604707033927E-03
    0.529025049306409E-01    0.339792394914727E-01    0.268681875990277E-01    0.161472619113828E+00    0.102475794900790E-01   -0.771020127484532E-02
    0.126906380017230E+00    0.339998335332592E-01    0.867429880221585E-02    0.206220809941865E+00   -0.253843485765870E-01    0.172712576342243E-01
    0.347166343328077E-01    0.340322565639194E-01    0.171590500334624E-02    0.182381658855977E+00   -0.315978277324194E-01   -0.351112670066656E-01
    0.109645049400945E-01    0.340905968894962E-01    0.142994464585541E-01    0.199700831333735E+00   -0.400470682021550E-01   -0.301485654345938E-01
    0.186349388864594E+00    0.342166460127693E-01    0.140753453938976E-01    0.231625450734369E+00   -0.296894388055977E-02   -0.861053541582123E-02
    0.894935064990609E-01    0.342272344686257E-01    0.436472642207594E-01    0.253526597321775E+00   -0.211353915094918E-01   -0.323868872662161E-01
    0.816403809553238E-01    0.342546993850174E-01    0.406525532186776E-01    0.261146107215196E+00   -0.162933098634899E-01    0.832403863589328E-02
    0.103561810488477E+00    0.343172261450471E-01    0.349360734108633E-01    0.193312328162809E+00    0.314233090487479E-01   -0.425962347075599E-01
    0.311305186049201E-01    0.343984661800705E-01    0.253353201291079E-01    0.267631003311291E+00   -0.239429254085471E-01    0.586645247030764E-01
    0.141636655211858E+00    0.344210736012215E-01    0.390529780161943E-01    0.176167589323243E+00   -0.226866015302554E-01   -0.366225659696623E-01
    0.188527700280611E+00    0.344906814365025E-01    0.369733193935550E-01    0.237159002722730E+00    0.289959429242492E-01   -0.464239372829830E-01
    0.182062183131325E+00    0.344802092438638E-01    0.458268641621949E-01    0.203119651618995E+00    0.405763679208351E-03   -0.894127976653101E-02
    0.446503292720624E-01    0.345083455486540E-01    0.437996465106242E-01    0.229865940719161E+00   -0.272358899416745E-01   -0.100101782950442E-01
    0.104458339417586E+00    0.346208921511363E-01    0.444565536194108E-01    0.205336834118514E+00    0.181286334592960E-01    0.391972914058006E-02
    0.180495815446920E+00    0.345671137308419E-01    0.154879959425820E-01    0.202645462312624E+00   -0.373780601759160E-01   -0.149705730997345E-01
    0.117715398981624E+00    0.346523333505039E-01    0.303858272285951E-01    0.220802781933857E+00   -0.200926540384080E-01   -0.821791777299245E-02
    0.442711228862967E-01    0.346640984450657E-01    0.510355320053647E-02    0.215788405823006E+00   -0.306841443341066E-01   -0.241860888293404E-01
    0.135284498436604E+00    0.347171195541323E-01    0.405555877714955E-01    0.201351738184464E+00   -0.651740307947602E-02    0.330864803127240E-01
    0.284093702864761E-02    0.347236387219880E-01    0.260072723942967E-01    0.205345465828765E+00   -0.180705912689111E-02    0.249390766022075E-01
    0.203161191988455E-01    0.348122594399301E-01    0.389514309557418E-01    0.204534162068771E+00    0.246773131666347E-01   -0.169344741529589E-01
    0.250886566723297E-01    0.347898451840467E-01    0.415797061195954E-01    0.234392839688192E+00    0.437400351724282E-03   -0.311707346322462E-01
    0.106277737673436E+00    0.348014591317091E-01    0.152973311312475E-01    0.197964068258027E+00   -0.290038852889379E-02   -0.437540531366057E-02
    0.188098003701657E+00    0.349331641290435E-01    0.137861474268925E-01    0.213527084097994E+00    0.873893561650508E-02   -0.883895043542123E-02
    0.143893832477543E+00    0.349909381902134E-01    0.239880853641899E-01    0.168073901664140E+00    0.550953894354918E-02    0.206808263651016E-01
    0.523735859343623E-01    0.350157023900546E-01    0.114749215548822E-01    0.173629391791642E+00    0.154903750086149E-01   -0.628014436204690E-01
    0.127759814142610E+00    0.350639139105028E-01    0.333412153733065E-01    0.255356584522871E+00    0.274241731660252E-01    0.479419401879748E-03
    0.126970977333817E+00    0.352441157836194E-01    0.381054018593136E-01    0.258365337889266E+00    0.131542581726926E-01   -0.264604320769664E-01
    0.170358675078479E-01    0.351941498022137E-01    0.315134280027078E-01    0.218544259811359E+00   -0.505238489044457E-01   -0.486916671842004E-01
    0.909077705071124E-01    0.352741946627246E-01    0.199611703324146E-01    0.209542279938292E+00    0.255504628290985E-01   -0.273089879568304E-02
    0.107320980282648E+00    0.351731588679676E-01    0.311580929557296E-01    0.201220732304608E+00   -0.791943917803606E-01    0.253681404103773E-01
    0.117374206008951E+00    0.353311991303691E-01    0.147546383534974E-02    0.214814077472850E+00   -0.196942803093679E-02   -0.686619255472699E-01
    0.172977417742372E-01    0.353500366967293E-01    0.324126306000992E-01    0.169715458698240E+00    0.231446034735403E-02    0.140443597464409E-02
    0.183842445999917E+00    0.353981243228848E-01    0.108611276628873E-01    0.150720529193344E+00    0.228155299691275E-01    0.357250128358346E-02
    0.150638103732635E+00    0.353188604311293E-01    0.204262046899516E-01    0.188531197997409E+00   -0.587044216439945E-01   -0.155734166575738E-01
    0.114323507147841E+00    0.353617331202591E-01    0.450656182180091E-01    0.175393612131527E+00   -0.218487452094909E-01    0.656963740561162E-02
    0.646116377793825E-01    0.353283410668499E-01    0.351694798312530E-01    0.225410491958247E+00   -0.647116517029671E-01    0.261741182576293E-02
    0.370337136025878E-01    0.354451950150587E-01    0.293094096061324E-01    0.262366899484375E+00   -0.305769748779724E-01   -0.425692044543427E-02
    0.163262651813236E+00    0.356157897437831E-01    0.313813506118581E-01    0.211911139422691E+00   -0.900699031342686E-02    0.285340828331946E-01
    0.163776514089234E+00    0.357615792919135E-01    0.361598708954417E-01    0.147246828976170E+00    0.352579275801272E-01   -0.159102318370046E-01
    0.833317052439675E-01    0.357663069410286E-01    0.126825751221002E-01    0.218824953886977E+00    0.297223901539078E-01   -0.915480693908347E-02
    0.665229139763030E-01    0.357357592692032E-01    0.215654225263637E-01    0.213537218352241E+00   -0.209547826077823E-02    0.274771904917050E-02
    0.919394874122446E-01    0.358222353810555E-01    0.362260008677801E-02    0.193641728413060E+00    0.539720382830852E-01   -0.575494157209672E-01
    0.118763927052025E+00    0.357945410780409E-01    0.227480973675111E-01    0.213968804454732E+00    0.252932297307642E-01   -0.383083394341223E-01
    0.628175327059745E-01    0.357411502219921E-01    0.149517766041535E-01    0.197276835398063E+00   -0.627170203717694E-01    0.210581770407155E-01
    0.462226667621472E-01    0.358101065270535E-01    0.269574742189247E-01    0.187086692970325E+00   -0.272537457167534E-02    0.360553184716397E-01
    0.177790123777761E+00    0.358356921299157E-01    0.407714782189082E-01    0.221184561252006E+00   -0.133101804559498E-01   -0.287178737728672E-01
    0.550133044234571E-01    0.358959181588366E-01    0.193189808718859E-01    0.178767948970981E+00   -0.295619920066819E-02   -0.350483192304799E-01
    0.156501236002154E+00    0.359158653215707E-01    0.450871025898058E-01    0.202947626461996E+00    0.967009325398699E-02   -0.336281255716178E-01
    0.154326102437501E+00    0.359810164089878E-01    0.228158115022226E-01    0.162906164489464E+00   -0.158029931268141E-01   -0.307397281010464E-01
    0.138630179762952E+00    0.360939693682301E-01    0.498830195608038E-01    0.212052160738450E+00    0.912008698646047E-01   -0.587766412815595E-02
    0.198331269954827E+00    0.359886428311423E-01    0.153134034854635E-01    0.213661917134640E+00   -0.205733644930162E-01    0.139958806211844E-01
    0.913958732811614E-01    0.360054099254891E-01    0.152875956441149E-01    0.146891101944221E+00   -0.140320709937503E-01   -0.283858011097048E-01
    0.651561914777982E-01    0.360082359388528E-01    0.207751731904998E-01    0.139604217873082E+00   -0.137350144758977E-01   -0.119933754592833E-01
    0.112237295137040E+00    0.360532129629473E-01    0.435936766061821E-01    0.216412884945973E+00   -0.600353694080467E-02    0.268829458628111E-01
    0.176267880209936E+00    0.361290300792392E-01    0.338959297862038E-01    0.213231264382868E+00    0.815249321297788E-02    0.420508840469649E-02
    0.144400820672337E+00    0.361905155760958E-01    0.185813383334733E-01    0.216557353910862E+00    0.386903108691903E-01   -0.929984907917762E-02
    0.523510576092030E-01    0.362420713552816E-01    0.211744506140155E-01    0.180734210454581E+00   -0.196951887666214E-01   -0.138300094030806E-03
    0.259559411809077E-01    0.362878477846816E-01    0.340387470679506E-01    0.250850996851653E+00    0.237496204125318E-01   -0.600530622742289E-01
    0.105968371386292E+00    0.363659936922845E-01    0.353575969108577E-01    0.254756064372995E+00   -0.288308567149069E-01   -0.420699174540968E-01
    0.280319166139201E-01    0.363912439004182E-01    0.272581537668596E-01    0.187141020618465E+00   -0.137930886354672E-01    0.252640971373248E-01
    0.121094743063143E+00    0.364415365913691E-01    0.372356719419474E-01    0.207639250719720E+00   -0.109379615273834E-01   -0.686343815504117E-02
    0.944691110286115E-01    0.365027157864365E-01    0.812374625236962E-02    0.227779714998177E+00    0.404658645866747E-01   -0.107044051948302E-01
    0.101133405056041E+00    0.365556309828935E-01    0.351480312632065E-01    0.166425313966607E+00    0.226650129735970E-01    0.545320947446168E-01
    0.223828740608636E-01    0.365264597532217E-01    0.249648822288988E-03    0.230432738705009E+00   -0.112250754833580E-01    0.280584683988653E-02
    0.692214520560508E-01    0.365011253528056E-01    0.448700384779743E-01    0.184890977753154E+00   -0.445167633278826E-01   -0.846497561855623E-01
    0.121985411822804E+00    0.365347240258836E-01    0.199067036274318E-01    0.190099611482707E+00   -0.170891989752384E-01   -0.207417591115212E-01
    0.132611690128957E+00    0.365487517814720E-01    0.124680400499113E-01    0.161560196608486E+00   -0.433381687540334E-02   -0.204764144564011E-01
    0.357685342807437E-01    0.365283209856828E-01    0.218211866261433E-01    0.171320058881811E+00   -0.307014411678590E-01    0.473743885087489E-02
    0.156029728569059E+00    0.366705666774155E-01    0.388887610757691E-01    0.215408221739630E+00    0.570888286622918E-01    0.403411031583090E-01
    0.813194088298845E-01    0.366022492249555E-01    0.849144303929776E-02    0.174555699896818E+00   -0.195508176383901E-01    0.358137589526939E-01
    0.182075761343643E+00    0.366317542565807E-01    0.491031345755676E-01    0.208752623844775E+00   -0.311529707697983E-01   -0.153479515054112E-01
    0.466566766309658E-02    0.366795739510162E-01    0.154869728951500E-01    0.254911572313941E+00    0.124227679077017E-01    0.401825910672113E-01
    0.107682135200088E+00    0.366759251433357E-01    0.419248016467859E-01    0.255423458954956E+00   -0.248060516718048E-01   -0.139021758203731E-01
    0.575203618801159E-01    0.367087692189502E-01    0.323394841278372E-01    0.232292571768813E+00   -0.208709935390229E-01   -0.342259801806681E-01
    0.153280724826767E+00    0.367977160927284E-01    0.101312714711221E-02    0.169913163461802E+00   -0.186634925270053E-02    0.207395274254336E-02
    0.173554524476946E+00    0.368159980563341E-01    0.377787697635740E-01    0.216593600219517E+00   -0.462856530171578E-01    0.960482517746483E-02
    0.783292620016652E-01    0.368472206125268E-01    0.257808607316636E-02    0.227866879893811E+00   -0.412043106298729E-01   -0.431843167766052E-01
    0.721057167902253E-01    0.369739288478386E-01    0.373401589837020E-01    0.209195381522514E+00    0.406898448747369E-01    0.407651326651022E-02
    0.192695854778646E+00    0.369403724926238E-01    0.109631835219018E-01    0.175889871065907E+00   -0.102182937495330E-01   -0.294821613317824E-01
    0.191057190086667E+00    0.370121147258043E-01    0.308909048772325E-01    0.190847169862874E+00    0.154908540826815E-01   -0.137625563433621E-01
    0.107374581379450E-01    0.370453906781297E-01    0.423801571939087E-01    0.186872479412617E+00    0.485110558361666E-01   -0.623588116602332E-01
    0.693596310708813E-02    0.370458320995071E-01    0.475923272882784E-01    0.199335524451785E+00    0.197281207602449E-01   -0.390372503160284E-01
    0.467478368376097E-01    0.371990027188191E-01    0.259906986085112E-01    0.185360699966579E+00   -0.165859300841521E-01    0.120389665685641E-01
    0.195757743569822E+00    0.372337596667403E-01    0.214763205945255E-01    0.165763265530797E+00    0.126604581795079E-01    0.499718824370859E-01
    0.927256486599431E-01    0.372731519392870E-01    0.166059888765217E-01    0.188019924879502E+00   -0.336373116600491E-01   -0.292670088090027E-02
    0.568817991401579E-01    0.373254358574279E-01    0.156486155962854E-01    0.191165156554499E+00   -0.873404516564499E-02   -0.232065348803763E-01
    0.479494897040523E-01    0.373850957081720E-01    0.688160873742642E-02    0.181046604943555E+00    0.378721033346162E-01    0.250205576699538E-03
    0.154666022603293E+00    0.373950595552106E-01    0.377676091284515E-01    0.170470876045238E+00    0.425107019731592E-01    0.187812846840489E-01
    0.952751997556563E-01    0.373851510183414E-01    0.279011848145113E-01    0.234427684025558E+00   -0.193687124762114E-01    0.125442837902082E-01
    0.398239173928853E-01    0.374052304530232E-01    0.257638556102660E-01    0.215887439508089E+00   -0.169213898847092E-01   -0.151629564485228E-01
    0.156434096948632E+00    0.375681340149499E-01    0.297728396576287E-01    0.182312638182918E+00    0.425595765997027E-01    0.382652798825671E-01
    0.746855714349216E-01    0.375894543087847E-01    0.381176684845873E-01    0.175326022620169E+00    0.329123554203590E-01   -0.104871613437676E-01
