         2         2         2   -0.42009552768747160845E-04
         2         2         3   -0.27362910160637585210E-04
         2         2         4   -0.12613079497428838431E-04
         2         2         5   -0.57492980184267321962E-05
         2         3         2   -0.18847676145875062953E-03
         2         3         3   -0.11615810370468785762E-03
         2         3         4   -0.95858543143715729254E-04
         2         3         5   -0.57378930615047891496E-04
         2         4         2   -0.13018338166039694105E-03
         2         4         3   -0.14646255865209559330E-03
         2         4         4   -0.11913028668389001249E-03
         2         4         5   -0.15437677015592835743E-03
         2         5         2   -0.11675924929037781479E-04
         2         5         3   -0.26485857438960780098E-04
         2         5         4   -0.79362653210642606049E-05
         2         5         5   -0.20735882803835069819E-04
         3         2         2   -0.21277748804533708698E-04
         3         2         3   -0.38387620229356192903E-04
         3         2         4   -0.19282378792747364662E-04
         3         2         5   -0.24587900354377611420E-04
         3         3         2   -0.22077946176800785911E-03
         3         3         3   -0.15576565465194255628E-03
         3         3         4   -0.13960060758016565471E-03
         3         3         5   -0.13041314635764430607E-03
         3         4         2   -0.16942207651372750152E-03
         3         4         3   -0.12029281455326756183E-03
         3         4         4   -0.22823958806597309545E-03
         3         4         5   -0.11981180766943615515E-03
         3         5         2   -0.85480597894422266734E-05
         3         5         3   -0.10306312496301365343E-04
         3         5         4   -0.38103400871037872957E-04
         3         5         5   -0.19029465309831704962E-04
         4         2         2   -0.71137998682012104781E-05
         4         2         3   -0.28884148281138479988E-04
         4         2         4   -0.28202639276975104902E-04
         4         2         5   -0.99728615203124738577E-05
         4         3         2   -0.77520527751240484956E-04
         4         3         3   -0.19144154097957107518E-03
         4         3         4   -0.15513152664908941270E-03
         4         3         5   -0.16481299678274073228E-03
         4         4         2   -0.15146957203742642938E-03
         4         4         3   -0.14840072081673486167E-03
         4         4         4   -0.19243379323189297716E-03
         4         4         5   -0.17680185380756271302E-03
         4         5         2   -0.12293613434560356071E-04
         4         5         3   -0.22445708951454982109E-04
         4         5         4   -0.41994276358996787950E-04
         4         5         5   -0.15087000242693245181E-04
         5         2         2   -0.43513087168868587614E-05
         5         2         3   -0.19647711130010428118E-04
         5         2         4   -0.23946374504961782004E-04
         5         2         5   -0.18645428763323705998E-04
         5         3         2   -0.96585840006703312555E-04
         5         3         3   -0.13317449012643274857E-03
         5         3         4   -0.17936518302502410635E-03
         5         3         5   -0.87078057815229297531E-04
         5         4         2   -0.10025736930353126343E-03
         5         4         3   -0.15751399324160280995E-03
         5         4         4   -0.16469671101305164091E-03
         5         4         5   -0.63493465286458813175E-04
         5         5         2   -0.16469298226635465440E-04
         5         5         3   -0.31542485537566746694E-04
         5         5         4   -0.34319927874675810260E-04
         5         5         5   -0.61396460024470363078E-05
         6         2         2   -0.39004895367954472838E-05
         6         2         3   -0.27312959176000522820E-04
         6         2         4   -0.62876218344465353941E-05
         6         2         5   -0.15045935313112212279E-04
         6         3         2   -0.11325962597741818301E-03
         6         3         3   -0.17346279113344734136E-03
         6         3         4   -0.71915323780291496420E-04
         6         3         5   -0.72137041600629195522E-04
         6         4         2   -0.19664343948965878461E-03
         6         4         3   -0.20894555879040152286E-03
         6         4         4   -0.13750212243200248289E-03
         6         4         5   -0.93846940405693769164E-04
         6         5         2   -0.38246485144430094499E-04
         6         5         3   -0.45266874303096165213E-04
         6         5         4   -0.30494135162760439335E-04
         6         5         5   -0.11248215648577934977E-04
         7         2         2   -0.96734667186794512676E-05
         7         2         3   -0.31034289540869360812E-05
         7         2         4   -0.32328700885337335835E-05
         7         2         5   -0.21691130126483186509E-04
         7         3         2   -0.16638648035848649701E-03
         7         3         3   -0.11374484517637480975E-03
         7         3         4   -0.13659566825425012893E-03
         7         3         5   -0.14149533103229808978E-03
         7         4         2   -0.18493880761692599595E-03
         7         4         3   -0.22193939342843267215E-03
         7         4         4   -0.18205820025613217656E-03
         7         4         5   -0.14488970016424671840E-03
         7         5         2   -0.15791776400888145478E-04
         7         5         3   -0.44451700641614677481E-04
         7         5         4   -0.25988207192565210995E-04
         7         5         5   -0.17157709670392897708E-04
         8         2         2   -0.30743141798263886179E-04
         8         2         3   -0.22464501048800747054E-04
         8         2         4   -0.11321103602902954968E-04
         8         2         5   -0.43326921087885044508E-05
         8         3         2   -0.14060915292767544151E-03
         8         3         3   -0.18007152108579692557E-03
         8         3         4   -0.12790032259647082270E-03
         8         3         5   -0.14189237007307655618E-03
         8         4         2   -0.17183893230481633234E-03
         8         4         3   -0.21665491545635101383E-03
         8         4         4   -0.20107630215314230672E-03
         8         4         5   -0.16242043867191715742E-03
         8         5         2   -0.15137434757574709195E-04
         8         5         3   -0.11764577495289505041E-04
         8         5         4   -0.25615768737270672785E-04
         8         5         5   -0.34849958209782534333E-04
         9         2         2   -0.28321530674342294386E-04
         9         2         3   -0.18463815937938439493E-04
         9         2         4   -0.12678013898300133220E-04
         9         2         5   -0.25309759474032956855E-04
         9         3         2   -0.14536061622257516858E-03
         9         3         3   -0.18995127638306438193E-03
         9         3         4   -0.13430226733892583393E-03
         9         3         5   -0.13114522099166674423E-03
         9         4         2   -0.22772241183512719810E-03
         9         4         3   -0.21831024481167460999E-03
         9         4         4   -0.13923511817140002433E-03
         9         4         5   -0.16817852828744458038E-03
         9         5         2   -0.34454232854680889484E-04
         9         5         3   -0.27705625398325530356E-04
         9         5         4   -0.91557284834601950630E-05
         9         5         5   -0.25988103307498046558E-04
        10         2         2   -0.63540113917925831165E-05
        10         2         3   -0.10982784153978784387E-04
        10         2         4   -0.13578259981815580572E-04
        10         2         5   -0.17667979329457903420E-04
        10         3         2   -0.10095850506742431671E-03
        10         3         3   -0.97581141230333891647E-04
        10         3         4   -0.15194036046866935745E-03
        10         3         5   -0.12465701277921201065E-03
        10         4         2   -0.14348268382054248766E-03
        10         4         3   -0.15656509135750511404E-03
        10         4         4   -0.19459785506244971242E-03
        10         4         5   -0.10947528044062466610E-03
        10         5         2   -0.29431776134879767418E-04
        10         5         3   -0.37552921475103268696E-04
        10         5         4   -0.31771121049656990312E-04
        10         5         5   -0.16810561558761402288E-04
        11         2         2   -0.82227549424022751060E-05
        11         2         3   -0.14081320958642114686E-04
        11         2         4   -0.18779220935770432312E-04
        11         2         5   -0.31642676646652912972E-04
        11         3         2   -0.12630819950651528253E-03
        11         3         3   -0.15723296444393203980E-03
        11         3         4   -0.21341322084996960343E-03
        11         3         5   -0.30629715521457326170E-03
        11         4         2   -0.79198080527064315280E-04
        11         4         3   -0.96207524714973316764E-04
        11         4         4   -0.18412019723354784554E-03
        11         4         5   -0.17904452216270749744E-03
        11         5         2   -0.58461390892007108572E-05
        11         5         3   -0.83281328078026264385E-05
        11         5         4   -0.33004758277083922843E-04
        11         5         5   -0.44187696290347836968E-04
        12         2         2   -0.37562183156143162546E-04
        12         2         3   -0.30199736768106156371E-04
        12         2         4   -0.23875201209438858105E-04
        12         2         5   -0.37895140018927261406E-04
        12         3         2   -0.18462496548221285432E-03
        12         3         3   -0.17342275557194689463E-03
        12         3         4   -0.11602840119289331349E-03
        12         3         5   -0.16997031318044671881E-03
        12         4         2   -0.94654881894814084657E-04
        12         4         3   -0.11383266044016321470E-03
        12         4         4   -0.17094519881997728402E-03
        12         4         5   -0.14197395410100817803E-03
        12         5         2   -0.15292407993296979060E-04
        12         5         3   -0.24224874214915353553E-04
        12         5         4   -0.32216330605758614709E-04
        12         5         5   -0.23367716072728061846E-04
        13         2         2   -0.24894815382387625323E-04
        13         2         3   -0.43423359340447216775E-04
        13         2         4   -0.12787641922020036989E-04
        13         2         5   -0.43246280735251362677E-04
        13         3         2   -0.12174239838275265015E-03
        13         3         3   -0.23092555869725617224E-03
        13         3         4   -0.14156745616649980520E-03
        13         3         5   -0.19046643816340023177E-03
        13         4         2   -0.11625947243928540535E-03
        13         4         3   -0.11439596335961352226E-03
        13         4         4   -0.95503836865988355831E-04
        13         4         5   -0.99438755915987484739E-04
        13         5         2   -0.17869378969593158337E-04
        13         5         3   -0.14571586015932802812E-04
        13         5         4   -0.14482893085089007149E-04
        13         5         5   -0.17414050929577988216E-04
        14         2         2   -0.13517955784581787664E-04
        14         2         3   -0.30506308151066660719E-04
        14         2         4   -0.17339518663096427294E-04
        14         2         5   -0.10781574955788131257E-04
        14         3         2   -0.15946930679368561735E-03
        14         3         3   -0.14971482057626447275E-03
        14         3         4   -0.17055459432308231883E-03
        14         3         5   -0.15492344570016905328E-03
        14         4         2   -0.12716842338530236190E-03
        14         4         3   -0.19987668752975449129E-03
        14         4         4   -0.13514924963304943725E-03
        14         4         5   -0.88482335016485457271E-04
        14         5         2   -0.94327255741402416960E-05
        14         5         3   -0.30529362586304336291E-04
        14         5         4   -0.10494871139932396620E-04
        14         5         5   -0.13970142065796211709E-04
        15         2         2   -0.18766636863008614772E-04
        15         2         3   -0.10898535260481216708E-04
        15         2         4   -0.54592185483186302013E-05
        15         2         5   -0.52919152684330252739E-06
        15         3         2   -0.18196160486604032636E-03
        15         3         3   -0.11144453942077737238E-03
        15         3         4   -0.11156691703760647787E-03
        15         3         5   -0.10786438009246938961E-03
        15         4         2   -0.14910215470872290695E-03
        15         4         3   -0.18647203082307437123E-03
        15         4         4   -0.23318312548093066594E-03
        15         4         5   -0.18564010745924938934E-03
        15         5         2   -0.14186821011850719596E-04
        15         5         3   -0.26633963524303726222E-04
        15         5         4   -0.42267487944620567763E-04
        15         5         5   -0.33574176396911597890E-04
        16         2         2   -0.99128329204649509658E-05
        16         2         3   -0.23016425838145139417E-04
        16         2         4   -0.28051369609964013098E-04
        16         2         5   -0.14117557371149191085E-04
        16         3         2   -0.11686041293775248958E-03
        16         3         3   -0.18938179274590995422E-03
        16         3         4   -0.17544977661496614983E-03
        16         3         5   -0.54693314160907025750E-04
        16         4         2   -0.11508896429161015061E-03
        16         4         3   -0.14248431795864927767E-03
        16         4         4   -0.16864294830880568392E-03
        16         4         5   -0.10146861268535943557E-03
        16         5         2   -0.60080215434092996811E-05
        16         5         3   -0.46327999245361888708E-05
        16         5         4   -0.30935797987517516720E-04
        16         5         5   -0.17985543268902515131E-04
        17         2         2   -0.98414727402841062126E-05
        17         2         3   -0.18242756515831044328E-04
        17         2         4   -0.36850785957653527656E-04
        17         2         5   -0.23106994616340187875E-04
        17         3         2   -0.14752521887234399008E-03
        17         3         3   -0.22238505518185864109E-03
        17         3         4   -0.17437123294626830105E-03
        17         3         5   -0.97679110357044911196E-04
        17         4         2   -0.18503789699381739567E-03
        17         4         3   -0.17535733233810688546E-03
        17         4         4   -0.16081260401254433108E-03
        17         4         5   -0.19704261643532696574E-03
        17         5         2   -0.72024456773503610493E-05
        17         5         3   -0.97950575725198769239E-05
        17         5         4   -0.23432017351486074321E-04
        17         5         5   -0.36071463701053880265E-04
        18         2         2   -0.36990469868705186809E-06
        18         2         3   -0.12148592415375445813E-04
        18         2         4   -0.22702242227841704325E-04
        18         2         5   -0.49051010934110340637E-05
        18         3         2   -0.18752972222010297646E-03
        18         3         3   -0.17227041986041840746E-03
        18         3         4   -0.21699398320932562919E-03
        18         3         5   -0.10937025137388224508E-03
        18         4         2   -0.18861310775192057735E-03
        18         4         3   -0.21271872170496887704E-03
        18         4         4   -0.21014346806292065386E-03
        18         4         5   -0.14898723740300258596E-03
        18         5         2   -0.25535748928066002262E-04
        18         5         3   -0.31025615479527669999E-04
        18         5         4   -0.24002237444605706713E-04
        18         5         5   -0.19682137573027143823E-04
        19         2         2   -0.10274871804892676458E-04
        19         2         3   -0.16244731275136984423E-04
        19         2         4   -0.22864880502508069874E-05
        19         2         5   -0.84216014659490535054E-05
        19         3         2   -0.15663988388568868271E-03
        19         3         3   -0.73048484809924406629E-04
        19         3         4   -0.76894664059423903780E-04
        19         3         5   -0.13543374967064697369E-03
        19         4         2   -0.12373426516953259040E-03
        19         4         3   -0.73959276604210809976E-04
        19         4         4   -0.76409175185201909223E-04
        19         4         5   -0.73739987255443771173E-04
        19         5         2   -0.11652280258644379021E-04
        19         5         3   -0.23600823822390450493E-04
        19         5         4   -0.79367990755649973445E-05
        19         5         5   -0.13652840813897414989E-05
        20         2         2    0.00000000000000000000E+00
        20         2         3    0.00000000000000000000E+00
        20         2         4    0.00000000000000000000E+00
        20         2         5    0.00000000000000000000E+00
        20         3         2   -0.48670816113016915937E-06
        20         3         3    0.00000000000000000000E+00
        20         3         4    0.00000000000000000000E+00
        20         3         5   -0.28185135413760933070E-05
        20         4         2   -0.66412133281764694721E-06
        20         4         3    0.00000000000000000000E+00
        20         4         4    0.00000000000000000000E+00
        20         4         5   -0.18147442117126637551E-06
        20         5         2    0.00000000000000000000E+00
        20         5         3    0.00000000000000000000E+00
        20         5         4    0.00000000000000000000E+00
        20         5         5    0.00000000000000000000E+00
        21         2         2    0.00000000000000000000E+00
        21         2         3    0.00000000000000000000E+00
        21         2         4    0.00000000000000000000E+00
        21         2         5    0.00000000000000000000E+00
        21         3         2    0.00000000000000000000E+00
        21         3         3    0.00000000000000000000E+00
        21         3         4    0.00000000000000000000E+00
        21         3         5    0.00000000000000000000E+00
        21         4         2    0.00000000000000000000E+00
        21         4         3    0.00000000000000000000E+00
        21         4         4    0.00000000000000000000E+00
        21         4         5    0.00000000000000000000E+00
        21         5         2    0.00000000000000000000E+00
        21         5         3    0.00000000000000000000E+00
        21         5         4    0.00000000000000000000E+00
        21         5         5    0.00000000000000000000E+00
        22         2         2    0.00000000000000000000E+00
        22         2         3    0.00000000000000000000E+00
        22         2         4    0.00000000000000000000E+00
        22         2         5    0.00000000000000000000E+00
        22         3         2    0.00000000000000000000E+00
        22         3         3    0.00000000000000000000E+00
        22         3         4    0.00000000000000000000E+00
        22         3         5    0.00000000000000000000E+00
        22         4         2    0.00000000000000000000E+00
        22         4         3    0.00000000000000000000E+00
        22         4         4    0.00000000000000000000E+00
        22         4         5    0.00000000000000000000E+00
        22         5         2    0.00000000000000000000E+00
        22         5         3    0.00000000000000000000E+00
        22         5         4    0.00000000000000000000E+00
        22         5         5    0.00000000000000000000E+00
        23         2         2    0.00000000000000000000E+00
        23         2         3    0.00000000000000000000E+00
        23         2         4    0.00000000000000000000E+00
        23         2         5    0.00000000000000000000E+00
        23         3         2    0.00000000000000000000E+00
        23         3         3    0.00000000000000000000E+00
        23         3         4    0.00000000000000000000E+00
        23         3         5    0.00000000000000000000E+00
        23         4         2    0.00000000000000000000E+00
        23         4         3    0.00000000000000000000E+00
        23         4         4    0.00000000000000000000E+00
        23         4         5    0.00000000000000000000E+00
        23         5         2    0.00000000000000000000E+00
        23         5         3    0.00000000000000000000E+00
        23         5         4    0.00000000000000000000E+00
        23         5         5    0.00000000000000000000E+00
        24         2         2    0.00000000000000000000E+00
        24         2         3    0.00000000000000000000E+00
        24         2         4    0.00000000000000000000E+00
        24         2         5    0.00000000000000000000E+00
        24         3         2    0.00000000000000000000E+00
        24         3         3    0.00000000000000000000E+00
        24         3         4    0.00000000000000000000E+00
        24         3         5    0.00000000000000000000E+00
        24         4         2    0.00000000000000000000E+00
        24         4         3    0.00000000000000000000E+00
        24         4         4    0.00000000000000000000E+00
        24         4         5    0.00000000000000000000E+00
        24         5         2    0.00000000000000000000E+00
        24         5         3    0.00000000000000000000E+00
        24         5         4    0.00000000000000000000E+00
        24         5         5    0.00000000000000000000E+00
        25         2         2    0.00000000000000000000E+00
        25         2         3    0.00000000000000000000E+00
        25         2         4    0.00000000000000000000E+00
        25         2         5    0.00000000000000000000E+00
        25         3         2    0.00000000000000000000E+00
        25         3         3    0.00000000000000000000E+00
        25         3         4    0.00000000000000000000E+00
        25         3         5    0.00000000000000000000E+00
        25         4         2    0.00000000000000000000E+00
        25         4         3    0.00000000000000000000E+00
        25         4         4    0.00000000000000000000E+00
        25         4         5    0.00000000000000000000E+00
        25         5         2    0.00000000000000000000E+00
        25         5         3    0.00000000000000000000E+00
        25         5         4    0.00000000000000000000E+00
        25         5         5    0.00000000000000000000E+00
        26         2         2    0.00000000000000000000E+00
        26         2         3    0.00000000000000000000E+00
        26         2         4    0.00000000000000000000E+00
        26         2         5    0.00000000000000000000E+00
        26         3         2    0.00000000000000000000E+00
        26         3         3    0.00000000000000000000E+00
        26         3         4    0.00000000000000000000E+00
        26         3         5    0.00000000000000000000E+00
        26         4         2    0.00000000000000000000E+00
        26         4         3    0.00000000000000000000E+00
        26         4         4    0.00000000000000000000E+00
        26         4         5    0.00000000000000000000E+00
        26         5         2    0.00000000000000000000E+00
        26         5         3    0.00000000000000000000E+00
        26         5         4    0.00000000000000000000E+00
        26         5         5    0.00000000000000000000E+00
        27         2         2    0.00000000000000000000E+00
        27         2         3    0.00000000000000000000E+00
        27         2         4    0.00000000000000000000E+00
        27         2         5    0.00000000000000000000E+00
        27         3         2    0.00000000000000000000E+00
        27         3         3    0.00000000000000000000E+00
        27         3         4    0.00000000000000000000E+00
        27         3         5    0.00000000000000000000E+00
        27         4         2    0.00000000000000000000E+00
        27         4         3    0.00000000000000000000E+00
        27         4         4    0.00000000000000000000E+00
        27         4         5    0.00000000000000000000E+00
        27         5         2    0.00000000000000000000E+00
        27         5         3    0.00000000000000000000E+00
        27         5         4    0.00000000000000000000E+00
        27         5         5    0.00000000000000000000E+00
        28         2         2    0.00000000000000000000E+00
        28         2         3    0.00000000000000000000E+00
        28         2         4    0.00000000000000000000E+00
        28         2         5    0.00000000000000000000E+00
        28         3         2    0.00000000000000000000E+00
        28         3         3    0.00000000000000000000E+00
        28         3         4    0.00000000000000000000E+00
        28         3         5    0.00000000000000000000E+00
        28         4         2    0.00000000000000000000E+00
        28         4         3    0.00000000000000000000E+00
        28         4         4    0.00000000000000000000E+00
        28         4         5    0.00000000000000000000E+00
        28         5         2    0.00000000000000000000E+00
        28         5         3    0.00000000000000000000E+00
        28         5         4    0.00000000000000000000E+00
        28         5         5    0.00000000000000000000E+00
        29         2         2    0.00000000000000000000E+00
        29         2         3    0.00000000000000000000E+00
        29         2         4    0.00000000000000000000E+00
        29         2         5    0.00000000000000000000E+00
        29         3         2    0.00000000000000000000E+00
        29         3         3    0.00000000000000000000E+00
        29         3         4    0.00000000000000000000E+00
        29         3         5    0.00000000000000000000E+00
        29         4         2    0.00000000000000000000E+00
        29         4         3    0.00000000000000000000E+00
        29         4         4    0.00000000000000000000E+00
        29         4         5    0.00000000000000000000E+00
        29         5         2    0.00000000000000000000E+00
        29         5         3    0.00000000000000000000E+00
        29         5         4    0.00000000000000000000E+00
        29         5         5    0.00000000000000000000E+00
        30         2         2    0.00000000000000000000E+00
        30         2         3    0.00000000000000000000E+00
        30         2         4    0.00000000000000000000E+00
        30         2         5    0.00000000000000000000E+00
        30         3         2    0.00000000000000000000E+00
        30         3         3    0.00000000000000000000E+00
        30         3         4    0.00000000000000000000E+00
        30         3         5    0.00000000000000000000E+00
        30         4         2    0.00000000000000000000E+00
        30         4         3    0.00000000000000000000E+00
        30         4         4    0.00000000000000000000E+00
        30         4         5    0.00000000000000000000E+00
        30         5         2    0.00000000000000000000E+00
        30         5         3    0.00000000000000000000E+00
        30         5         4    0.00000000000000000000E+00
        30         5         5    0.00000000000000000000E+00
        31         2         2    0.00000000000000000000E+00
        31         2         3    0.00000000000000000000E+00
        31         2         4    0.00000000000000000000E+00
        31         2         5    0.00000000000000000000E+00
        31         3         2    0.00000000000000000000E+00
        31         3         3    0.00000000000000000000E+00
        31         3         4    0.00000000000000000000E+00
        31         3         5    0.00000000000000000000E+00
        31         4         2    0.00000000000000000000E+00
        31         4         3    0.00000000000000000000E+00
        31         4         4    0.00000000000000000000E+00
        31         4         5    0.00000000000000000000E+00
        31         5         2    0.00000000000000000000E+00
        31         5         3    0.00000000000000000000E+00
        31         5         4    0.00000000000000000000E+00
        31         5         5    0.00000000000000000000E+00
        32         2         2    0.00000000000000000000E+00
        32         2         3    0.00000000000000000000E+00
        32         2         4    0.00000000000000000000E+00
        32         2         5    0.00000000000000000000E+00
        32         3         2    0.00000000000000000000E+00
        32         3         3    0.00000000000000000000E+00
        32         3         4    0.00000000000000000000E+00
        32         3         5    0.00000000000000000000E+00
        32         4         2    0.00000000000000000000E+00
        32         4         3    0.00000000000000000000E+00
        32         4         4    0.00000000000000000000E+00
        32         4         5    0.00000000000000000000E+00
        32         5         2    0.00000000000000000000E+00
        32         5         3    0.00000000000000000000E+00
        32         5         4    0.00000000000000000000E+00
        32         5         5    0.00000000000000000000E+00
        33         2         2    0.00000000000000000000E+00
        33         2         3    0.00000000000000000000E+00
        33         2         4    0.00000000000000000000E+00
        33         2         5    0.00000000000000000000E+00
        33         3         2    0.00000000000000000000E+00
        33         3         3    0.00000000000000000000E+00
        33         3         4    0.00000000000000000000E+00
        33         3         5    0.00000000000000000000E+00
        33         4         2    0.00000000000000000000E+00
        33         4         3    0.00000000000000000000E+00
        33         4         4    0.00000000000000000000E+00
        33         4         5    0.00000000000000000000E+00
        33         5         2    0.00000000000000000000E+00
        33         5         3    0.00000000000000000000E+00
        33         5         4    0.00000000000000000000E+00
        33         5         5    0.00000000000000000000E+00
        34         2         2    0.00000000000000000000E+00
        34         2         3    0.00000000000000000000E+00
        34         2         4    0.00000000000000000000E+00
        34         2         5    0.00000000000000000000E+00
        34         3         2    0.00000000000000000000E+00
        34         3         3    0.00000000000000000000E+00
        34         3         4    0.00000000000000000000E+00
        34         3         5    0.00000000000000000000E+00
        34         4         2    0.00000000000000000000E+00
        34         4         3    0.00000000000000000000E+00
        34         4         4    0.00000000000000000000E+00
        34         4         5    0.00000000000000000000E+00
        34         5         2    0.00000000000000000000E+00
        34         5         3    0.00000000000000000000E+00
        34         5         4    0.00000000000000000000E+00
        34         5         5    0.00000000000000000000E+00
        35         2         2    0.00000000000000000000E+00
        35         2         3    0.00000000000000000000E+00
        35         2         4    0.00000000000000000000E+00
        35         2         5    0.00000000000000000000E+00
        35         3         2    0.00000000000000000000E+00
        35         3         3    0.00000000000000000000E+00
        35         3         4    0.00000000000000000000E+00
        35         3         5    0.00000000000000000000E+00
        35         4         2    0.00000000000000000000E+00
        35         4         3    0.00000000000000000000E+00
        35         4         4    0.00000000000000000000E+00
        35         4         5    0.00000000000000000000E+00
        35         5         2    0.00000000000000000000E+00
        35         5         3    0.00000000000000000000E+00
        35         5         4    0.00000000000000000000E+00
        35         5         5    0.00000000000000000000E+00
        36         2         2    0.00000000000000000000E+00
        36         2         3    0.00000000000000000000E+00
        36         2         4    0.00000000000000000000E+00
        36         2         5    0.00000000000000000000E+00
        36         3         2    0.00000000000000000000E+00
        36         3         3    0.00000000000000000000E+00
        36         3         4    0.00000000000000000000E+00
        36         3         5    0.00000000000000000000E+00
        36         4         2    0.00000000000000000000E+00
        36         4         3    0.00000000000000000000E+00
        36         4         4    0.00000000000000000000E+00
        36         4         5    0.00000000000000000000E+00
        36         5         2    0.00000000000000000000E+00
        36         5         3    0.00000000000000000000E+00
        36         5         4    0.00000000000000000000E+00
        36         5         5    0.00000000000000000000E+00
        37         2         2    0.00000000000000000000E+00
        37         2         3    0.00000000000000000000E+00
        37         2         4    0.00000000000000000000E+00
        37         2         5    0.00000000000000000000E+00
        37         3         2    0.00000000000000000000E+00
        37         3         3    0.00000000000000000000E+00
        37         3         4    0.00000000000000000000E+00
        37         3         5    0.00000000000000000000E+00
        37         4         2    0.00000000000000000000E+00
        37         4         3    0.00000000000000000000E+00
        37         4         4    0.00000000000000000000E+00
        37         4         5    0.00000000000000000000E+00
        37         5         2    0.00000000000000000000E+00
        37         5         3    0.00000000000000000000E+00
        37         5         4    0.00000000000000000000E+00
        37         5         5    0.00000000000000000000E+00
        38         2         2    0.00000000000000000000E+00
        38         2         3    0.00000000000000000000E+00
        38         2         4    0.00000000000000000000E+00
        38         2         5    0.00000000000000000000E+00
        38         3         2    0.00000000000000000000E+00
        38         3         3    0.00000000000000000000E+00
        38         3         4    0.00000000000000000000E+00
        38         3         5    0.00000000000000000000E+00
        38         4         2    0.00000000000000000000E+00
        38         4         3    0.00000000000000000000E+00
        38         4         4    0.00000000000000000000E+00
        38         4         5    0.00000000000000000000E+00
        38         5         2    0.00000000000000000000E+00
        38         5         3    0.00000000000000000000E+00
        38         5         4    0.00000000000000000000E+00
        38         5         5    0.00000000000000000000E+00
        39         2         2    0.00000000000000000000E+00
        39         2         3    0.00000000000000000000E+00
        39         2         4    0.00000000000000000000E+00
        39         2         5    0.00000000000000000000E+00
        39         3         2    0.00000000000000000000E+00
        39         3         3    0.00000000000000000000E+00
        39         3         4    0.00000000000000000000E+00
        39         3         5    0.00000000000000000000E+00
        39         4         2    0.00000000000000000000E+00
        39         4         3    0.00000000000000000000E+00
        39         4         4    0.00000000000000000000E+00
        39         4         5    0.00000000000000000000E+00
        39         5         2    0.00000000000000000000E+00
        39         5         3    0.00000000000000000000E+00
        39         5         4    0.00000000000000000000E+00
        39         5         5    0.00000000000000000000E+00
        40         2         2    0.00000000000000000000E+00
        40         2         3    0.00000000000000000000E+00
        40         2         4    0.00000000000000000000E+00
        40         2         5    0.00000000000000000000E+00
        40         3         2    0.00000000000000000000E+00
        40         3         3    0.00000000000000000000E+00
        40         3         4    0.00000000000000000000E+00
        40         3         5    0.00000000000000000000E+00
        40         4         2    0.00000000000000000000E+00
        40         4         3    0.00000000000000000000E+00
        40         4         4    0.00000000000000000000E+00
        40         4         5    0.00000000000000000000E+00
        40         5         2    0.00000000000000000000E+00
        40         5         3    0.00000000000000000000E+00
        40         5         4    0.00000000000000000000E+00
        40         5         5    0.00000000000000000000E+00
        41         2         2    0.00000000000000000000E+00
        41         2         3    0.00000000000000000000E+00
        41         2         4    0.00000000000000000000E+00
        41         2         5    0.00000000000000000000E+00
        41         3         2    0.00000000000000000000E+00
        41         3         3    0.00000000000000000000E+00
        41         3         4    0.00000000000000000000E+00
        41         3         5    0.00000000000000000000E+00
        41         4         2    0.00000000000000000000E+00
        41         4         3    0.00000000000000000000E+00
        41         4         4    0.00000000000000000000E+00
        41         4         5    0.00000000000000000000E+00
        41         5         2    0.00000000000000000000E+00
        41         5         3    0.00000000000000000000E+00
        41         5         4    0.00000000000000000000E+00
        41         5         5    0.00000000000000000000E+00
        42         2         2    0.00000000000000000000E+00
        42         2         3    0.00000000000000000000E+00
        42         2         4    0.00000000000000000000E+00
        42         2         5    0.00000000000000000000E+00
        42         3         2    0.00000000000000000000E+00
        42         3         3    0.00000000000000000000E+00
        42         3         4    0.00000000000000000000E+00
        42         3         5    0.00000000000000000000E+00
        42         4         2    0.00000000000000000000E+00
        42         4         3    0.00000000000000000000E+00
        42         4         4    0.00000000000000000000E+00
        42         4         5    0.00000000000000000000E+00
        42         5         2    0.00000000000000000000E+00
        42         5         3    0.00000000000000000000E+00
        42         5         4    0.00000000000000000000E+00
        42         5         5    0.00000000000000000000E+00
        43         2         2    0.00000000000000000000E+00
        43         2         3    0.00000000000000000000E+00
        43         2         4    0.00000000000000000000E+00
        43         2         5    0.00000000000000000000E+00
        43         3         2    0.00000000000000000000E+00
        43         3         3    0.00000000000000000000E+00
        43         3         4    0.00000000000000000000E+00
        43         3         5    0.00000000000000000000E+00
        43         4         2    0.00000000000000000000E+00
        43         4         3    0.00000000000000000000E+00
        43         4         4    0.00000000000000000000E+00
        43         4         5    0.00000000000000000000E+00
        43         5         2    0.00000000000000000000E+00
        43         5         3    0.00000000000000000000E+00
        43         5         4    0.00000000000000000000E+00
        43         5         5    0.00000000000000000000E+00
        44         2         2    0.00000000000000000000E+00
        44         2         3    0.00000000000000000000E+00
        44         2         4    0.00000000000000000000E+00
        44         2         5    0.00000000000000000000E+00
        44         3         2    0.00000000000000000000E+00
        44         3         3    0.00000000000000000000E+00
        44         3         4    0.00000000000000000000E+00
        44         3         5    0.00000000000000000000E+00
        44         4         2    0.00000000000000000000E+00
        44         4         3    0.00000000000000000000E+00
        44         4         4    0.00000000000000000000E+00
        44         4         5    0.00000000000000000000E+00
        44         5         2    0.00000000000000000000E+00
        44         5         3    0.00000000000000000000E+00
        44         5         4    0.00000000000000000000E+00
        44         5         5    0.00000000000000000000E+00
        45         2         2    0.00000000000000000000E+00
        45         2         3    0.00000000000000000000E+00
        45         2         4    0.00000000000000000000E+00
        45         2         5    0.00000000000000000000E+00
        45         3         2    0.00000000000000000000E+00
        45         3         3    0.00000000000000000000E+00
        45         3         4    0.00000000000000000000E+00
        45         3         5    0.00000000000000000000E+00
        45         4         2    0.00000000000000000000E+00
        45         4         3    0.00000000000000000000E+00
        45         4         4    0.00000000000000000000E+00
        45         4         5    0.00000000000000000000E+00
        45         5         2    0.00000000000000000000E+00
        45         5         3    0.00000000000000000000E+00
        45         5         4    0.00000000000000000000E+00
        45         5         5    0.00000000000000000000E+00
        46         2         2    0.00000000000000000000E+00
        46         2         3    0.00000000000000000000E+00
        46         2         4    0.00000000000000000000E+00
        46         2         5    0.00000000000000000000E+00
        46         3         2    0.00000000000000000000E+00
        46         3         3    0.00000000000000000000E+00
        46         3         4    0.00000000000000000000E+00
        46         3         5    0.00000000000000000000E+00
        46         4         2    0.00000000000000000000E+00
        46         4         3    0.00000000000000000000E+00
        46         4         4    0.00000000000000000000E+00
        46         4         5    0.00000000000000000000E+00
        46         5         2    0.00000000000000000000E+00
        46         5         3    0.00000000000000000000E+00
        46         5         4    0.00000000000000000000E+00
        46         5         5    0.00000000000000000000E+00
        47         2         2    0.00000000000000000000E+00
        47         2         3    0.00000000000000000000E+00
        47         2         4    0.00000000000000000000E+00
        47         2         5    0.00000000000000000000E+00
        47         3         2    0.00000000000000000000E+00
        47         3         3    0.00000000000000000000E+00
        47         3         4    0.00000000000000000000E+00
        47         3         5    0.00000000000000000000E+00
        47         4         2    0.00000000000000000000E+00
        47         4         3    0.00000000000000000000E+00
        47         4         4    0.00000000000000000000E+00
        47         4         5    0.00000000000000000000E+00
        47         5         2    0.00000000000000000000E+00
        47         5         3    0.00000000000000000000E+00
        47         5         4    0.00000000000000000000E+00
        47         5         5    0.00000000000000000000E+00
        48         2         2    0.00000000000000000000E+00
        48         2         3    0.00000000000000000000E+00
        48         2         4    0.00000000000000000000E+00
        48         2         5    0.00000000000000000000E+00
        48         3         2    0.00000000000000000000E+00
        48         3         3    0.00000000000000000000E+00
        48         3         4    0.00000000000000000000E+00
        48         3         5    0.00000000000000000000E+00
        48         4         2    0.00000000000000000000E+00
        48         4         3    0.00000000000000000000E+00
        48         4         4    0.00000000000000000000E+00
        48         4         5    0.00000000000000000000E+00
        48         5         2    0.00000000000000000000E+00
        48         5         3    0.00000000000000000000E+00
        48         5         4    0.00000000000000000000E+00
        48         5         5    0.00000000000000000000E+00
        49         2         2    0.00000000000000000000E+00
        49         2         3    0.00000000000000000000E+00
        49         2         4    0.00000000000000000000E+00
        49         2         5    0.00000000000000000000E+00
        49         3         2    0.00000000000000000000E+00
        49         3         3    0.00000000000000000000E+00
        49         3         4    0.00000000000000000000E+00
        49         3         5    0.00000000000000000000E+00
        49         4         2    0.00000000000000000000E+00
        49         4         3    0.00000000000000000000E+00
        49         4         4    0.00000000000000000000E+00
        49         4         5    0.00000000000000000000E+00
        49         5         2    0.00000000000000000000E+00
        49         5         3    0.00000000000000000000E+00
        49         5         4    0.00000000000000000000E+00
        49         5         5    0.00000000000000000000E+00
        50         2         2    0.00000000000000000000E+00
        50         2         3    0.00000000000000000000E+00
        50         2         4    0.00000000000000000000E+00
        50         2         5    0.00000000000000000000E+00
        50         3         2    0.00000000000000000000E+00
        50         3         3    0.00000000000000000000E+00
        50         3         4    0.00000000000000000000E+00
        50         3         5    0.00000000000000000000E+00
        50         4         2    0.00000000000000000000E+00
        50         4         3    0.00000000000000000000E+00
        50         4         4    0.00000000000000000000E+00
        50         4         5    0.00000000000000000000E+00
        50         5         2    0.00000000000000000000E+00
        50         5         3    0.00000000000000000000E+00
        50         5         4    0.00000000000000000000E+00
        50         5         5    0.00000000000000000000E+00
        51         2         2    0.00000000000000000000E+00
        51         2         3    0.00000000000000000000E+00
        51         2         4    0.00000000000000000000E+00
        51         2         5    0.00000000000000000000E+00
        51         3         2    0.00000000000000000000E+00
        51         3         3    0.00000000000000000000E+00
        51         3         4    0.00000000000000000000E+00
        51         3         5    0.00000000000000000000E+00
        51         4         2    0.00000000000000000000E+00
        51         4         3    0.00000000000000000000E+00
        51         4         4    0.00000000000000000000E+00
        51         4         5    0.00000000000000000000E+00
        51         5         2    0.00000000000000000000E+00
        51         5         3    0.00000000000000000000E+00
        51         5         4    0.00000000000000000000E+00
        51         5         5    0.00000000000000000000E+00
        52         2         2    0.00000000000000000000E+00
        52         2         3    0.00000000000000000000E+00
        52         2         4    0.00000000000000000000E+00
        52         2         5    0.00000000000000000000E+00
        52         3         2    0.00000000000000000000E+00
        52         3         3    0.00000000000000000000E+00
        52         3         4    0.00000000000000000000E+00
        52         3         5    0.00000000000000000000E+00
        52         4         2    0.00000000000000000000E+00
        52         4         3    0.00000000000000000000E+00
        52         4         4    0.00000000000000000000E+00
        52         4         5    0.00000000000000000000E+00
        52         5         2    0.00000000000000000000E+00
        52         5         3    0.00000000000000000000E+00
        52         5         4    0.00000000000000000000E+00
        52         5         5    0.00000000000000000000E+00
        53         2         2    0.00000000000000000000E+00
        53         2         3    0.00000000000000000000E+00
        53         2         4    0.00000000000000000000E+00
        53         2         5    0.00000000000000000000E+00
        53         3         2    0.00000000000000000000E+00
        53         3         3    0.00000000000000000000E+00
        53         3         4    0.00000000000000000000E+00
        53         3         5    0.00000000000000000000E+00
        53         4         2    0.00000000000000000000E+00
        53         4         3    0.00000000000000000000E+00
        53         4         4    0.00000000000000000000E+00
        53         4         5    0.00000000000000000000E+00
        53         5         2    0.00000000000000000000E+00
        53         5         3    0.00000000000000000000E+00
        53         5         4    0.00000000000000000000E+00
        53         5         5    0.00000000000000000000E+00
        54         2         2    0.00000000000000000000E+00
        54         2         3    0.00000000000000000000E+00
        54         2         4    0.00000000000000000000E+00
        54         2         5    0.00000000000000000000E+00
        54         3         2    0.00000000000000000000E+00
        54         3         3    0.00000000000000000000E+00
        54         3         4    0.00000000000000000000E+00
        54         3         5    0.00000000000000000000E+00
        54         4         2    0.00000000000000000000E+00
        54         4         3    0.00000000000000000000E+00
        54         4         4    0.00000000000000000000E+00
        54         4         5    0.00000000000000000000E+00
        54         5         2    0.00000000000000000000E+00
        54         5         3    0.00000000000000000000E+00
        54         5         4    0.00000000000000000000E+00
        54         5         5    0.00000000000000000000E+00
        55         2         2    0.00000000000000000000E+00
        55         2         3    0.00000000000000000000E+00
        55         2         4    0.00000000000000000000E+00
        55         2         5    0.00000000000000000000E+00
        55         3         2    0.00000000000000000000E+00
        55         3         3    0.00000000000000000000E+00
        55         3         4    0.00000000000000000000E+00
        55         3         5    0.00000000000000000000E+00
        55         4         2    0.00000000000000000000E+00
        55         4         3    0.00000000000000000000E+00
        55         4         4    0.00000000000000000000E+00
        55         4         5    0.00000000000000000000E+00
        55         5         2    0.00000000000000000000E+00
        55         5         3    0.00000000000000000000E+00
        55         5         4    0.00000000000000000000E+00
        55         5         5    0.00000000000000000000E+00
        56         2         2    0.00000000000000000000E+00
        56         2         3    0.00000000000000000000E+00
        56         2         4    0.00000000000000000000E+00
        56         2         5    0.00000000000000000000E+00
        56         3         2    0.00000000000000000000E+00
        56         3         3    0.00000000000000000000E+00
        56         3         4    0.00000000000000000000E+00
        56         3         5    0.00000000000000000000E+00
        56         4         2    0.00000000000000000000E+00
        56         4         3    0.00000000000000000000E+00
        56         4         4    0.00000000000000000000E+00
        56         4         5    0.00000000000000000000E+00
        56         5         2    0.00000000000000000000E+00
        56         5         3    0.00000000000000000000E+00
        56         5         4    0.00000000000000000000E+00
        56         5         5    0.00000000000000000000E+00
        57         2         2    0.00000000000000000000E+00
        57         2         3    0.00000000000000000000E+00
        57         2         4    0.00000000000000000000E+00
        57         2         5    0.00000000000000000000E+00
        57         3         2    0.00000000000000000000E+00
        57         3         3    0.00000000000000000000E+00
        57         3         4    0.00000000000000000000E+00
        57         3         5    0.00000000000000000000E+00
        57         4         2    0.00000000000000000000E+00
        57         4         3    0.00000000000000000000E+00
        57         4         4    0.00000000000000000000E+00
        57         4         5    0.00000000000000000000E+00
        57         5         2    0.00000000000000000000E+00
        57         5         3    0.00000000000000000000E+00
        57         5         4    0.00000000000000000000E+00
        57         5         5    0.00000000000000000000E+00
        58         2         2    0.00000000000000000000E+00
        58         2         3    0.00000000000000000000E+00
        58         2         4    0.00000000000000000000E+00
        58         2         5    0.00000000000000000000E+00
        58         3         2    0.00000000000000000000E+00
        58         3         3    0.00000000000000000000E+00
        58         3         4    0.00000000000000000000E+00
        58         3         5    0.00000000000000000000E+00
        58         4         2    0.00000000000000000000E+00
        58         4         3    0.00000000000000000000E+00
        58         4         4    0.00000000000000000000E+00
        58         4         5    0.00000000000000000000E+00
        58         5         2    0.00000000000000000000E+00
        58         5         3    0.00000000000000000000E+00
        58         5         4    0.00000000000000000000E+00
        58         5         5    0.00000000000000000000E+00
        59         2         2    0.00000000000000000000E+00
        59         2         3    0.00000000000000000000E+00
        59         2         4    0.00000000000000000000E+00
        59         2         5    0.00000000000000000000E+00
        59         3         2    0.00000000000000000000E+00
        59         3         3    0.00000000000000000000E+00
        59         3         4    0.00000000000000000000E+00
        59         3         5    0.00000000000000000000E+00
        59         4         2    0.00000000000000000000E+00
        59         4         3    0.00000000000000000000E+00
        59         4         4    0.00000000000000000000E+00
        59         4         5    0.00000000000000000000E+00
        59         5         2    0.00000000000000000000E+00
        59         5         3    0.00000000000000000000E+00
        59         5         4    0.00000000000000000000E+00
        59         5         5    0.00000000000000000000E+00
        60         2         2    0.00000000000000000000E+00
        60         2         3    0.00000000000000000000E+00
        60         2         4    0.00000000000000000000E+00
        60         2         5    0.00000000000000000000E+00
        60         3         2    0.00000000000000000000E+00
        60         3         3    0.00000000000000000000E+00
        60         3         4    0.00000000000000000000E+00
        60         3         5    0.00000000000000000000E+00
        60         4         2    0.00000000000000000000E+00
        60         4         3    0.00000000000000000000E+00
        60         4         4    0.00000000000000000000E+00
        60         4         5    0.00000000000000000000E+00
        60         5         2    0.00000000000000000000E+00
        60         5         3    0.00000000000000000000E+00
        60         5         4    0.00000000000000000000E+00
        60         5         5    0.00000000000000000000E+00
        61         2         2    0.00000000000000000000E+00
        61         2         3    0.00000000000000000000E+00
        61         2         4    0.00000000000000000000E+00
        61         2         5    0.00000000000000000000E+00
        61         3         2    0.00000000000000000000E+00
        61         3         3    0.00000000000000000000E+00
        61         3         4    0.00000000000000000000E+00
        61         3         5    0.00000000000000000000E+00
        61         4         2    0.00000000000000000000E+00
        61         4         3    0.00000000000000000000E+00
        61         4         4    0.00000000000000000000E+00
        61         4         5    0.00000000000000000000E+00
        61         5         2    0.00000000000000000000E+00
        61         5         3    0.00000000000000000000E+00
        61         5         4    0.00000000000000000000E+00
        61         5         5    0.00000000000000000000E+00
        62         2         2    0.00000000000000000000E+00
        62         2         3    0.00000000000000000000E+00
        62         2         4    0.00000000000000000000E+00
        62         2         5    0.00000000000000000000E+00
        62         3         2    0.00000000000000000000E+00
        62         3         3    0.00000000000000000000E+00
        62         3         4    0.00000000000000000000E+00
        62         3         5    0.00000000000000000000E+00
        62         4         2    0.00000000000000000000E+00
        62         4         3    0.00000000000000000000E+00
        62         4         4    0.00000000000000000000E+00
        62         4         5    0.00000000000000000000E+00
        62         5         2    0.00000000000000000000E+00
        62         5         3    0.00000000000000000000E+00
        62         5         4    0.00000000000000000000E+00
        62         5         5    0.00000000000000000000E+00
        63         2         2    0.00000000000000000000E+00
        63         2         3    0.00000000000000000000E+00
        63         2         4    0.00000000000000000000E+00
        63         2         5    0.00000000000000000000E+00
        63         3         2    0.00000000000000000000E+00
        63         3         3    0.00000000000000000000E+00
        63         3         4    0.00000000000000000000E+00
        63         3         5    0.00000000000000000000E+00
        63         4         2    0.00000000000000000000E+00
        63         4         3    0.00000000000000000000E+00
        63         4         4    0.00000000000000000000E+00
        63         4         5    0.00000000000000000000E+00
        63         5         2    0.00000000000000000000E+00
        63         5         3    0.00000000000000000000E+00
        63         5         4    0.00000000000000000000E+00
        63         5         5    0.00000000000000000000E+00
        64         2         2    0.00000000000000000000E+00
        64         2         3    0.00000000000000000000E+00
        64         2         4    0.00000000000000000000E+00
        64         2         5    0.00000000000000000000E+00
        64         3         2    0.00000000000000000000E+00
        64         3         3    0.00000000000000000000E+00
        64         3         4    0.00000000000000000000E+00
        64         3         5    0.00000000000000000000E+00
        64         4         2    0.00000000000000000000E+00
        64         4         3    0.00000000000000000000E+00
        64         4         4    0.00000000000000000000E+00
        64         4         5    0.00000000000000000000E+00
        64         5         2    0.00000000000000000000E+00
        64         5         3    0.00000000000000000000E+00
        64         5         4    0.00000000000000000000E+00
        64         5         5    0.00000000000000000000E+00
        65         2         2    0.00000000000000000000E+00
        65         2         3    0.00000000000000000000E+00
        65         2         4    0.00000000000000000000E+00
        65         2         5    0.00000000000000000000E+00
        65         3         2    0.00000000000000000000E+00
        65         3         3    0.00000000000000000000E+00
        65         3         4    0.00000000000000000000E+00
        65         3         5    0.00000000000000000000E+00
        65         4         2    0.00000000000000000000E+00
        65         4         3    0.00000000000000000000E+00
        65         4         4    0.00000000000000000000E+00
        65         4         5    0.00000000000000000000E+00
        65         5         2    0.00000000000000000000E+00
        65         5         3    0.00000000000000000000E+00
        65         5         4    0.00000000000000000000E+00
        65         5         5    0.00000000000000000000E+00
        66         2         2    0.00000000000000000000E+00
        66         2         3    0.00000000000000000000E+00
        66         2         4    0.00000000000000000000E+00
        66         2         5    0.00000000000000000000E+00
        66         3         2    0.00000000000000000000E+00
        66         3         3    0.00000000000000000000E+00
        66         3         4    0.00000000000000000000E+00
        66         3         5    0.00000000000000000000E+00
        66         4         2    0.00000000000000000000E+00
        66         4         3    0.00000000000000000000E+00
        66         4         4    0.00000000000000000000E+00
        66         4         5    0.00000000000000000000E+00
        66         5         2    0.00000000000000000000E+00
        66         5         3    0.00000000000000000000E+00
        66         5         4    0.00000000000000000000E+00
        66         5         5    0.00000000000000000000E+00
        67         2         2    0.00000000000000000000E+00
        67         2         3    0.00000000000000000000E+00
        67         2         4    0.00000000000000000000E+00
        67         2         5    0.00000000000000000000E+00
        67         3         2    0.00000000000000000000E+00
        67         3         3    0.00000000000000000000E+00
        67         3         4    0.00000000000000000000E+00
        67         3         5    0.00000000000000000000E+00
        67         4         2    0.00000000000000000000E+00
        67         4         3    0.00000000000000000000E+00
        67         4         4    0.00000000000000000000E+00
        67         4         5    0.00000000000000000000E+00
        67         5         2    0.00000000000000000000E+00
        67         5         3    0.00000000000000000000E+00
        67         5         4    0.00000000000000000000E+00
        67         5         5    0.00000000000000000000E+00
        68         2         2    0.00000000000000000000E+00
        68         2         3    0.00000000000000000000E+00
        68         2         4    0.00000000000000000000E+00
        68         2         5    0.00000000000000000000E+00
        68         3         2    0.00000000000000000000E+00
        68         3         3    0.00000000000000000000E+00
        68         3         4    0.00000000000000000000E+00
        68         3         5    0.00000000000000000000E+00
        68         4         2    0.00000000000000000000E+00
        68         4         3    0.00000000000000000000E+00
        68         4         4    0.00000000000000000000E+00
        68         4         5    0.00000000000000000000E+00
        68         5         2    0.00000000000000000000E+00
        68         5         3    0.00000000000000000000E+00
        68         5         4    0.00000000000000000000E+00
        68         5         5    0.00000000000000000000E+00
        69         2         2    0.00000000000000000000E+00
        69         2         3    0.00000000000000000000E+00
        69         2         4    0.00000000000000000000E+00
        69         2         5    0.00000000000000000000E+00
        69         3         2    0.00000000000000000000E+00
        69         3         3    0.00000000000000000000E+00
        69         3         4    0.00000000000000000000E+00
        69         3         5    0.00000000000000000000E+00
        69         4         2    0.00000000000000000000E+00
        69         4         3    0.00000000000000000000E+00
        69         4         4    0.00000000000000000000E+00
        69         4         5    0.00000000000000000000E+00
        69         5         2    0.00000000000000000000E+00
        69         5         3    0.00000000000000000000E+00
        69         5         4    0.00000000000000000000E+00
        69         5         5    0.00000000000000000000E+00
        70         2         2    0.00000000000000000000E+00
        70         2         3    0.00000000000000000000E+00
        70         2         4    0.00000000000000000000E+00
        70         2         5    0.00000000000000000000E+00
        70         3         2    0.00000000000000000000E+00
        70         3         3    0.00000000000000000000E+00
        70         3         4    0.00000000000000000000E+00
        70         3         5    0.00000000000000000000E+00
        70         4         2    0.00000000000000000000E+00
        70         4         3    0.00000000000000000000E+00
        70         4         4    0.00000000000000000000E+00
        70         4         5    0.00000000000000000000E+00
        70         5         2    0.00000000000000000000E+00
        70         5         3    0.00000000000000000000E+00
        70         5         4    0.00000000000000000000E+00
        70         5         5    0.00000000000000000000E+00
        71         2         2    0.00000000000000000000E+00
        71         2         3    0.00000000000000000000E+00
        71         2         4    0.00000000000000000000E+00
        71         2         5    0.00000000000000000000E+00
        71         3         2    0.00000000000000000000E+00
        71         3         3    0.00000000000000000000E+00
        71         3         4    0.00000000000000000000E+00
        71         3         5    0.00000000000000000000E+00
        71         4         2    0.00000000000000000000E+00
        71         4         3    0.00000000000000000000E+00
        71         4         4    0.00000000000000000000E+00
        71         4         5    0.00000000000000000000E+00
        71         5         2    0.00000000000000000000E+00
        71         5         3    0.00000000000000000000E+00
        71         5         4    0.00000000000000000000E+00
        71         5         5    0.00000000000000000000E+00
        72         2         2    0.00000000000000000000E+00
        72         2         3    0.00000000000000000000E+00
        72         2         4    0.00000000000000000000E+00
        72         2         5    0.00000000000000000000E+00
        72         3         2    0.00000000000000000000E+00
        72         3         3    0.00000000000000000000E+00
        72         3         4    0.00000000000000000000E+00
        72         3         5    0.00000000000000000000E+00
        72         4         2    0.00000000000000000000E+00
        72         4         3    0.00000000000000000000E+00
        72         4         4    0.00000000000000000000E+00
        72         4         5    0.00000000000000000000E+00
        72         5         2    0.00000000000000000000E+00
        72         5         3    0.00000000000000000000E+00
        72         5         4    0.00000000000000000000E+00
        72         5         5    0.00000000000000000000E+00
        73         2         2    0.00000000000000000000E+00
        73         2         3    0.00000000000000000000E+00
        73         2         4    0.00000000000000000000E+00
        73         2         5    0.00000000000000000000E+00
        73         3         2    0.00000000000000000000E+00
        73         3         3    0.00000000000000000000E+00
        73         3         4    0.00000000000000000000E+00
        73         3         5    0.00000000000000000000E+00
        73         4         2    0.00000000000000000000E+00
        73         4         3    0.00000000000000000000E+00
        73         4         4    0.00000000000000000000E+00
        73         4         5    0.00000000000000000000E+00
        73         5         2    0.00000000000000000000E+00
        73         5         3    0.00000000000000000000E+00
        73         5         4    0.00000000000000000000E+00
        73         5         5    0.00000000000000000000E+00
        74         2         2    0.00000000000000000000E+00
        74         2         3    0.00000000000000000000E+00
        74         2         4    0.00000000000000000000E+00
        74         2         5    0.00000000000000000000E+00
        74         3         2    0.00000000000000000000E+00
        74         3         3    0.00000000000000000000E+00
        74         3         4    0.00000000000000000000E+00
        74         3         5    0.00000000000000000000E+00
        74         4         2    0.00000000000000000000E+00
        74         4         3    0.00000000000000000000E+00
        74         4         4    0.00000000000000000000E+00
        74         4         5    0.00000000000000000000E+00
        74         5         2    0.00000000000000000000E+00
        74         5         3    0.00000000000000000000E+00
        74         5         4    0.00000000000000000000E+00
        74         5         5    0.00000000000000000000E+00
        75         2         2    0.00000000000000000000E+00
        75         2         3    0.00000000000000000000E+00
        75         2         4    0.00000000000000000000E+00
        75         2         5    0.00000000000000000000E+00
        75         3         2    0.00000000000000000000E+00
        75         3         3    0.00000000000000000000E+00
        75         3         4    0.00000000000000000000E+00
        75         3         5    0.00000000000000000000E+00
        75         4         2    0.00000000000000000000E+00
        75         4         3    0.00000000000000000000E+00
        75         4         4    0.00000000000000000000E+00
        75         4         5    0.00000000000000000000E+00
        75         5         2    0.00000000000000000000E+00
        75         5         3    0.00000000000000000000E+00
        75         5         4    0.00000000000000000000E+00
        75         5         5    0.00000000000000000000E+00
        76         2         2    0.00000000000000000000E+00
        76         2         3    0.00000000000000000000E+00
        76         2         4    0.00000000000000000000E+00
        76         2         5    0.00000000000000000000E+00
        76         3         2    0.00000000000000000000E+00
        76         3         3    0.00000000000000000000E+00
        76         3         4    0.00000000000000000000E+00
        76         3         5    0.00000000000000000000E+00
        76         4         2    0.00000000000000000000E+00
        76         4         3    0.00000000000000000000E+00
        76         4         4    0.00000000000000000000E+00
        76         4         5    0.00000000000000000000E+00
        76         5         2    0.00000000000000000000E+00
        76         5         3    0.00000000000000000000E+00
        76         5         4    0.00000000000000000000E+00
        76         5         5    0.00000000000000000000E+00
        77         2         2    0.00000000000000000000E+00
        77         2         3    0.00000000000000000000E+00
        77         2         4    0.00000000000000000000E+00
        77         2         5    0.00000000000000000000E+00
        77         3         2    0.00000000000000000000E+00
        77         3         3    0.00000000000000000000E+00
        77         3         4    0.00000000000000000000E+00
        77         3         5    0.00000000000000000000E+00
        77         4         2    0.00000000000000000000E+00
        77         4         3    0.00000000000000000000E+00
        77         4         4    0.00000000000000000000E+00
        77         4         5    0.00000000000000000000E+00
        77         5         2    0.00000000000000000000E+00
        77         5         3    0.00000000000000000000E+00
        77         5         4    0.00000000000000000000E+00
        77         5         5    0.00000000000000000000E+00
        78         2         2    0.00000000000000000000E+00
        78         2         3    0.00000000000000000000E+00
        78         2         4    0.00000000000000000000E+00
        78         2         5    0.00000000000000000000E+00
        78         3         2    0.00000000000000000000E+00
        78         3         3    0.00000000000000000000E+00
        78         3         4    0.00000000000000000000E+00
        78         3         5    0.00000000000000000000E+00
        78         4         2    0.00000000000000000000E+00
        78         4         3    0.00000000000000000000E+00
        78         4         4    0.00000000000000000000E+00
        78         4         5    0.00000000000000000000E+00
        78         5         2    0.00000000000000000000E+00
        78         5         3    0.00000000000000000000E+00
        78         5         4    0.00000000000000000000E+00
        78         5         5    0.00000000000000000000E+00
        79         2         2    0.00000000000000000000E+00
        79         2         3    0.00000000000000000000E+00
        79         2         4    0.00000000000000000000E+00
        79         2         5    0.00000000000000000000E+00
        79         3         2    0.00000000000000000000E+00
        79         3         3    0.00000000000000000000E+00
        79         3         4    0.00000000000000000000E+00
        79         3         5    0.00000000000000000000E+00
        79         4         2    0.00000000000000000000E+00
        79         4         3    0.00000000000000000000E+00
        79         4         4    0.00000000000000000000E+00
        79         4         5    0.00000000000000000000E+00
        79         5         2    0.00000000000000000000E+00
        79         5         3    0.00000000000000000000E+00
        79         5         4    0.00000000000000000000E+00
        79         5         5    0.00000000000000000000E+00
        80         2         2    0.00000000000000000000E+00
        80         2         3    0.00000000000000000000E+00
        80         2         4    0.00000000000000000000E+00
        80         2         5    0.00000000000000000000E+00
        80         3         2    0.00000000000000000000E+00
        80         3         3    0.00000000000000000000E+00
        80         3         4    0.00000000000000000000E+00
        80         3         5    0.00000000000000000000E+00
        80         4         2    0.00000000000000000000E+00
        80         4         3    0.00000000000000000000E+00
        80         4         4    0.00000000000000000000E+00
        80         4         5    0.00000000000000000000E+00
        80         5         2    0.00000000000000000000E+00
        80         5         3    0.00000000000000000000E+00
        80         5         4    0.00000000000000000000E+00
        80         5         5    0.00000000000000000000E+00
        81         2         2    0.00000000000000000000E+00
        81         2         3    0.00000000000000000000E+00
        81         2         4    0.00000000000000000000E+00
        81         2         5    0.00000000000000000000E+00
        81         3         2    0.00000000000000000000E+00
        81         3         3    0.00000000000000000000E+00
        81         3         4    0.00000000000000000000E+00
        81         3         5    0.00000000000000000000E+00
        81         4         2    0.00000000000000000000E+00
        81         4         3    0.00000000000000000000E+00
        81         4         4    0.00000000000000000000E+00
        81         4         5    0.00000000000000000000E+00
        81         5         2    0.00000000000000000000E+00
        81         5         3    0.00000000000000000000E+00
        81         5         4    0.00000000000000000000E+00
        81         5         5    0.00000000000000000000E+00
        82         2         2    0.00000000000000000000E+00
        82         2         3    0.00000000000000000000E+00
        82         2         4    0.00000000000000000000E+00
        82         2         5    0.00000000000000000000E+00
        82         3         2    0.00000000000000000000E+00
        82         3         3    0.00000000000000000000E+00
        82         3         4    0.00000000000000000000E+00
        82         3         5    0.00000000000000000000E+00
        82         4         2    0.00000000000000000000E+00
        82         4         3    0.00000000000000000000E+00
        82         4         4    0.00000000000000000000E+00
        82         4         5    0.00000000000000000000E+00
        82         5         2    0.00000000000000000000E+00
        82         5         3    0.00000000000000000000E+00
        82         5         4    0.00000000000000000000E+00
        82         5         5    0.00000000000000000000E+00
        83         2         2    0.00000000000000000000E+00
        83         2         3    0.00000000000000000000E+00
        83         2         4    0.00000000000000000000E+00
        83         2         5    0.00000000000000000000E+00
        83         3         2    0.00000000000000000000E+00
        83         3         3    0.00000000000000000000E+00
        83         3         4    0.00000000000000000000E+00
        83         3         5    0.00000000000000000000E+00
        83         4         2    0.00000000000000000000E+00
        83         4         3    0.00000000000000000000E+00
        83         4         4    0.00000000000000000000E+00
        83         4         5    0.00000000000000000000E+00
        83         5         2    0.00000000000000000000E+00
        83         5         3    0.00000000000000000000E+00
        83         5         4    0.00000000000000000000E+00
        83         5         5    0.00000000000000000000E+00
        84         2         2    0.00000000000000000000E+00
        84         2         3    0.00000000000000000000E+00
        84         2         4    0.00000000000000000000E+00
        84         2         5    0.00000000000000000000E+00
        84         3         2    0.00000000000000000000E+00
        84         3         3    0.00000000000000000000E+00
        84         3         4    0.00000000000000000000E+00
        84         3         5    0.00000000000000000000E+00
        84         4         2    0.00000000000000000000E+00
        84         4         3    0.00000000000000000000E+00
        84         4         4    0.00000000000000000000E+00
        84         4         5    0.00000000000000000000E+00
        84         5         2    0.00000000000000000000E+00
        84         5         3    0.00000000000000000000E+00
        84         5         4    0.00000000000000000000E+00
        84         5         5    0.00000000000000000000E+00
        85         2         2    0.00000000000000000000E+00
        85         2         3    0.00000000000000000000E+00
        85         2         4    0.00000000000000000000E+00
        85         2         5    0.00000000000000000000E+00
        85         3         2    0.00000000000000000000E+00
        85         3         3    0.00000000000000000000E+00
        85         3         4    0.00000000000000000000E+00
        85         3         5    0.00000000000000000000E+00
        85         4         2    0.00000000000000000000E+00
        85         4         3    0.00000000000000000000E+00
        85         4         4    0.00000000000000000000E+00
        85         4         5    0.00000000000000000000E+00
        85         5         2    0.00000000000000000000E+00
        85         5         3    0.00000000000000000000E+00
        85         5         4    0.00000000000000000000E+00
        85         5         5    0.00000000000000000000E+00
        86         2         2    0.00000000000000000000E+00
        86         2         3    0.00000000000000000000E+00
        86         2         4    0.00000000000000000000E+00
        86         2         5    0.00000000000000000000E+00
        86         3         2    0.00000000000000000000E+00
        86         3         3    0.00000000000000000000E+00
        86         3         4    0.00000000000000000000E+00
        86         3         5    0.00000000000000000000E+00
        86         4         2    0.00000000000000000000E+00
        86         4         3    0.00000000000000000000E+00
        86         4         4    0.00000000000000000000E+00
        86         4         5    0.00000000000000000000E+00
        86         5         2    0.00000000000000000000E+00
        86         5         3    0.00000000000000000000E+00
        86         5         4    0.00000000000000000000E+00
        86         5         5    0.00000000000000000000E+00
        87         2         2    0.00000000000000000000E+00
        87         2         3    0.00000000000000000000E+00
        87         2         4    0.00000000000000000000E+00
        87         2         5    0.00000000000000000000E+00
        87         3         2    0.00000000000000000000E+00
        87         3         3    0.00000000000000000000E+00
        87         3         4    0.00000000000000000000E+00
        87         3         5    0.00000000000000000000E+00
        87         4         2    0.00000000000000000000E+00
        87         4         3    0.00000000000000000000E+00
        87         4         4    0.00000000000000000000E+00
        87         4         5    0.00000000000000000000E+00
        87         5         2    0.00000000000000000000E+00
        87         5         3    0.00000000000000000000E+00
        87         5         4    0.00000000000000000000E+00
        87         5         5    0.00000000000000000000E+00
        88         2         2    0.00000000000000000000E+00
        88         2         3    0.00000000000000000000E+00
        88         2         4    0.00000000000000000000E+00
        88         2         5    0.00000000000000000000E+00
        88         3         2    0.00000000000000000000E+00
        88         3         3    0.00000000000000000000E+00
        88         3         4    0.00000000000000000000E+00
        88         3         5    0.00000000000000000000E+00
        88         4         2    0.00000000000000000000E+00
        88         4         3    0.00000000000000000000E+00
        88         4         4    0.00000000000000000000E+00
        88         4         5    0.00000000000000000000E+00
        88         5         2    0.00000000000000000000E+00
        88         5         3    0.00000000000000000000E+00
        88         5         4    0.00000000000000000000E+00
        88         5         5    0.00000000000000000000E+00
        89         2         2    0.00000000000000000000E+00
        89         2         3    0.00000000000000000000E+00
        89         2         4    0.00000000000000000000E+00
        89         2         5    0.00000000000000000000E+00
        89         3         2    0.00000000000000000000E+00
        89         3         3    0.00000000000000000000E+00
        89         3         4    0.00000000000000000000E+00
        89         3         5    0.00000000000000000000E+00
        89         4         2    0.00000000000000000000E+00
        89         4         3    0.00000000000000000000E+00
        89         4         4    0.00000000000000000000E+00
        89         4         5    0.00000000000000000000E+00
        89         5         2    0.00000000000000000000E+00
        89         5         3    0.00000000000000000000E+00
        89         5         4    0.00000000000000000000E+00
        89         5         5    0.00000000000000000000E+00
        90         2         2    0.00000000000000000000E+00
        90         2         3    0.00000000000000000000E+00
        90         2         4    0.00000000000000000000E+00
        90         2         5    0.00000000000000000000E+00
        90         3         2    0.00000000000000000000E+00
        90         3         3    0.00000000000000000000E+00
        90         3         4    0.00000000000000000000E+00
        90         3         5    0.00000000000000000000E+00
        90         4         2    0.00000000000000000000E+00
        90         4         3    0.00000000000000000000E+00
        90         4         4    0.00000000000000000000E+00
        90         4         5    0.00000000000000000000E+00
        90         5         2    0.00000000000000000000E+00
        90         5         3    0.00000000000000000000E+00
        90         5         4    0.00000000000000000000E+00
        90         5         5    0.00000000000000000000E+00
        91         2         2    0.00000000000000000000E+00
        91         2         3    0.00000000000000000000E+00
        91         2         4    0.00000000000000000000E+00
        91         2         5    0.00000000000000000000E+00
        91         3         2    0.00000000000000000000E+00
        91         3         3    0.00000000000000000000E+00
        91         3         4    0.00000000000000000000E+00
        91         3         5    0.00000000000000000000E+00
        91         4         2    0.00000000000000000000E+00
        91         4         3    0.00000000000000000000E+00
        91         4         4    0.00000000000000000000E+00
        91         4         5    0.00000000000000000000E+00
        91         5         2    0.00000000000000000000E+00
        91         5         3    0.00000000000000000000E+00
        91         5         4    0.00000000000000000000E+00
        91         5         5    0.00000000000000000000E+00
        92         2         2    0.00000000000000000000E+00
        92         2         3    0.00000000000000000000E+00
        92         2         4    0.00000000000000000000E+00
        92         2         5    0.00000000000000000000E+00
        92         3         2    0.00000000000000000000E+00
        92         3         3    0.00000000000000000000E+00
        92         3         4    0.00000000000000000000E+00
        92         3         5    0.00000000000000000000E+00
        92         4         2    0.00000000000000000000E+00
        92         4         3    0.00000000000000000000E+00
        92         4         4    0.00000000000000000000E+00
        92         4         5    0.00000000000000000000E+00
        92         5         2    0.00000000000000000000E+00
        92         5         3    0.00000000000000000000E+00
        92         5         4    0.00000000000000000000E+00
        92         5         5    0.00000000000000000000E+00
        93         2         2    0.00000000000000000000E+00
        93         2         3    0.00000000000000000000E+00
        93         2         4    0.00000000000000000000E+00
        93         2         5    0.00000000000000000000E+00
        93         3         2    0.00000000000000000000E+00
        93         3         3    0.00000000000000000000E+00
        93         3         4    0.00000000000000000000E+00
        93         3         5    0.00000000000000000000E+00
        93         4         2    0.00000000000000000000E+00
        93         4         3    0.00000000000000000000E+00
        93         4         4    0.00000000000000000000E+00
        93         4         5    0.00000000000000000000E+00
        93         5         2    0.00000000000000000000E+00
        93         5         3    0.00000000000000000000E+00
        93         5         4    0.00000000000000000000E+00
        93         5         5    0.00000000000000000000E+00
        94         2         2    0.00000000000000000000E+00
        94         2         3    0.00000000000000000000E+00
        94         2         4    0.00000000000000000000E+00
        94         2         5    0.00000000000000000000E+00
        94         3         2    0.00000000000000000000E+00
        94         3         3    0.00000000000000000000E+00
        94         3         4    0.00000000000000000000E+00
        94         3         5    0.00000000000000000000E+00
        94         4         2    0.00000000000000000000E+00
        94         4         3    0.00000000000000000000E+00
        94         4         4    0.00000000000000000000E+00
        94         4         5    0.00000000000000000000E+00
        94         5         2    0.00000000000000000000E+00
        94         5         3    0.00000000000000000000E+00
        94         5         4    0.00000000000000000000E+00
        94         5         5    0.00000000000000000000E+00
        95         2         2    0.00000000000000000000E+00
        95         2         3    0.00000000000000000000E+00
        95         2         4    0.00000000000000000000E+00
        95         2         5    0.00000000000000000000E+00
        95         3         2    0.00000000000000000000E+00
        95         3         3    0.00000000000000000000E+00
        95         3         4    0.00000000000000000000E+00
        95         3         5    0.00000000000000000000E+00
        95         4         2    0.00000000000000000000E+00
        95         4         3    0.00000000000000000000E+00
        95         4         4    0.00000000000000000000E+00
        95         4         5    0.00000000000000000000E+00
        95         5         2    0.00000000000000000000E+00
        95         5         3    0.00000000000000000000E+00
        95         5         4    0.00000000000000000000E+00
        95         5         5    0.00000000000000000000E+00
        96         2         2    0.00000000000000000000E+00
        96         2         3    0.00000000000000000000E+00
        96         2         4    0.00000000000000000000E+00
        96         2         5    0.00000000000000000000E+00
        96         3         2    0.00000000000000000000E+00
        96         3         3    0.00000000000000000000E+00
        96         3         4    0.00000000000000000000E+00
        96         3         5    0.00000000000000000000E+00
        96         4         2    0.00000000000000000000E+00
        96         4         3    0.00000000000000000000E+00
        96         4         4    0.00000000000000000000E+00
        96         4         5    0.00000000000000000000E+00
        96         5         2    0.00000000000000000000E+00
        96         5         3    0.00000000000000000000E+00
        96         5         4    0.00000000000000000000E+00
        96         5         5    0.00000000000000000000E+00
        97         2         2    0.00000000000000000000E+00
        97         2         3    0.00000000000000000000E+00
        97         2         4    0.00000000000000000000E+00
        97         2         5    0.00000000000000000000E+00
        97         3         2    0.00000000000000000000E+00
        97         3         3    0.00000000000000000000E+00
        97         3         4    0.00000000000000000000E+00
        97         3         5    0.00000000000000000000E+00
        97         4         2    0.00000000000000000000E+00
        97         4         3    0.00000000000000000000E+00
        97         4         4    0.00000000000000000000E+00
        97         4         5    0.00000000000000000000E+00
        97         5         2    0.00000000000000000000E+00
        97         5         3    0.00000000000000000000E+00
        97         5         4    0.00000000000000000000E+00
        97         5         5    0.00000000000000000000E+00
        98         2         2    0.00000000000000000000E+00
        98         2         3    0.00000000000000000000E+00
        98         2         4    0.00000000000000000000E+00
        98         2         5    0.00000000000000000000E+00
        98         3         2    0.00000000000000000000E+00
        98         3         3    0.00000000000000000000E+00
        98         3         4    0.00000000000000000000E+00
        98         3         5    0.00000000000000000000E+00
        98         4         2    0.00000000000000000000E+00
        98         4         3    0.00000000000000000000E+00
        98         4         4    0.00000000000000000000E+00
        98         4         5    0.00000000000000000000E+00
        98         5         2    0.00000000000000000000E+00
        98         5         3    0.00000000000000000000E+00
        98         5         4    0.00000000000000000000E+00
        98         5         5    0.00000000000000000000E+00
        99         2         2    0.00000000000000000000E+00
        99         2         3    0.00000000000000000000E+00
        99         2         4    0.00000000000000000000E+00
        99         2         5    0.00000000000000000000E+00
        99         3         2    0.00000000000000000000E+00
        99         3         3    0.00000000000000000000E+00
        99         3         4    0.00000000000000000000E+00
        99         3         5    0.00000000000000000000E+00
        99         4         2    0.00000000000000000000E+00
        99         4         3    0.00000000000000000000E+00
        99         4         4    0.00000000000000000000E+00
        99         4         5    0.00000000000000000000E+00
        99         5         2    0.00000000000000000000E+00
        99         5         3    0.00000000000000000000E+00
        99         5         4    0.00000000000000000000E+00
        99         5         5    0.00000000000000000000E+00
       100         2         2    0.00000000000000000000E+00
       100         2         3    0.00000000000000000000E+00
       100         2         4    0.00000000000000000000E+00
       100         2         5    0.00000000000000000000E+00
       100         3         2    0.00000000000000000000E+00
       100         3         3    0.00000000000000000000E+00
       100         3         4    0.00000000000000000000E+00
       100         3         5    0.00000000000000000000E+00
       100         4         2    0.00000000000000000000E+00
       100         4         3    0.00000000000000000000E+00
       100         4         4    0.00000000000000000000E+00
       100         4         5    0.00000000000000000000E+00
       100         5         2    0.00000000000000000000E+00
       100         5         3    0.00000000000000000000E+00
       100         5         4    0.00000000000000000000E+00
       100         5         5    0.00000000000000000000E+00
       101         2         2    0.00000000000000000000E+00
       101         2         3    0.00000000000000000000E+00
       101         2         4    0.00000000000000000000E+00
       101         2         5    0.00000000000000000000E+00
       101         3         2    0.00000000000000000000E+00
       101         3         3    0.00000000000000000000E+00
       101         3         4    0.00000000000000000000E+00
       101         3         5    0.00000000000000000000E+00
       101         4         2    0.00000000000000000000E+00
       101         4         3    0.00000000000000000000E+00
       101         4         4    0.00000000000000000000E+00
       101         4         5    0.00000000000000000000E+00
       101         5         2    0.00000000000000000000E+00
       101         5         3    0.00000000000000000000E+00
       101         5         4    0.00000000000000000000E+00
       101         5         5    0.00000000000000000000E+00
