         2         2         2   -0.20417924624772151865E+00
         2         2         3   -0.13424457828975983054E+00
         2         2         4   -0.71234071406596030651E-01
         2         2         5   -0.38065418006136934881E-01
         2         3         2   -0.98765772571477383757E+00
         2         3         3   -0.59493038614734128355E+00
         2         3         4   -0.53009469336904468939E+00
         2         3         5   -0.33136851902228836586E+00
         2         4         2   -0.69604568098796637532E+00
         2         4         3   -0.74793375736611489302E+00
         2         4         4   -0.64381770664317627961E+00
         2         4         5   -0.83061188555342746476E+00
         2         5         2   -0.61811893736997060300E-01
         2         5         3   -0.13028203243770303255E+00
         2         5         4   -0.42050280509711247812E-01
         2         5         5   -0.11326086404984600509E+00
         3         2         2   -0.97392849177248205783E-01
         3         2         3   -0.19434628996316091754E+00
         3         2         4   -0.94883934836606620422E-01
         3         2         5   -0.12281739918820824831E+00
         3         3         2   -0.10634828562515488137E+01
         3         3         3   -0.81723178774004445746E+00
         3         3         4   -0.67375480943452592530E+00
         3         3         5   -0.65010879677043964531E+00
         3         4         2   -0.86725577605435555384E+00
         3         4         3   -0.59936020813204415880E+00
         3         4         4   -0.11230757018376487100E+01
         3         4         5   -0.56178040918349936295E+00
         3         5         2   -0.44474147995130108857E-01
         3         5         3   -0.52322972844619987376E-01
         3         5         4   -0.19882534326571765781E+00
         3         5         5   -0.94016231986730217085E-01
         4         2         2   -0.35386186568183305989E-01
         4         2         3   -0.13368294595944898995E+00
         4         2         4   -0.15086007867908729496E+00
         4         2         5   -0.54516321368981532358E-01
         4         3         2   -0.38406626767005391798E+00
         4         3         3   -0.94723567519126372627E+00
         4         3         4   -0.82029315816912751202E+00
         4         3         5   -0.83055089672536519529E+00
         4         4         2   -0.80624114884089703725E+00
         4         4         3   -0.76589885051947315109E+00
         4         4         4   -0.97956760877566984025E+00
         4         4         5   -0.79931104428887334024E+00
         4         5         2   -0.60388311078270237586E-01
         4         5         3   -0.12114321341252698438E+00
         4         5         4   -0.20491808553315404851E+00
         4         5         5   -0.69909028663827602057E-01
         5         2         2   -0.18572965045295333764E-01
         5         2         3   -0.98173810819516427184E-01
         5         2         4   -0.10442229234741393085E+00
         5         2         5   -0.92083060129687310802E-01
         5         3         2   -0.48792793055275601732E+00
         5         3         3   -0.64848800338380463426E+00
         5         3         4   -0.84535765902983983633E+00
         5         3         5   -0.40241364696392001310E+00
         5         4         2   -0.52155470037112738879E+00
         5         4         3   -0.77313497408768017127E+00
         5         4         4   -0.76525313158099050881E+00
         5         4         5   -0.32872320588706771538E+00
         5         5         2   -0.93501106007754630767E-01
         5         5         3   -0.14767870546300373991E+00
         5         5         4   -0.16437755110391974456E+00
         5         5         5   -0.34514498450010491770E-01
         6         2         2   -0.25471145559363656680E-01
         6         2         3   -0.13343300425997506320E+00
         6         2         4   -0.30669243864410451750E-01
         6         2         5   -0.81175778634534540013E-01
         6         3         2   -0.61211107941915798847E+00
         6         3         3   -0.90549941225102648090E+00
         6         3         4   -0.38114229851346392852E+00
         6         3         5   -0.43431515182095947747E+00
         6         4         2   -0.95762011520016765420E+00
         6         4         3   -0.10680407891558441058E+01
         6         4         4   -0.71257081396298960208E+00
         6         4         5   -0.56017888459345888119E+00
         6         5         2   -0.18432540918510473271E+00
         6         5         3   -0.24208458113584629956E+00
         6         5         4   -0.15635322711994609213E+00
         6         5         5   -0.55353845564072759466E-01
         7         2         2   -0.44783901409827471529E-01
         7         2         3   -0.10987903708525922214E-01
         7         2         4   -0.14014060715577734278E-01
         7         2         5   -0.99422851103070961076E-01
         7         3         2   -0.79253502792415431166E+00
         7         3         3   -0.54526121863864673855E+00
         7         3         4   -0.69159603089511545448E+00
         7         3         5   -0.74159695591737073705E+00
         7         4         2   -0.93361553948665310099E+00
         7         4         3   -0.10919085890165973751E+01
         7         4         4   -0.92595245540284443209E+00
         7         4         5   -0.74071495480870597206E+00
         7         5         2   -0.73071068761829741089E-01
         7         5         3   -0.21585062334296123421E+00
         7         5         4   -0.13412471530469033398E+00
         7         5         5   -0.93268725249388839682E-01
         8         2         2   -0.17030296978919515216E+00
         8         2         3   -0.12536878085574487685E+00
         8         2         4   -0.59840319783932907627E-01
         8         2         5   -0.25540446589597722710E-01
         8         3         2   -0.71674175731508615872E+00
         8         3         3   -0.93458935917208951771E+00
         8         3         4   -0.62812153864898989664E+00
         8         3         5   -0.65868831187322085530E+00
         8         4         2   -0.86649353978793897113E+00
         8         4         3   -0.10754574336904876297E+01
         8         4         4   -0.96352370080325955293E+00
         8         4         5   -0.77086330510600475918E+00
         8         5         2   -0.88457016914244651629E-01
         8         5         3   -0.52894599339123458959E-01
         8         5         4   -0.11939489466167159393E+00
         8         5         5   -0.17007832908823508622E+00
         9         2         2   -0.12912926406356381448E+00
         9         2         3   -0.85435081535733661817E-01
         9         2         4   -0.60420290784615901525E-01
         9         2         5   -0.12715952566780333588E+00
         9         3         2   -0.71816135073362197261E+00
         9         3         3   -0.93121199083332772961E+00
         9         3         4   -0.68814246915603571875E+00
         9         3         5   -0.68223769069603612536E+00
         9         4         2   -0.11758364761638511187E+01
         9         4         3   -0.11165244101546312194E+01
         9         4         4   -0.73490910569633083327E+00
         9         4         5   -0.87173908272632583127E+00
         9         5         2   -0.17351275281558262154E+00
         9         5         3   -0.15104097681748582249E+00
         9         5         4   -0.53220364986033143195E-01
         9         5         5   -0.13403228250775911512E+00
        10         2         2   -0.27299669149087091996E-01
        10         2         3   -0.56750644139886223527E-01
        10         2         4   -0.70740638931955868163E-01
        10         2         5   -0.93189115520721219066E-01
        10         3         2   -0.48696803207878475162E+00
        10         3         3   -0.45919223728428609776E+00
        10         3         4   -0.77534136528273311928E+00
        10         3         5   -0.64949239013957804634E+00
        10         4         2   -0.65866934932651532986E+00
        10         4         3   -0.72687467301311636803E+00
        10         4         4   -0.96690502803910749474E+00
        10         4         5   -0.53964979957458747428E+00
        10         5         2   -0.13306832032027610113E+00
        10         5         3   -0.17560667791105080693E+00
        10         5         4   -0.16805323361473811783E+00
        10         5         5   -0.89423185638045243895E-01
        11         2         2   -0.46084212390236217738E-01
        11         2         3   -0.71125447407410530287E-01
        11         2         4   -0.90655657930189009752E-01
        11         2         5   -0.15959279743538234975E+00
        11         3         2   -0.67194866036560219058E+00
        11         3         3   -0.82039296711672826667E+00
        11         3         4   -0.10387345486116654758E+01
        11         3         5   -0.15497407899185347002E+01
        11         4         2   -0.41497516851569526963E+00
        11         4         3   -0.48824163359887046143E+00
        11         4         4   -0.91026362234391600126E+00
        11         4         5   -0.90713049765149411652E+00
        11         5         2   -0.32396162122745167378E-01
        11         5         3   -0.43298436064460252282E-01
        11         5         4   -0.16002941253313957004E+00
        11         5         5   -0.21782736617121320477E+00
        12         2         2   -0.19509943410256591623E+00
        12         2         3   -0.16019475564514790156E+00
        12         2         4   -0.11881818058334753241E+00
        12         2         5   -0.19955190554475080167E+00
        12         3         2   -0.89828731907015701985E+00
        12         3         3   -0.87330960481360320191E+00
        12         3         4   -0.57080410884872079258E+00
        12         3         5   -0.83208062522398373861E+00
        12         4         2   -0.47439946661484344581E+00
        12         4         3   -0.56328489777196222299E+00
        12         4         4   -0.83371262588960637352E+00
        12         4         5   -0.67852369603412732157E+00
        12         5         2   -0.75927335315320046427E-01
        12         5         3   -0.12204563656355038592E+00
        12         5         4   -0.16767737663229564937E+00
        12         5         5   -0.11603824246822981581E+00
        13         2         2   -0.12100416371845697239E+00
        13         2         3   -0.21942498083270928211E+00
        13         2         4   -0.65655088205107639543E-01
        13         2         5   -0.19751178181733081152E+00
        13         3         2   -0.61824451477270514488E+00
        13         3         3   -0.11430966379083415951E+01
        13         3         4   -0.73174541396343695254E+00
        13         3         5   -0.92792093544839437946E+00
        13         4         2   -0.56636593612243757434E+00
        13         4         3   -0.56757408688176591571E+00
        13         4         4   -0.46008591114120772625E+00
        13         4         5   -0.50642108674939778634E+00
        13         5         2   -0.90306699180668623117E-01
        13         5         3   -0.71814324016360620018E-01
        13         5         4   -0.62569591673060087622E-01
        13         5         5   -0.86962837397540959650E-01
        14         2         2   -0.65144444228394993157E-01
        14         2         3   -0.13945126243088953877E+00
        14         2         4   -0.78126504694635251491E-01
        14         2         5   -0.45553433047990830873E-01
        14         3         2   -0.86644598299434516520E+00
        14         3         3   -0.72447260098245747084E+00
        14         3         4   -0.82855554351859206363E+00
        14         3         5   -0.69727052277675616310E+00
        14         4         2   -0.68349543624223085825E+00
        14         4         3   -0.10606688620334223661E+01
        14         4         4   -0.72781656036362385453E+00
        14         4         5   -0.43572347787620130388E+00
        14         5         2   -0.49175249744254162509E-01
        14         5         3   -0.16319813427386758997E+00
        14         5         4   -0.53581184377586806022E-01
        14         5         5   -0.61950632819064592460E-01
        15         2         2   -0.86134165313323587942E-01
        15         2         3   -0.58639507888538396074E-01
        15         2         4   -0.36776122270764176336E-01
        15         2         5   -0.30779595829402818866E-02
        15         3         2   -0.91903068962748657444E+00
        15         3         3   -0.57918810814281040944E+00
        15         3         4   -0.56776022326540465102E+00
        15         3         5   -0.48373730732872294302E+00
        15         4         2   -0.72970060820386573042E+00
        15         4         3   -0.89385445152172848804E+00
        15         4         4   -0.11726775099483575104E+01
        15         4         5   -0.94724302654598291351E+00
        15         5         2   -0.68423466467087218357E-01
        15         5         3   -0.12335662005195736912E+00
        15         5         4   -0.22423115580707819738E+00
        15         5         5   -0.17854996112629439864E+00
        16         2         2   -0.56636462962093979401E-01
        16         2         3   -0.11218421676272928578E+00
        16         2         4   -0.14335911607406848223E+00
        16         2         5   -0.80835066042225595107E-01
        16         3         2   -0.57361994712452013534E+00
        16         3         3   -0.95945244107468685701E+00
        16         3         4   -0.86148768150947785394E+00
        16         3         5   -0.29804273427042410338E+00
        16         4         2   -0.57587129096773093107E+00
        16         4         3   -0.71411280517518638256E+00
        16         4         4   -0.81528669300992595570E+00
        16         4         5   -0.48222380163316896917E+00
        16         5         2   -0.25956430078517559595E-01
        16         5         3   -0.19279154857843157356E-01
        16         5         4   -0.14175903309306947531E+00
        16         5         5   -0.80021787758647003330E-01
        17         2         2   -0.43045896687644011336E-01
        17         2         3   -0.94184919284825599495E-01
        17         2         4   -0.18518082417744052837E+00
        17         2         5   -0.10889393997693633254E+00
        17         3         2   -0.74556386739010915843E+00
        17         3         3   -0.11026424547760829142E+01
        17         3         4   -0.87940277232429553411E+00
        17         3         5   -0.49610773780246203435E+00
        17         4         2   -0.94229017417922256161E+00
        17         4         3   -0.90118903599253041836E+00
        17         4         4   -0.80723203651956820792E+00
        17         4         5   -0.10298631064124745826E+01
        17         5         2   -0.42159083113498738160E-01
        17         5         3   -0.57727196900277610858E-01
        17         5         4   -0.11098209676218738495E+00
        17         5         5   -0.19164189637072875927E+00
        18         2         2   -0.46781324001846603597E-02
        18         2         3   -0.63950903877998357960E-01
        18         2         4   -0.10191639107863856295E+00
        18         2         5   -0.26540921841884106136E-01
        18         3         2   -0.97895808219763091884E+00
        18         3         3   -0.86695378791279409381E+00
        18         3         4   -0.10751667109186253679E+01
        18         3         5   -0.56002258831204976275E+00
        18         4         2   -0.95988791972838083399E+00
        18         4         3   -0.10564395102430104156E+01
        18         4         4   -0.10557502121658532968E+01
        18         4         5   -0.71307116580553053797E+00
        18         5         2   -0.12876046709647279154E+00
        18         5         3   -0.16167367125167805830E+00
        18         5         4   -0.12357515264808018041E+00
        18         5         5   -0.88826287626326688729E-01
        19         2         2   -0.45189661204176702347E-01
        19         2         3   -0.15931131732603287521E+00
        19         2         4   -0.48989207996987915728E-01
        19         2         5   -0.11788626692456730116E+00
        19         3         2   -0.11706169737328184777E+01
        19         3         3   -0.70266762802212767713E+00
        19         3         4   -0.68784628314695150930E+00
        19         3         5   -0.79635156309572929789E+00
        19         4         2   -0.97553366779894268301E+00
        19         4         3   -0.56798335630554841469E+00
        19         4         4   -0.69585820379660490165E+00
        19         4         5   -0.73065701290451334771E+00
        19         5         2   -0.61607319883759788237E-01
        19         5         3   -0.13215894787969043045E+00
        19         5         4   -0.51492914538900369514E-01
        19         5         5   -0.54430957158445453237E-01
        20         2         2   -0.18116888611720091684E+00
        20         2         3   -0.15328522947790548803E+00
        20         2         4   -0.80678303209678781105E-01
        20         2         5   -0.20172496065133432852E+00
        20         3         2   -0.82454437857142903745E+00
        20         3         3   -0.69793918049830805383E+00
        20         3         4   -0.62587461888133988364E+00
        20         3         5   -0.95340309847421256251E+00
        20         4         2   -0.58626206411261094775E+00
        20         4         3   -0.84097685657609178023E+00
        20         4         4   -0.47512030198919108503E+00
        20         4         5   -0.69628265849322712455E+00
        20         5         2   -0.60621493031273419871E-01
        20         5         3   -0.11647958180400695694E+00
        20         5         4   -0.26316905981880644311E-01
        20         5         5   -0.55828102814060677483E-01
        21         2         2   -0.38076339469441783381E+00
        21         2         3   -0.16208581338139152472E+00
        21         2         4   -0.10696061947512966461E+00
        21         2         5   -0.82230383668686027332E-01
        21         3         2   -0.12735793239395054588E+01
        21         3         3   -0.10176637562544581517E+01
        21         3         4   -0.11997457222449265934E+01
        21         3         5   -0.10391399590768035655E+01
        21         4         2   -0.95536357876663802191E+00
        21         4         3   -0.78829767649826121279E+00
        21         4         4   -0.82897111880665019790E+00
        21         4         5   -0.10642201797525097096E+01
        21         5         2   -0.11979045547470466848E+00
        21         5         3   -0.83250331491442716714E-01
        21         5         4   -0.16186753040447771079E+00
        21         5         5   -0.13185701034688607214E+00
        22         2         2   -0.98196024002695780908E-01
        22         2         3   -0.10776303825854693930E+00
        22         2         4   -0.70204722035289851556E-01
        22         2         5   -0.38193602370552207081E-01
        22         3         2   -0.85890944050397888265E+00
        22         3         3   -0.88460430177653748274E+00
        22         3         4   -0.11470247396881649848E+01
        22         3         5   -0.79643009303441425484E+00
        22         4         2   -0.12731479262225173787E+01
        22         4         3   -0.87167315789036292628E+00
        22         4         4   -0.11998618803146303691E+01
        22         4         5   -0.14116152177534349033E+01
        22         5         2   -0.16684087130982289127E+00
        22         5         3   -0.75522757870888537757E-01
        22         5         4   -0.23540061252925512103E+00
        22         5         5   -0.29591568128172812679E+00
        23         2         2   -0.16191342329791108545E+00
        23         2         3   -0.32850255334198008583E+00
        23         2         4   -0.50342792097105730498E-01
        23         2         5   -0.43173770060864750941E-01
        23         3         2   -0.94110769086753665036E+00
        23         3         3   -0.15393474479031821200E+01
        23         3         4   -0.75058412476453040263E+00
        23         3         5   -0.79387332621823625267E+00
        23         4         2   -0.39600797528209813470E+00
        23         4         3   -0.10340064879075552273E+01
        23         4         4   -0.12012837760454457836E+01
        23         4         5   -0.10778688149880544245E+01
        23         5         2   -0.25268861742690863770E-01
        23         5         3   -0.97968014600427116845E-01
        23         5         4   -0.15117443935939575694E+00
        23         5         5   -0.18896847200819125168E+00
        24         2         2   -0.17286942909701966120E+00
        24         2         3   -0.16855848672059245419E+00
        24         2         4   -0.73618004660984989740E-01
        24         2         5   -0.14103952676370226649E+00
        24         3         2   -0.89902037962612235678E+00
        24         3         3   -0.87537458171937521101E+00
        24         3         4   -0.46927578749784654155E+00
        24         3         5   -0.40124841007228850831E+00
        24         4         2   -0.40443836055778259464E+00
        24         4         3   -0.52416429359175087388E+00
        24         4         4   -0.12451169864031106371E+01
        24         4         5   -0.88131301579312137928E+00
        24         5         2   -0.17795274229607700722E-01
        24         5         3   -0.15374078465660266646E-01
        24         5         4   -0.16180844885799394728E+00
        24         5         5   -0.17613920018639891985E+00
        25         2         2   -0.55947138705529544933E-01
        25         2         3   -0.55439219767796234228E-01
        25         2         4   -0.15943829757239438849E+00
        25         2         5   -0.10784383894398517911E+00
        25         3         2   -0.60928602608990156675E+00
        25         3         3   -0.57732372201747428342E+00
        25         3         4   -0.10408482908555394264E+01
        25         3         5   -0.62782231932980636646E+00
        25         4         2   -0.91271989679462328660E+00
        25         4         3   -0.98670566902519984964E+00
        25         4         4   -0.95555937803546253662E+00
        25         4         5   -0.63164025389587907799E+00
        25         5         2   -0.93044946779688386673E-01
        25         5         3   -0.78210752699302055202E-01
        25         5         4   -0.65464824012798572550E-01
        25         5         5   -0.67012895761916144166E-01
        26         2         2   -0.21668938448154796694E-01
        26         2         3   -0.10195389491894762957E+00
        26         2         4   -0.10869020032650975049E+00
        26         2         5   -0.93244818173330995537E-01
        26         3         2   -0.60676761484168728611E+00
        26         3         3   -0.75685190254605472227E+00
        26         3         4   -0.81680902653833786786E+00
        26         3         5   -0.51959217859556527941E+00
        26         4         2   -0.47709385252579294967E+00
        26         4         3   -0.10943676465049234636E+01
        26         4         4   -0.96526142574526452300E+00
        26         4         5   -0.47267758778108759365E+00
        26         5         2   -0.85173770547549293441E-01
        26         5         3   -0.14208144181776810600E+00
        26         5         4   -0.18634291446539705261E+00
        26         5         5   -0.67227932495825593051E-01
        27         2         2   -0.13155886445871722845E+00
        27         2         3   -0.28260895095153198975E+00
        27         2         4   -0.13717084498541737281E+00
        27         2         5   -0.11743000047894933124E+00
        27         3         2   -0.95860448761833982889E+00
        27         3         3   -0.98381014178232639722E+00
        27         3         4   -0.12615596731052642898E+01
        27         3         5   -0.45701048506161995322E+00
        27         4         2   -0.66974208058787532138E+00
        27         4         3   -0.11904192181529451577E+01
        27         4         4   -0.11417353736532493969E+01
        27         4         5   -0.27091358864068415535E+00
        27         5         2   -0.43246919446002993204E-01
        27         5         3   -0.20618138928032980761E+00
        27         5         4   -0.96317815200883227789E-01
        27         5         5   -0.16950722761410800393E-01
        28         2         2   -0.61805959517362327182E-01
        28         2         3   -0.89658418703904618763E-01
        28         2         4   -0.12785408345958490517E+00
        28         2         5   -0.69089529776204458567E-01
        28         3         2   -0.61669196397844217028E+00
        28         3         3   -0.10042299371816658660E+01
        28         3         4   -0.11229882864106446316E+01
        28         3         5   -0.54817615794747776015E+00
        28         4         2   -0.82993050152745684311E+00
        28         4         3   -0.87015398927119214090E+00
        28         4         4   -0.86829620879919866550E+00
        28         4         5   -0.59949096745387220331E+00
        28         5         2   -0.15517818467157593054E+00
        28         5         3   -0.16164119876065574655E+00
        28         5         4   -0.87568866557063099187E-01
        28         5         5   -0.39612366289406071573E-01
        29         2         2   -0.15722081698102338687E+00
        29         2         3   -0.14979483126334547372E+00
        29         2         4   -0.16859595287059797597E+00
        29         2         5   -0.42282208730911208239E-01
        29         3         2   -0.10248598120680945112E+01
        29         3         3   -0.10686161747902929164E+01
        29         3         4   -0.80220098573621612115E+00
        29         3         5   -0.51280258109069587480E+00
        29         4         2   -0.80493776416007212227E+00
        29         4         3   -0.59615284583958350062E+00
        29         4         4   -0.92426808748161592977E+00
        29         4         5   -0.70369481976667913603E+00
        29         5         2   -0.31580787254496076044E-01
        29         5         3   -0.49570048727169128966E-01
        29         5         4   -0.13413082901920092560E+00
        29         5         5   -0.12569192773855003553E+00
        30         2         2   -0.17475258804504167909E+00
        30         2         3   -0.34730599431971265201E-01
        30         2         4   -0.10166489099130031348E+00
        30         2         5   -0.11358167489572139341E+00
        30         3         2   -0.76346589659608743439E+00
        30         3         3   -0.10664576559845493353E+01
        30         3         4   -0.80649922454368705438E+00
        30         3         5   -0.94097338555988763176E+00
        30         4         2   -0.53390993294863131613E+00
        30         4         3   -0.78822683118652592249E+00
        30         4         4   -0.10815769407825204240E+01
        30         4         5   -0.75686500448891358417E+00
        30         5         2   -0.35501466193200700849E-01
        30         5         3   -0.75283303394677938969E-01
        30         5         4   -0.13207130994260962709E+00
        30         5         5   -0.10038877008932746426E+00
        31         2         2   -0.79008148333217703696E-01
        31         2         3   -0.43518721721674161196E-01
        31         2         4   -0.66065490134689985879E-01
        31         2         5   -0.50258834389099428519E-01
        31         3         2   -0.47085408516635141041E+00
        31         3         3   -0.83848769928904609561E+00
        31         3         4   -0.68646716745571845220E+00
        31         3         5   -0.41267988149315593116E+00
        31         4         2   -0.73705209598079235445E+00
        31         4         3   -0.76679898490802544941E+00
        31         4         4   -0.95216437792722197209E+00
        31         4         5   -0.88389790192781259037E+00
        31         5         2   -0.14375628355341846243E+00
        31         5         3   -0.14934182235487955537E+00
        31         5         4   -0.72895513576149068014E-01
        31         5         5   -0.11910921193811034591E+00
        32         2         2   -0.88462186392460007145E-01
        32         2         3   -0.17488548476693577260E+00
        32         2         4   -0.17656181997280370743E+00
        32         2         5   -0.13172936841679078190E+00
        32         3         2   -0.65782539703457887370E+00
        32         3         3   -0.94639500785021324347E+00
        32         3         4   -0.93133748365691115811E+00
        32         3         5   -0.61663726008400510104E+00
        32         4         2   -0.55673602625114670950E+00
        32         4         3   -0.50866539561537460479E+00
        32         4         4   -0.12429086350016129714E+01
        32         4         5   -0.86049485624337740397E+00
        32         5         2   -0.82526094745152725474E-01
        32         5         3   -0.86578315533871935683E-01
        32         5         4   -0.24467319277526103360E+00
        32         5         5   -0.16968365597045362292E+00
        33         2         2   -0.16582361487967253733E+00
        33         2         3   -0.98526213464730325042E-01
        33         2         4   -0.10092626215703069670E+00
        33         2         5   -0.55095786177714684007E-01
        33         3         2   -0.14681103596259892363E+01
        33         3         3   -0.10037667147239055510E+01
        33         3         4   -0.76015663911955322352E+00
        33         3         5   -0.60064507776027731278E+00
        33         4         2   -0.68495903191302098811E+00
        33         4         3   -0.11410034071142922674E+01
        33         4         4   -0.12116773556536304390E+01
        33         4         5   -0.10032651581130889173E+01
        33         5         2   -0.77792001744595523638E-01
        33         5         3   -0.11719592814745646847E+00
        33         5         4   -0.23835447050992869533E+00
        33         5         5   -0.26785881849864895399E+00
        34         2         2   -0.20400175320300623083E+00
        34         2         3   -0.81510900745171990800E-01
        34         2         4   -0.36560966996385717287E-01
        34         2         5   -0.19497978611816176725E-01
        34         3         2   -0.11911124437440061552E+01
        34         3         3   -0.61310799847916075400E+00
        34         3         4   -0.27852638967118714675E+00
        34         3         5   -0.58786171265898701233E+00
        34         4         2   -0.89098546415307511293E+00
        34         4         3   -0.11714637456603693710E+01
        34         4         4   -0.76394602429003977129E+00
        34         4         5   -0.65259309487500982705E+00
        34         5         2   -0.16681555266295455819E+00
        34         5         3   -0.16538133395233656220E+00
        34         5         4   -0.14181481396248660221E+00
        34         5         5   -0.14276175618184336336E+00
        35         2         2   -0.51006268962723103066E-01
        35         2         3   -0.13523941945091325079E+00
        35         2         4   -0.61708177365044948604E-01
        35         2         5   -0.15558663270018338598E+00
        35         3         2   -0.52976257459747222445E+00
        35         3         3   -0.50562054440464321292E+00
        35         3         4   -0.43604233154708949005E+00
        35         3         5   -0.69113615083482249357E+00
        35         4         2   -0.46825342224195765084E+00
        35         4         3   -0.58120289247697176638E+00
        35         4         4   -0.91516171798834233808E+00
        35         4         5   -0.89540758600696801484E+00
        35         5         2   -0.97625501987812959848E-01
        35         5         3   -0.15119971827909520212E+00
        35         5         4   -0.18999110630197546534E+00
        35         5         5   -0.20031983468961878092E+00
        36         2         2   -0.12878711047228886752E-01
        36         2         3   -0.71243087844074626247E-01
        36         2         4   -0.22700412470418943056E-01
        36         2         5   -0.91445475422079744443E-01
        36         3         2   -0.52438149934363187388E+00
        36         3         3   -0.64245053791164574708E+00
        36         3         4   -0.77311049265155418198E+00
        36         3         5   -0.88231260148582468794E+00
        36         4         2   -0.76901066195683565052E+00
        36         4         3   -0.74608991573131200337E+00
        36         4         4   -0.81888190813407513158E+00
        36         4         5   -0.75934509590332754936E+00
        36         5         2   -0.75437384641838481358E-01
        36         5         3   -0.10032319897965508160E+00
        36         5         4   -0.13077100609817815524E+00
        36         5         5   -0.14461486369639955929E+00
        37         2         2   -0.46355412699369477614E-01
        37         2         3   -0.10099499291622021646E+00
        37         2         4   -0.26942795067341464288E-01
        37         2         5   -0.31887906851982165957E-01
        37         3         2   -0.11818620450512178355E+01
        37         3         3   -0.96058109448142614539E+00
        37         3         4   -0.83141653472359722254E+00
        37         3         5   -0.87947637620308560802E+00
        37         4         2   -0.86381968763640593068E+00
        37         4         3   -0.62964203795887507820E+00
        37         4         4   -0.11509003664962664804E+01
        37         4         5   -0.97166761926569178431E+00
        37         5         2   -0.42001614352427940613E-01
        37         5         3   -0.96481400079050053109E-01
        37         5         4   -0.19437342536608262500E+00
        37         5         5   -0.13292664869473183598E+00
        38         2         2   -0.77131196560089612668E-01
        38         2         3   -0.27371507591997253084E-01
        38         2         4   -0.10448466735219254231E+00
        38         2         5   -0.91953992094449113481E-01
        38         3         2   -0.82752555912365177715E+00
        38         3         3   -0.58985209902736523979E+00
        38         3         4   -0.76754551337612508810E+00
        38         3         5   -0.95395395823662654244E+00
        38         4         2   -0.73970619920684477222E+00
        38         4         3   -0.63864253897800016269E+00
        38         4         4   -0.12249426741699160903E+01
        38         4         5   -0.55744451497916758242E+00
        38         5         2   -0.74051779949413920612E-01
        38         5         3   -0.63577294494114700019E-01
        38         5         4   -0.14541370382890253521E+00
        38         5         5   -0.67846750298778624177E-01
        39         2         2   -0.20362609548099888657E-01
        39         2         3   -0.76676193603363335116E-01
        39         2         4   -0.91001199800190418765E-01
        39         2         5   -0.10918090768648008870E+00
        39         3         2   -0.60874279471714964895E+00
        39         3         3   -0.71448542687490201875E+00
        39         3         4   -0.11081252190865351626E+01
        39         3         5   -0.66476904777055234597E+00
        39         4         2   -0.81561659244849460393E+00
        39         4         3   -0.98393393238721571503E+00
        39         4         4   -0.11836021474743787518E+01
        39         4         5   -0.86969397784937507723E+00
        39         5         2   -0.86576232776002848279E-01
        39         5         3   -0.14564548370240151809E+00
        39         5         4   -0.17604184986351867348E+00
        39         5         5   -0.19070378916904978661E+00
        40         2         2   -0.64811931693032093227E-01
        40         2         3   -0.98711574804801777150E-01
        40         2         4   -0.14748781007405670218E+00
        40         2         5   -0.30601073856408667062E+00
        40         3         2   -0.90600197366406998167E+00
        40         3         3   -0.14830891750804642282E+01
        40         3         4   -0.10059449340845205700E+01
        40         3         5   -0.95884703831807760466E+00
        40         4         2   -0.85618890101083611199E+00
        40         4         3   -0.12132665219412097635E+01
        40         4         4   -0.95521194378515816847E+00
        40         4         5   -0.68475345762259398619E+00
        40         5         2   -0.80725949203267269305E-01
        40         5         3   -0.79819921894476647539E-01
        40         5         4   -0.14619933288396150250E+00
        40         5         5   -0.52149681781144339998E-01
        41         2         2   -0.41907498770096876517E-01
        41         2         3   -0.47630112039934190127E-01
        41         2         4   -0.14358889781441860900E+00
        41         2         5   -0.13102144434484255808E+00
        41         3         2   -0.64963567730912585851E+00
        41         3         3   -0.10072259543971082696E+01
        41         3         4   -0.10561522512027639031E+01
        41         3         5   -0.88039281565493110460E+00
        41         4         2   -0.62687429303669417457E+00
        41         4         3   -0.94325583445607785738E+00
        41         4         4   -0.11299966324772183768E+01
        41         4         5   -0.10403150502164839608E+01
        41         5         2   -0.51671248162398285275E-01
        41         5         3   -0.35481644058255247531E-01
        41         5         4   -0.10025685356455873998E+00
        41         5         5   -0.88347806984123464225E-01
        42         2         2   -0.24843711996403017306E+00
        42         2         3   -0.19197473238607823398E+00
        42         2         4   -0.12857333468940665422E+00
        42         2         5   -0.40508881288446291213E-01
        42         3         2   -0.90234394403517137473E+00
        42         3         3   -0.90307186485679813437E+00
        42         3         4   -0.81682779758388401881E+00
        42         3         5   -0.73575057068922844472E+00
        42         4         2   -0.39762392240180194358E+00
        42         4         3   -0.68731390084630272774E+00
        42         4         4   -0.11058983685750474191E+01
        42         4         5   -0.75406851529006480028E+00
        42         5         2   -0.81588615195142780157E-01
        42         5         3   -0.18619607284503895961E-01
        42         5         4   -0.22021619854840379649E+00
        42         5         5   -0.12230735018060315267E+00
        43         2         2   -0.17529340615117589008E+00
        43         2         3   -0.18331860682280351482E+00
        43         2         4   -0.12973228818960583220E+00
        43         2         5   -0.95282212415475797673E-01
        43         3         2   -0.86179287848238306236E+00
        43         3         3   -0.10242637497664055513E+01
        43         3         4   -0.96588680287250983092E+00
        43         3         5   -0.72837321067701499278E+00
        43         4         2   -0.95238199755709163075E+00
        43         4         3   -0.91151426934612977959E+00
        43         4         4   -0.83006407308280072410E+00
        43         4         5   -0.91099214490033042502E+00
        43         5         2   -0.18192571861630607577E+00
        43         5         3   -0.11300525231193944697E+00
        43         5         4   -0.75820851903561192753E-01
        43         5         5   -0.98505889114610223345E-01
        44         2         2   -0.12153051806165722504E+00
        44         2         3   -0.10804087505130430258E+00
        44         2         4   -0.12151552977568755298E+00
        44         2         5   -0.20792126596159049567E+00
        44         3         2   -0.51018260904349621576E+00
        44         3         3   -0.10082687820038835902E+01
        44         3         4   -0.90068712029942288311E+00
        44         3         5   -0.95455133424496885208E+00
        44         4         2   -0.71696974683898240244E+00
        44         4         3   -0.14142475116504922283E+01
        44         4         4   -0.58656303858538638707E+00
        44         4         5   -0.61969454963528203262E+00
        44         5         2   -0.16496268086413637399E+00
        44         5         3   -0.11985531680214268901E+00
        44         5         4   -0.53120081425986495627E-01
        44         5         5   -0.16434945166536965577E+00
        45         2         2   -0.79978122048407651601E-01
        45         2         3   -0.10191479745916748323E+00
        45         2         4   -0.32688292198245497144E-01
        45         2         5   -0.67377210952523081122E-01
        45         3         2   -0.73318193426545208435E+00
        45         3         3   -0.81238238320454914110E+00
        45         3         4   -0.49241845503288467212E+00
        45         3         5   -0.48413856818045591934E+00
        45         4         2   -0.47586758872897266803E+00
        45         4         3   -0.10255587322160015784E+01
        45         4         4   -0.56813241572114014932E+00
        45         4         5   -0.73442535463841851495E+00
        45         5         2   -0.82789806868672558005E-01
        45         5         3   -0.55804662548183288362E-01
        45         5         4   -0.11529109177496055239E-01
        45         5         5   -0.11938663270569917219E+00
        46         2         2   -0.20303938913217328688E+00
        46         2         3   -0.83215501149270676429E-01
        46         2         4   -0.12523902011083090646E+00
        46         2         5   -0.85848179805099317230E-01
        46         3         2   -0.63039394703494444627E+00
        46         3         3   -0.63949198752937963519E+00
        46         3         4   -0.61908586921215591481E+00
        46         3         5   -0.44985092937237125543E+00
        46         4         2   -0.54486908923601740096E+00
        46         4         3   -0.80728765847166539249E+00
        46         4         4   -0.92745447360319455132E+00
        46         4         5   -0.66263800131169259267E+00
        46         5         2   -0.73765769983860321468E-01
        46         5         3   -0.15451342447886887155E+00
        46         5         4   -0.14402943453536998231E+00
        46         5         5   -0.15386947594102959314E+00
        47         2         2   -0.21290362700250037298E+00
        47         2         3   -0.48310710426617331503E-01
        47         2         4   -0.10123520656312391675E+00
        47         2         5   -0.61238710495468674788E-01
        47         3         2   -0.13419116178231285108E+01
        47         3         3   -0.89063632230842559867E+00
        47         3         4   -0.67014487368486552743E+00
        47         3         5   -0.59216686848087196626E+00
        47         4         2   -0.83438713684968002227E+00
        47         4         3   -0.11277470191467902083E+01
        47         4         4   -0.41705592359362758659E+00
        47         4         5   -0.36189905576833625300E+00
        47         5         2   -0.61208953976601976343E-01
        47         5         3   -0.20184872451607757671E+00
        47         5         4   -0.11046528102655989168E+00
        47         5         5   -0.50718734605524368186E-01
        48         2         2   -0.24063427383111640756E+00
        48         2         3   -0.10778635200024282159E+00
        48         2         4   -0.23894949394658623887E+00
        48         2         5   -0.90210292971731886880E-01
        48         3         2   -0.12348308671570906725E+01
        48         3         3   -0.64007832825760169193E+00
        48         3         4   -0.92949167436121360453E+00
        48         3         5   -0.76116413420231820997E+00
        48         4         2   -0.88714789532313520493E+00
        48         4         3   -0.64323352503980302242E+00
        48         4         4   -0.51161583330632343092E+00
        48         4         5   -0.98571325561626754741E+00
        48         5         2   -0.95522406111137617146E-01
        48         5         3   -0.11917462925091697190E+00
        48         5         4   -0.95166931071263144437E-01
        48         5         5   -0.17772892096928741279E+00
        49         2         2   -0.12723135212441669117E+00
        49         2         3   -0.55175555878269395838E-01
        49         2         4   -0.14026460603963136764E+00
        49         2         5   -0.61208948999573326022E-01
        49         3         2   -0.89775301689816444650E+00
        49         3         3   -0.75066083020831053663E+00
        49         3         4   -0.64764471900733788789E+00
        49         3         5   -0.69177428843365684763E+00
        49         4         2   -0.10800823052384869172E+01
        49         4         3   -0.11210534030007546225E+01
        49         4         4   -0.87517763764064349097E+00
        49         4         5   -0.11218830343837054020E+01
        49         5         2   -0.80717868703384376694E-01
        49         5         3   -0.11780451147082757202E+00
        49         5         4   -0.13502700351288748903E+00
        49         5         5   -0.19559701694225425928E+00
        50         2         2   -0.73402635463598944754E-01
        50         2         3   -0.15749141441459102442E+00
        50         2         4   -0.13145500286474662288E+00
        50         2         5   -0.14806288844122076839E-01
        50         3         2   -0.85544231109473212182E+00
        50         3         3   -0.12445453891998639051E+01
        50         3         4   -0.79461818641927062234E+00
        50         3         5   -0.57407252843950529186E+00
        50         4         2   -0.68282204504342880469E+00
        50         4         3   -0.72341316329774529859E+00
        50         4         4   -0.48044939352315690906E+00
        50         4         5   -0.60949447425030456316E+00
        50         5         2   -0.24387618899503180070E-01
        50         5         3   -0.18059284461849074710E-01
        50         5         4   -0.33707118997840131158E-01
        50         5         5   -0.16715521633030830384E+00
        51         2         2   -0.43422365424782727317E-01
        51         2         3   -0.11518628021263561945E+00
        51         2         4   -0.17815287073704916265E+00
        51         2         5   -0.70327178417525268439E-01
        51         3         2   -0.53822222070164182917E+00
        51         3         3   -0.10109133475156582005E+01
        51         3         4   -0.11598855475069678178E+01
        51         3         5   -0.63020239861377669310E+00
        51         4         2   -0.58125560192304837059E+00
        51         4         3   -0.74386734057727177394E+00
        51         4         4   -0.66480667831340978235E+00
        51         4         5   -0.77784509086191244709E+00
        51         5         2   -0.64499894405470922787E-01
        51         5         3   -0.74125625756035332103E-01
        51         5         4   -0.14768594339077054101E+00
        51         5         5   -0.26739516786987860275E+00
        52         2         2   -0.75077135891968904691E-01
        52         2         3   -0.16544429408369948353E+00
        52         2         4   -0.16854361914725807248E+00
        52         2         5   -0.16409062853192984965E+00
        52         3         2   -0.81332613062614422805E+00
        52         3         3   -0.10431608953393478600E+01
        52         3         4   -0.87705964800977886942E+00
        52         3         5   -0.89065859884161169280E+00
        52         4         2   -0.56689792331275501436E+00
        52         4         3   -0.88973342983943637385E+00
        52         4         4   -0.75650236287924754741E+00
        52         4         5   -0.78820153456628427868E+00
        52         5         2   -0.12960048473201182806E+00
        52         5         3   -0.50834213353314387784E-01
        52         5         4   -0.10741699089393531852E+00
        52         5         5   -0.23024395173197481634E+00
        53         2         2   -0.82345752903765390140E-01
        53         2         3   -0.22231711812554183494E+00
        53         2         4   -0.19229421285155637311E+00
        53         2         5   -0.84539737218011862252E-01
        53         3         2   -0.75250878640803020581E+00
        53         3         3   -0.10822327235380071464E+01
        53         3         4   -0.73162086932871661649E+00
        53         3         5   -0.63282605099098432344E+00
        53         4         2   -0.85153555003109071553E+00
        53         4         3   -0.86790803115522541233E+00
        53         4         4   -0.60040420833773444631E+00
        53         4         5   -0.41399355492482026175E+00
        53         5         2   -0.14178535408276629615E+00
        53         5         3   -0.12731793487679010646E+00
        53         5         4   -0.29664399686320092053E-01
        53         5         5   -0.10741020643835935688E+00
        54         2         2   -0.29493507274846619826E-01
        54         2         3   -0.77226586784219786175E-01
        54         2         4   -0.70759826171400641570E-01
        54         2         5   -0.66428650195337252127E-01
        54         3         2   -0.50097837247870058430E+00
        54         3         3   -0.75613977555174682887E+00
        54         3         4   -0.12918322020713235432E+01
        54         3         5   -0.60608891895439886977E+00
        54         4         2   -0.67786471194150299535E+00
        54         4         3   -0.58693564060898928414E+00
        54         4         4   -0.79783814234353522821E+00
        54         4         5   -0.50544597074793173874E+00
        54         5         2   -0.75377638256971274400E-01
        54         5         3   -0.55606438523791698603E-01
        54         5         4   -0.17447077747337255693E+00
        54         5         5   -0.12201579860758109131E+00
        55         2         2   -0.67331658808287592199E-01
        55         2         3   -0.82509174265263426906E-01
        55         2         4   -0.10305763798415278065E+00
        55         2         5   -0.17065687635163051539E+00
        55         3         2   -0.56273238875529407732E+00
        55         3         3   -0.62490865109488058504E+00
        55         3         4   -0.79324181741630395148E+00
        55         3         5   -0.99041637937253268476E+00
        55         4         2   -0.10222905168187603753E+01
        55         4         3   -0.92262578840830211657E+00
        55         4         4   -0.94792152817704611323E+00
        55         4         5   -0.71386715858002347534E+00
        55         5         2   -0.21034679092210806228E+00
        55         5         3   -0.12785119608160416815E+00
        55         5         4   -0.22690457552046480738E+00
        55         5         5   -0.87111185637549201632E-01
        56         2         2   -0.12539183459332089998E+00
        56         2         3   -0.56767113146096281895E-01
        56         2         4   -0.12824059373237522985E+00
        56         2         5   -0.13386898456824922188E+00
        56         3         2   -0.58084470666081877699E+00
        56         3         3   -0.42535777271709307445E+00
        56         3         4   -0.73843962196606205417E+00
        56         3         5   -0.78993650203272691712E+00
        56         4         2   -0.69918858916850357144E+00
        56         4         3   -0.71259221118027860076E+00
        56         4         4   -0.10494791492454060844E+01
        56         4         5   -0.93722216111217104828E+00
        56         5         2   -0.22483631077522620023E+00
        56         5         3   -0.95657545169125862694E-01
        56         5         4   -0.28787988162271893611E+00
        56         5         5   -0.23599355476058631043E+00
        57         2         2   -0.56352866766689713174E-01
        57         2         3   -0.69240309466958083195E-01
        57         2         4   -0.11344223327776284393E+00
        57         2         5   -0.31065415075983793258E+00
        57         3         2   -0.69293454270530108197E+00
        57         3         3   -0.51621777673471624936E+00
        57         3         4   -0.48839076946333037643E+00
        57         3         5   -0.12116464700160758383E+01
        57         4         2   -0.66695664740975924012E+00
        57         4         3   -0.94785634369143501043E+00
        57         4         4   -0.51980584357481385283E+00
        57         4         5   -0.58336952766637395484E+00
        57         5         2   -0.39058922043243467226E-01
        57         5         3   -0.72081831930526377161E-01
        57         5         4   -0.66741125387318050999E-01
        57         5         5   -0.29611669771001616902E-01
        58         2         2   -0.10965518965330706136E+00
        58         2         3   -0.10906859668199958557E+00
        58         2         4   -0.13047748635358580316E+00
        58         2         5   -0.15555523829313153139E+00
        58         3         2   -0.75253364190314320226E+00
        58         3         3   -0.59740377000882383118E+00
        58         3         4   -0.68245033103993124612E+00
        58         3         5   -0.12878952181321887682E+01
        58         4         2   -0.65057667827292908758E+00
        58         4         3   -0.79189402336168646102E+00
        58         4         4   -0.55765494017403471894E+00
        58         4         5   -0.40040316691870431187E+00
        58         5         2   -0.30622622408977340225E-01
        58         5         3   -0.15110219491694343308E+00
        58         5         4   -0.84245164772906847017E-01
        58         5         5   -0.16825948660182270256E-01
        59         2         2   -0.44410455937228823786E-01
        59         2         3   -0.31857102962056481343E-01
        59         2         4   -0.16701866172968912738E+00
        59         2         5   -0.60171767222700622835E-01
        59         3         2   -0.42068067665017894186E+00
        59         3         3   -0.52188658426480249997E+00
        59         3         4   -0.86575856499795822430E+00
        59         3         5   -0.85310191728811912704E+00
        59         4         2   -0.49306551156826095017E+00
        59         4         3   -0.67073822342610700531E+00
        59         4         4   -0.51220574598233059582E+00
        59         4         5   -0.45589265249305932493E+00
        59         5         2   -0.11287997190119289370E+00
        59         5         3   -0.56520860310653453507E-01
        59         5         4   -0.12160896885171242066E+00
        59         5         5   -0.47749712735237509476E-01
        60         2         2   -0.55449770437425452418E-01
        60         2         3   -0.12213868919287848569E+00
        60         2         4   -0.20976918997084290086E+00
        60         2         5   -0.22548610739743546461E+00
        60         3         2   -0.45025572666997815130E+00
        60         3         3   -0.69313036723703413955E+00
        60         3         4   -0.12975733612938147310E+01
        60         3         5   -0.99166835202989833675E+00
        60         4         2   -0.76392429271248840639E+00
        60         4         3   -0.42897945307501339496E+00
        60         4         4   -0.11323270877343392105E+01
        60         4         5   -0.82884236038455871842E+00
        60         5         2   -0.11039887422983243881E+00
        60         5         3   -0.15432739776895803771E-01
        60         5         4   -0.11943731032770744938E+00
        60         5         5   -0.49585998336966870259E-01
        61         2         2   -0.13264258509485557513E+00
        61         2         3   -0.13683493927349510422E+00
        61         2         4   -0.60724940285689948949E-01
        61         2         5   -0.12033985245831556321E+00
        61         3         2   -0.72493302176014862148E+00
        61         3         3   -0.85847151065326376962E+00
        61         3         4   -0.72360518064700052321E+00
        61         3         5   -0.83015012072347560412E+00
        61         4         2   -0.37143256096689220014E+00
        61         4         3   -0.56933964715071216922E+00
        61         4         4   -0.11190078646856120859E+01
        61         4         5   -0.65901117503793216201E+00
        61         5         2   -0.14810614454103056964E-01
        61         5         3   -0.98730043184778182308E-02
        61         5         4   -0.15526687849730949620E+00
        61         5         5   -0.63888609749591165898E-01
        62         2         2   -0.76315642732509514357E-01
        62         2         3   -0.69918062694234492382E-01
        62         2         4   -0.95764991568522209175E-01
        62         2         5   -0.19908710364354753608E+00
        62         3         2   -0.78751784023594073592E+00
        62         3         3   -0.78496883307232201421E+00
        62         3         4   -0.58039849075749916363E+00
        62         3         5   -0.12108496845610483561E+01
        62         4         2   -0.48650873407838274298E+00
        62         4         3   -0.77326346599992890063E+00
        62         4         4   -0.68576025615751234898E+00
        62         4         5   -0.81838437027707289229E+00
        62         5         2   -0.64592211886483952288E-01
        62         5         3   -0.16333076050823658321E+00
        62         5         4   -0.15400883591292402475E+00
        62         5         5   -0.15358453868731741787E+00
        63         2         2   -0.11784425698023291706E+00
        63         2         3   -0.67764324695538780130E-01
        63         2         4   -0.20783303746889825181E+00
        63         2         5   -0.20194783790540740687E+00
        63         3         2   -0.10100878726459019408E+01
        63         3         3   -0.80101976786935991104E+00
        63         3         4   -0.91696625419368171794E+00
        63         3         5   -0.10330470940467224583E+01
        63         4         2   -0.78457810735146937819E+00
        63         4         3   -0.53744916906533168888E+00
        63         4         4   -0.68640667400103227980E+00
        63         4         5   -0.61347838233743223757E+00
        63         5         2   -0.10400327596080254089E+00
        63         5         3   -0.75274539197115186706E-01
        63         5         4   -0.94314939520567478426E-01
        63         5         5   -0.10211406108255374758E+00
        64         2         2   -0.38162128145098180021E-01
        64         2         3   -0.11761781227247993659E-01
        64         2         4   -0.83143988935308513200E-01
        64         2         5   -0.13413907032053626334E+00
        64         3         2   -0.70697215647982303288E+00
        64         3         3   -0.65299738111811922447E+00
        64         3         4   -0.94764809020452622779E+00
        64         3         5   -0.80033091672102152359E+00
        64         4         2   -0.87338427293332232537E+00
        64         4         3   -0.68810910305970784950E+00
        64         4         4   -0.65502267986388540422E+00
        64         4         5   -0.49714683668663950389E+00
        64         5         2   -0.13873601698840667962E+00
        64         5         3   -0.82218831232482803006E-01
        64         5         4   -0.85077846082119823468E-01
        64         5         5   -0.74948196961072549582E-01
        65         2         2   -0.12154873917395701832E+00
        65         2         3   -0.24906019161204495660E-01
        65         2         4   -0.86922275359883588441E-01
        65         2         5   -0.10188503319895640675E+00
        65         3         2   -0.89648994580542007427E+00
        65         3         3   -0.85159948467346802126E+00
        65         3         4   -0.69391171460859812914E+00
        65         3         5   -0.80349030004930133142E+00
        65         4         2   -0.83082980195468980611E+00
        65         4         3   -0.86448649762896201398E+00
        65         4         4   -0.61458355212866144779E+00
        65         4         5   -0.66257747441392800258E+00
        65         5         2   -0.54833529633333849551E-01
        65         5         3   -0.12352027636672392730E+00
        65         5         4   -0.12966160678013141649E+00
        65         5         5   -0.94854416904751701067E-01
        66         2         2   -0.27253696579866837357E+00
        66         2         3   -0.13143974920819900820E+00
        66         2         4   -0.97937665702652540456E-01
        66         2         5   -0.52630928009320114558E-01
        66         3         2   -0.12080219367434446021E+01
        66         3         3   -0.72527809566145151621E+00
        66         3         4   -0.85856806122731876840E+00
        66         3         5   -0.83712712875001782376E+00
        66         4         2   -0.65028280346928724054E+00
        66         4         3   -0.11446876539857877564E+01
        66         4         4   -0.85230693368626631035E+00
        66         4         5   -0.88917104036613714424E+00
        66         5         2   -0.26008932037739105475E-01
        66         5         3   -0.29838486991478635479E+00
        66         5         4   -0.19567209654215722558E+00
        66         5         5   -0.80179487082986500290E-01
        67         2         2   -0.15797862269651274936E+00
        67         2         3   -0.19454345569462958010E+00
        67         2         4   -0.13503409182262979260E+00
        67         2         5   -0.27154936341962355312E-01
        67         3         2   -0.87965203593793006576E+00
        67         3         3   -0.96814353275517928132E+00
        67         3         4   -0.62424925644893547449E+00
        67         3         5   -0.38440907321565381816E+00
        67         4         2   -0.45846293985750169453E+00
        67         4         3   -0.95242752062344859798E+00
        67         4         4   -0.91967824328753777774E+00
        67         4         5   -0.78812700643605893003E+00
        67         5         2   -0.42414865213133749744E-01
        67         5         3   -0.18000037236120611239E+00
        67         5         4   -0.10112867549336410078E+00
        67         5         5   -0.10614155748672582380E+00
        68         2         2   -0.12529842853461500840E+00
        68         2         3   -0.10871189220801072417E+00
        68         2         4   -0.10194884157860960305E+00
        68         2         5   -0.36395372111147628047E-01
        68         3         2   -0.76898281231053744467E+00
        68         3         3   -0.13817636837385252058E+01
        68         3         4   -0.91336251843669646888E+00
        68         3         5   -0.61456327588012471530E+00
        68         4         2   -0.76378705727265183700E+00
        68         4         3   -0.14186623678837471108E+01
        68         4         4   -0.10879582654720907353E+01
        68         4         5   -0.96053021328084542407E+00
        68         5         2   -0.33770806586323212639E-01
        68         5         3   -0.19472543842289233296E+00
        68         5         4   -0.12427143516741787077E+00
        68         5         5   -0.10052295217533727123E+00
        69         2         2   -0.70695980884495510099E-01
        69         2         3   -0.15407570017786362260E+00
        69         2         4   -0.96258738070567631540E-01
        69         2         5   -0.11417178664069457805E+00
        69         3         2   -0.53297984080409233076E+00
        69         3         3   -0.10565700860340028200E+01
        69         3         4   -0.11853544799967870027E+01
        69         3         5   -0.80751494269206669507E+00
        69         4         2   -0.34802849950388026201E+00
        69         4         3   -0.93236315691369775482E+00
        69         4         4   -0.13708229331709114174E+01
        69         4         5   -0.64901389796082464834E+00
        69         5         2   -0.61312928420495363402E-01
        69         5         3   -0.21200376039707677367E+00
        69         5         4   -0.17401030525799646154E+00
        69         5         5   -0.92152694603619536573E-01
        70         2         2   -0.90820516126994793593E-01
        70         2         3   -0.13474092940133006180E+00
        70         2         4   -0.10051943463063610362E+00
        70         2         5   -0.60319863791912731177E-01
        70         3         2   -0.81505169706480606884E+00
        70         3         3   -0.10712142276016436426E+01
        70         3         4   -0.99750976950218572803E+00
        70         3         5   -0.72123846280543435494E+00
        70         4         2   -0.75289926009417129649E+00
        70         4         3   -0.10324563722692254863E+01
        70         4         4   -0.14103582382945714091E+01
        70         4         5   -0.74093849647668008629E+00
        70         5         2   -0.11097219264760045665E+00
        70         5         3   -0.24351608992380890939E+00
        70         5         4   -0.16359542747713612387E+00
        70         5         5   -0.95222523467787270612E-01
        71         2         2   -0.52013335735952515027E-01
        71         2         3   -0.12086169400688069608E+00
        71         2         4   -0.64588981426336386504E-01
        71         2         5   -0.56377980627632079402E-01
        71         3         2   -0.87469712689553180684E+00
        71         3         3   -0.11996123339008040176E+01
        71         3         4   -0.89718514154904704938E+00
        71         3         5   -0.81115735532300359267E+00
        71         4         2   -0.12132347715301372570E+01
        71         4         3   -0.81005982092039574560E+00
        71         4         4   -0.13950104255854518520E+01
        71         4         5   -0.12002336531409565357E+01
        71         5         2   -0.19159697011323376103E+00
        71         5         3   -0.13314891480364010601E+00
        71         5         4   -0.31075608435216284242E+00
        71         5         5   -0.27023933369577390895E+00
        72         2         2   -0.78190865651250218704E-01
        72         2         3   -0.21344389548239348087E+00
        72         2         4   -0.10170498419678136726E+00
        72         2         5   -0.68232464078516102957E-01
        72         3         2   -0.58794858073087807870E+00
        72         3         3   -0.12012361558295383546E+01
        72         3         4   -0.10271380530793063901E+01
        72         3         5   -0.57260211057195109507E+00
        72         4         2   -0.34763235348146870329E+00
        72         4         3   -0.72589963647076749531E+00
        72         4         4   -0.88670843979730396001E+00
        72         4         5   -0.10155005094503442020E+01
        72         5         2   -0.51968690772320209198E-02
        72         5         3   -0.55613073802936993650E-01
        72         5         4   -0.21611053056474713308E+00
        72         5         5   -0.19863130662739283960E+00
        73         2         2   -0.12584067949723376501E+00
        73         2         3   -0.14352458723119165818E+00
        73         2         4   -0.14044461264490157304E+00
        73         2         5   -0.97955356228481116343E-01
        73         3         2   -0.64475634173552065498E+00
        73         3         3   -0.72833283900304635061E+00
        73         3         4   -0.97498516278201063923E+00
        73         3         5   -0.69342726527389964009E+00
        73         4         2   -0.55081939048565242700E+00
        73         4         3   -0.90916392690581315783E+00
        73         4         4   -0.10307044167442760418E+01
        73         4         5   -0.94341981349635883891E+00
        73         5         2   -0.88273889039995515060E-01
        73         5         3   -0.14072935691674376413E+00
        73         5         4   -0.18051137093207120232E+00
        73         5         5   -0.16402779140231321664E+00
        74         2         2   -0.23351387318669200588E+00
        74         2         3   -0.18191708453140265078E+00
        74         2         4   -0.10055826480519027000E+00
        74         2         5   -0.88795047796598941536E-01
        74         3         2   -0.90485458784215522243E+00
        74         3         3   -0.81248764800339257075E+00
        74         3         4   -0.98221079253998122560E+00
        74         3         5   -0.66725774554865768806E+00
        74         4         2   -0.69221218543011675539E+00
        74         4         3   -0.79827179500349865204E+00
        74         4         4   -0.12301481063364856361E+01
        74         4         5   -0.92292016440227120366E+00
        74         5         2   -0.14214424677615944415E+00
        74         5         3   -0.87237046680039467828E-01
        74         5         4   -0.13164824212839904005E+00
        74         5         5   -0.41591335098832574180E-01
        75         2         2   -0.16246865520040404407E+00
        75         2         3   -0.13699022189265092075E+00
        75         2         4   -0.91035800052616175360E-01
        75         2         5   -0.96180366933548130937E-01
        75         3         2   -0.83662892694397539284E+00
        75         3         3   -0.12434707071483261931E+01
        75         3         4   -0.57563594405618023764E+00
        75         3         5   -0.82606882944080639586E+00
        75         4         2   -0.74190392188114639982E+00
        75         4         3   -0.10825048566598940436E+01
        75         4         4   -0.76261797411419574022E+00
        75         4         5   -0.68548107287337611826E+00
        75         5         2   -0.23699330449221850392E+00
        75         5         3   -0.12982699166117075973E+00
        75         5         4   -0.55564496166627452833E-01
        75         5         5   -0.81793428465987264020E-01
        76         2         2   -0.16004912016278707854E+00
        76         2         3   -0.11565445861314531395E+00
        76         2         4   -0.15533576458848938340E+00
        76         2         5   -0.55091870558462027740E-01
        76         3         2   -0.90836704584756344794E+00
        76         3         3   -0.80842461075505733792E+00
        76         3         4   -0.61427504307784153159E+00
        76         3         5   -0.55952618814965948690E+00
        76         4         2   -0.59912916184480990989E+00
        76         4         3   -0.87744321682930193074E+00
        76         4         4   -0.55487732721366811450E+00
        76         4         5   -0.59983748532111569318E+00
        76         5         2   -0.40502737354454913798E-01
        76         5         3   -0.61435095324115063242E-01
        76         5         4   -0.88344417000555994224E-01
        76         5         5   -0.16370604103368058269E+00
        77         2         2   -0.14777750915444384794E+00
        77         2         3   -0.25137553441225674034E+00
        77         2         4   -0.11650265497047586349E+00
        77         2         5   -0.15365281190493906838E+00
        77         3         2   -0.76285419187355563153E+00
        77         3         3   -0.12615918056781827428E+01
        77         3         4   -0.96217113205454696256E+00
        77         3         5   -0.13204251292167683562E+01
        77         4         2   -0.41849960338430541862E+00
        77         4         3   -0.66676057451352144234E+00
        77         4         4   -0.91807172270945969217E+00
        77         4         5   -0.66646552963630889543E+00
        77         5         2   -0.29502651043567158090E-01
        77         5         3   -0.36416553828130446540E-03
        77         5         4   -0.88716072016855357374E-01
        77         5         5   -0.11766100900085023351E+00
        78         2         2   -0.11854080831045030187E+00
        78         2         3   -0.17952327599908668443E+00
        78         2         4   -0.91324386628048301318E-01
        78         2         5   -0.13515855105692853311E+00
        78         3         2   -0.72647190573101239064E+00
        78         3         3   -0.99987749614738774540E+00
        78         3         4   -0.10905418229379859607E+01
        78         3         5   -0.11948504670547774875E+01
        78         4         2   -0.52249335587017553539E+00
        78         4         3   -0.68097171156613500731E+00
        78         4         4   -0.11077211409737950376E+01
        78         4         5   -0.77900525572867618251E+00
        78         5         2   -0.33734238360960989989E-01
        78         5         3   -0.39776286377471978262E-01
        78         5         4   -0.13496841117711649849E+00
        78         5         5   -0.12242118666126099169E+00
        79         2         2   -0.15556391797653312814E+00
        79         2         3   -0.15562332042202164928E+00
        79         2         4   -0.14609212154539841233E+00
        79         2         5   -0.17912571455748760307E+00
        79         3         2   -0.72238742591281701610E+00
        79         3         3   -0.11301291457146218633E+01
        79         3         4   -0.13149801776361138561E+01
        79         3         5   -0.88726698360256539555E+00
        79         4         2   -0.82034370823765767611E+00
        79         4         3   -0.79702718019809670746E+00
        79         4         4   -0.10237903999402271360E+01
        79         4         5   -0.53427453034807181886E+00
        79         5         2   -0.11170750399914564088E+00
        79         5         3   -0.76465636444990867093E-01
        79         5         4   -0.11554830711205925364E+00
        79         5         5   -0.12739218680753205959E+00
        80         2         2   -0.14387153322147286372E+00
        80         2         3   -0.16289710437289828260E+00
        80         2         4   -0.15465035009603800287E+00
        80         2         5   -0.15271041748296945717E+00
        80         3         2   -0.75256841615122449518E+00
        80         3         3   -0.82318515197490893520E+00
        80         3         4   -0.11558587298379698893E+01
        80         3         5   -0.99513001691128288861E+00
        80         4         2   -0.11533948055140967881E+01
        80         4         3   -0.81631593265661228642E+00
        80         4         4   -0.11606312965823901706E+01
        80         4         5   -0.79148500422078471583E+00
        80         5         2   -0.11323418242051189186E+00
        80         5         3   -0.11278943773769076198E+00
        80         5         4   -0.11184146431884624262E+00
        80         5         5   -0.13579540708345980149E+00
        81         2         2   -0.13200325821795250159E+00
        81         2         3   -0.18667088466713943617E+00
        81         2         4   -0.92544707244388429990E-01
        81         2         5   -0.23540588123338746646E-01
        81         3         2   -0.68925060850992625472E+00
        81         3         3   -0.11893933081574867838E+01
        81         3         4   -0.86680683142568504262E+00
        81         3         5   -0.44628802232405789807E+00
        81         4         2   -0.10247699376783390157E+01
        81         4         3   -0.10330930490874949967E+01
        81         4         4   -0.10914617375039197267E+01
        81         4         5   -0.74104236753933316884E+00
        81         5         2   -0.11471621608889086275E+00
        81         5         3   -0.15924668150123394428E+00
        81         5         4   -0.18877118292672265265E+00
        81         5         5   -0.14360243421397100860E+00
        82         2         2   -0.20579005758051799324E-01
        82         2         3   -0.10148171155594898352E+00
        82         2         4   -0.10719523805907099634E+00
        82         2         5   -0.54009632462934581421E-01
        82         3         2   -0.53474307164628065436E+00
        82         3         3   -0.72455311943452893608E+00
        82         3         4   -0.96581495436975350888E+00
        82         3         5   -0.69923930457586513931E+00
        82         4         2   -0.92713917894028308186E+00
        82         4         3   -0.69586544488430690514E+00
        82         4         4   -0.86528909848546642358E+00
        82         4         5   -0.11935889710517986195E+01
        82         5         2   -0.12622163454994389520E+00
        82         5         3   -0.11983257521021314917E+00
        82         5         4   -0.16274902662122422980E+00
        82         5         5   -0.16720889985978001913E+00
        83         2         2   -0.77381346292927449815E-01
        83         2         3   -0.26682668194239849563E-01
        83         2         4   -0.14281313688202437739E+00
        83         2         5   -0.12173748715689902689E+00
        83         3         2   -0.69953211602794385104E+00
        83         3         3   -0.64477504917143524388E+00
        83         3         4   -0.96789987381363840058E+00
        83         3         5   -0.75305939868512539181E+00
        83         4         2   -0.10432096345859305231E+01
        83         4         3   -0.79811952298568256126E+00
        83         4         4   -0.67094538203016940159E+00
        83         4         5   -0.79307691416120196237E+00
        83         5         2   -0.12297633673724331360E+00
        83         5         3   -0.12660708634270331774E+00
        83         5         4   -0.77800170727195624987E-01
        83         5         5   -0.11462350978822609393E+00
        84         2         2   -0.51801792324396085665E-01
        84         2         3   -0.89113024455191064410E-01
        84         2         4   -0.10978723790556965678E+00
        84         2         5   -0.17239385273781182573E+00
        84         3         2   -0.75202626604932121257E+00
        84         3         3   -0.71740654678268678257E+00
        84         3         4   -0.91105550556937375806E+00
        84         3         5   -0.91887286989554095573E+00
        84         4         2   -0.78529522924182015853E+00
        84         4         3   -0.10136514991849443490E+01
        84         4         4   -0.10401669513729929761E+01
        84         4         5   -0.88565286368174445109E+00
        84         5         2   -0.94507936749538903887E-01
        84         5         3   -0.11513744410816864616E+00
        84         5         4   -0.11657891662667922705E+00
        84         5         5   -0.89135213644997449145E-01
        85         2         2   -0.25953991138872040123E+00
        85         2         3   -0.93934091046312021001E-01
        85         2         4   -0.97492954612016069493E-01
        85         2         5   -0.14002635046993455736E+00
        85         3         2   -0.99477391627803246621E+00
        85         3         3   -0.60023922011983454894E+00
        85         3         4   -0.80799891923065714217E+00
        85         3         5   -0.83440471999447585194E+00
        85         4         2   -0.70266219569964538660E+00
        85         4         3   -0.94515656998899644226E+00
        85         4         4   -0.12344561803074818318E+01
        85         4         5   -0.64855864080050129594E+00
        85         5         2   -0.10009190877427576183E+00
        85         5         3   -0.16008202126277271127E+00
        85         5         4   -0.30703460065611926089E+00
        85         5         5   -0.94851599195757127503E-01
        86         2         2   -0.19315727333398763355E+00
        86         2         3   -0.14680999082584589299E+00
        86         2         4   -0.15962247475136123742E+00
        86         2         5   -0.13764696862740427585E+00
        86         3         2   -0.87817875421177626905E+00
        86         3         3   -0.80482136017548000506E+00
        86         3         4   -0.72496400704584129659E+00
        86         3         5   -0.72099853898551014009E+00
        86         4         2   -0.47780059378777328671E+00
        86         4         3   -0.90289445486826225284E+00
        86         4         4   -0.90402459925543021679E+00
        86         4         5   -0.61741378388780288056E+00
        86         5         2   -0.44302124026741447615E-01
        86         5         3   -0.96442631269812062467E-01
        86         5         4   -0.16035002944301762762E+00
        86         5         5   -0.29556384784016585809E-01
        87         2         2   -0.64068692722869302614E-01
        87         2         3   -0.39286674273474535279E-01
        87         2         4   -0.12195641553522292011E+00
        87         2         5   -0.14840555487367204646E+00
        87         3         2   -0.63444247154085164908E+00
        87         3         3   -0.60665856348245317253E+00
        87         3         4   -0.74323756044385980157E+00
        87         3         5   -0.78076651811342845377E+00
        87         4         2   -0.33322473643290029255E+00
        87         4         3   -0.99440867041420211159E+00
        87         4         4   -0.10334141129450087337E+01
        87         4         5   -0.52744950504422505322E+00
        87         5         2   -0.63677285073979919550E-01
        87         5         3   -0.18871241747331385374E+00
        87         5         4   -0.27694650433943091006E+00
        87         5         5   -0.11669667279913677194E+00
        88         2         2   -0.12345007535637135543E+00
        88         2         3   -0.13537686762051917566E+00
        88         2         4   -0.18693598806526889877E+00
        88         2         5   -0.15632786584345592651E+00
        88         3         2   -0.63514123768548746973E+00
        88         3         3   -0.75936973600832258224E+00
        88         3         4   -0.79657023085586919908E+00
        88         3         5   -0.77284990523934449236E+00
        88         4         2   -0.58485985973411236394E+00
        88         4         3   -0.91692976008191939830E+00
        88         4         4   -0.10712765193895934512E+01
        88         4         5   -0.11147001668139722153E+01
        88         5         2   -0.12411116798905681702E+00
        88         5         3   -0.12191705000768141010E+00
        88         5         4   -0.12810488176419931872E+00
        88         5         5   -0.98478465782873239598E-01
        89         2         2   -0.73751862218276759142E-01
        89         2         3   -0.46511124674034634574E-01
        89         2         4   -0.13566073435086237198E+00
        89         2         5   -0.23433087767801624723E+00
        89         3         2   -0.64700148880655483641E+00
        89         3         3   -0.61851212328463034407E+00
        89         3         4   -0.78889278893652525770E+00
        89         3         5   -0.76988877645523212667E+00
        89         4         2   -0.99775634494340892378E+00
        89         4         3   -0.91700215743143453917E+00
        89         4         4   -0.96022073546263264632E+00
        89         4         5   -0.89268721984877075215E+00
        89         5         2   -0.27357591814712678424E+00
        89         5         3   -0.18345696965734273332E+00
        89         5         4   -0.22512271753696663779E+00
        89         5         5   -0.97437155183246429435E-01
        90         2         2   -0.14139179008475152854E+00
        90         2         3   -0.13749853996100980247E+00
        90         2         4   -0.97783435736406437710E-01
        90         2         5   -0.17231076139558310079E+00
        90         3         2   -0.55012079744105679691E+00
        90         3         3   -0.69213655160543574585E+00
        90         3         4   -0.93012350364150853110E+00
        90         3         5   -0.11036973813712520620E+01
        90         4         2   -0.67829289185432672937E+00
        90         4         3   -0.90672258320219245586E+00
        90         4         4   -0.97688932227636360306E+00
        90         4         5   -0.99187601049320084368E+00
        90         5         2   -0.13972240174755615194E+00
        90         5         3   -0.12922168655278859495E+00
        90         5         4   -0.19863186018579043202E+00
        90         5         5   -0.10528969765909129697E+00
        91         2         2   -0.84915825848585077540E-01
        91         2         3   -0.18646584371951674397E+00
        91         2         4   -0.57116061870005375989E-01
        91         2         5   -0.10431411977493093568E+00
        91         3         2   -0.77302215287481734762E+00
        91         3         3   -0.13204028001944929649E+01
        91         3         4   -0.98709650220976852264E+00
        91         3         5   -0.95350254708776216450E+00
        91         4         2   -0.73881068423188589467E+00
        91         4         3   -0.11865701635008882864E+01
        91         4         4   -0.93402344339321574651E+00
        91         4         5   -0.48304028360366541017E+00
        91         5         2   -0.12238333665858190658E+00
        91         5         3   -0.16595930020444882302E+00
        91         5         4   -0.11797188432652226664E+00
        91         5         5   -0.21752853153268560116E-01
        92         2         2   -0.10312034480031592731E+00
        92         2         3   -0.74664731148080420997E-01
        92         2         4   -0.88353100362248498945E-01
        92         2         5   -0.13545898042152754170E+00
        92         3         2   -0.64953607788454159611E+00
        92         3         3   -0.75122799244519644635E+00
        92         3         4   -0.61983794085400367724E+00
        92         3         5   -0.85316351955483293867E+00
        92         4         2   -0.84587838130291903571E+00
        92         4         3   -0.71454386523822543964E+00
        92         4         4   -0.80001918207425770646E+00
        92         4         5   -0.63781568250301867717E+00
        92         5         2   -0.18283223272541629378E+00
        92         5         3   -0.11646038570135858192E+00
        92         5         4   -0.12336660279757230563E+00
        92         5         5   -0.99013890764192299954E-01
        93         2         2   -0.16844681641830247520E+00
        93         2         3   -0.10023551015592650770E+00
        93         2         4   -0.12629524906837696907E+00
        93         2         5   -0.88339617013002719181E-01
        93         3         2   -0.84863895340175465876E+00
        93         3         3   -0.77163118926566942601E+00
        93         3         4   -0.84145768171308277239E+00
        93         3         5   -0.80187026691080909302E+00
        93         4         2   -0.50995618217653782001E+00
        93         4         3   -0.12329982388488369693E+01
        93         4         4   -0.99129748273886242327E+00
        93         4         5   -0.81831259794748523184E+00
        93         5         2   -0.92910842222453202122E-01
        93         5         3   -0.23700720912268061213E+00
        93         5         4   -0.11810555689453418327E+00
        93         5         5   -0.85687835577214724325E-01
        94         2         2   -0.14462959244290554683E+00
        94         2         3   -0.19894135619967109885E+00
        94         2         4   -0.25776823124194264691E+00
        94         2         5   -0.13448243033783313649E+00
        94         3         2   -0.91098485055262079513E+00
        94         3         3   -0.10629410227539923817E+01
        94         3         4   -0.13055979757193927338E+01
        94         3         5   -0.82052358570441652486E+00
        94         4         2   -0.57936845543703241468E+00
        94         4         3   -0.84507089318144512635E+00
        94         4         4   -0.11219070441524718884E+01
        94         4         5   -0.89051875442801453620E+00
        94         5         2   -0.11364309581931411608E+00
        94         5         3   -0.12381052163206215933E+00
        94         5         4   -0.13745191921781169109E+00
        94         5         5   -0.70867788954513594168E-01
        95         2         2   -0.44390074195494233500E-01
        95         2         3   -0.18823433686781954055E+00
        95         2         4   -0.15661873314967211801E+00
        95         2         5   -0.15846036367007476642E+00
        95         3         2   -0.61098554554463169186E+00
        95         3         3   -0.11938596899215281333E+01
        95         3         4   -0.78249128094565878477E+00
        95         3         5   -0.68423579112308363648E+00
        95         4         2   -0.10747210551277146529E+01
        95         4         3   -0.13914403988142332036E+01
        95         4         4   -0.96786528264083948603E+00
        95         4         5   -0.52278076483972524269E+00
        95         5         2   -0.25230536585287927087E+00
        95         5         3   -0.12541952475743156636E+00
        95         5         4   -0.17790411386791243897E+00
        95         5         5   -0.93044607543672122607E-01
        96         2         2   -0.30409241708061300613E-01
        96         2         3   -0.72584205735019974304E-01
        96         2         4   -0.88482003977256834526E-01
        96         2         5   -0.23365413266218079680E+00
        96         3         2   -0.45712413707248222838E+00
        96         3         3   -0.94919681177538350880E+00
        96         3         4   -0.10254733353893532577E+01
        96         3         5   -0.86213817246106161374E+00
        96         4         2   -0.64557917519055507682E+00
        96         4         3   -0.12054092270350200700E+01
        96         4         4   -0.83675466626586736396E+00
        96         4         5   -0.74237369386704843421E+00
        96         5         2   -0.11944121932736789793E+00
        96         5         3   -0.93127158873428664276E-01
        96         5         4   -0.91893917910135319849E-01
        96         5         5   -0.12699321037535771239E+00
        97         2         2   -0.15954518207718504375E+00
        97         2         3   -0.80824241801633944782E-01
        97         2         4   -0.11587302397833820766E+00
        97         2         5   -0.16838816012359844598E+00
        97         3         2   -0.56930021114466544674E+00
        97         3         3   -0.75051322711965062773E+00
        97         3         4   -0.12633909029879477615E+01
        97         3         5   -0.98854470840617159055E+00
        97         4         2   -0.44560344099286880448E+00
        97         4         3   -0.95301379572473976509E+00
        97         4         4   -0.10170201413054689166E+01
        97         4         5   -0.71952357832700353235E+00
        97         5         2   -0.39202702781467944904E-01
        97         5         3   -0.59249224791379083432E-01
        97         5         4   -0.22161993136291036066E+00
        97         5         5   -0.16636521252071687083E+00
        98         2         2   -0.31399702755745440008E+00
        98         2         3   -0.21211394452793808085E+00
        98         2         4   -0.12282798734348961134E+00
        98         2         5   -0.16857163033693869925E+00
        98         3         2   -0.11910426212024858295E+01
        98         3         3   -0.93379820784663369881E+00
        98         3         4   -0.53028131157183933109E+00
        98         3         5   -0.57106132948469934263E+00
        98         4         2   -0.65344598913797347084E+00
        98         4         3   -0.76308146537007837118E+00
        98         4         4   -0.55772258983918732156E+00
        98         4         5   -0.67595178878291950486E+00
        98         5         2   -0.12874629212020435864E+00
        98         5         3   -0.11563634008548866194E+00
        98         5         4   -0.49658609512666408714E-01
        98         5         5   -0.73628627644851729617E-01
        99         2         2   -0.20942908100049220654E+00
        99         2         3   -0.17767248122855755499E+00
        99         2         4   -0.43749854972009366572E-01
        99         2         5   -0.12029989509895816502E+00
        99         3         2   -0.84732088318645559788E+00
        99         3         3   -0.71069112667330003319E+00
        99         3         4   -0.28945058060695472157E+00
        99         3         5   -0.48872820697585961369E+00
        99         4         2   -0.47456514766294566332E+00
        99         4         3   -0.53066029969681827172E+00
        99         4         4   -0.67756679158620380932E+00
        99         4         5   -0.89595226673745775869E+00
        99         5         2   -0.10564502947865068994E+00
        99         5         3   -0.18693563900699622371E+00
        99         5         4   -0.12499523593938460797E+00
        99         5         5   -0.92015549623695597203E-01
       100         2         2   -0.12204611905702636432E+00
       100         2         3   -0.64622151135004260447E-01
       100         2         4   -0.99902422358205539288E-01
       100         2         5   -0.11893071141191913220E+00
       100         3         2   -0.40837113833274518715E+00
       100         3         3   -0.50912571982437815343E+00
       100         3         4   -0.54599478647035815104E+00
       100         3         5   -0.63545457616829537084E+00
       100         4         2   -0.62205532997046930621E+00
       100         4         3   -0.49442641272158299737E+00
       100         4         4   -0.87568182033587793622E+00
       100         4         5   -0.58308367202257949113E+00
       100         5         2   -0.39746344603811899210E-01
       100         5         3   -0.78357482906790745791E-01
       100         5         4   -0.24639103214134194797E+00
       100         5         5   -0.14321139482506173302E+00
       101         2         2   -0.13524305142756271048E+00
       101         2         3   -0.71595151182469687901E-01
       101         2         4   -0.14681758192667235252E+00
       101         2         5   -0.26938809943508462696E+00
       101         3         2   -0.11782303863532503918E+01
       101         3         3   -0.72451153254058486830E+00
       101         3         4   -0.91475747391566797351E+00
       101         3         5   -0.66329348449044445157E+00
       101         4         2   -0.92499211252569113473E+00
       101         4         3   -0.55399380896513450434E+00
       101         4         4   -0.69242082240932989468E+00
       101         4         5   -0.64007879795316535709E+00
       101         5         2   -0.13750100776421805837E+00
       101         5         3   -0.53964603101028067733E-01
       101         5         4   -0.16521474032698654777E+00
       101         5         5   -0.10391535829882221631E+00
