         2         2         2   -0.20417977976265611062E+00
         2         2         3   -0.13424486820949432797E+00
         2         2         4   -0.71233379807993504884E-01
         2         2         5   -0.38064544520439669295E-01
         2         3         2   -0.98765389620046639685E+00
         2         3         3   -0.59492874721780630853E+00
         2         3         4   -0.53008906496011254372E+00
         2         3         5   -0.33136311301219562031E+00
         2         4         2   -0.69604141796957408328E+00
         2         4         3   -0.74793193238538624446E+00
         2         4         4   -0.64381178237105185502E+00
         2         4         5   -0.83060541512512364726E+00
         2         5         2   -0.61811769794165846714E-01
         2         5         3   -0.13028243978759199151E+00
         2         5         4   -0.42049747509638184251E-01
         2         5         5   -0.11325990907558300402E+00
         3         2         2   -0.97393344381853305669E-01
         3         2         3   -0.19434598545574671702E+00
         3         2         4   -0.94883847798718126687E-01
         3         2         5   -0.12281791930036750626E+00
         3         3         2   -0.10634883354830986235E+01
         3         3         3   -0.81722830435931326232E+00
         3         3         4   -0.67375720542719319539E+00
         3         3         5   -0.65011116173086203052E+00
         3         4         2   -0.86725595923874843063E+00
         3         4         3   -0.59935981408209104693E+00
         3         4         4   -0.11230782676190478320E+01
         3         4         5   -0.56178252201992351367E+00
         3         5         2   -0.44474062412715044401E-01
         3         5         3   -0.52322992454306466170E-01
         3         5         4   -0.19882456025150266332E+00
         3         5         5   -0.94016373379024659185E-01
         4         2         2   -0.35386141150697811297E-01
         4         2         3   -0.13368346585016274708E+00
         4         2         4   -0.15085909776376085767E+00
         4         2         5   -0.54515831549955172386E-01
         4         3         2   -0.38406632895539777328E+00
         4         3         3   -0.94723777520746899050E+00
         4         3         4   -0.82028775971271306044E+00
         4         3         5   -0.83054805955467281287E+00
         4         4         2   -0.80624386656960911335E+00
         4         4         3   -0.76589807713384328025E+00
         4         4         4   -0.97956498368165323409E+00
         4         4         5   -0.79931352174463798921E+00
         4         5         2   -0.60388373890704713509E-01
         4         5         3   -0.12114226673343106433E+00
         4         5         4   -0.20491809547660111424E+00
         4         5         5   -0.69909961099851383737E-01
         5         2         2   -0.18573101218039247962E-01
         5         2         3   -0.98173531269700742286E-01
         5         2         4   -0.10442382689792190087E+00
         5         2         5   -0.92083445992628326637E-01
         5         3         2   -0.48792682364977046916E+00
         5         3         3   -0.64848859333334951671E+00
         5         3         4   -0.84536458973662131910E+00
         5         3         5   -0.39000985081026967594E+00
         5         4         2   -0.52155193197558791240E+00
         5         4         3   -0.77313536849962860575E+00
         5         4         4   -0.76525843594902709377E+00
         5         4         5   -0.31210207935332917595E+00
         5         5         2   -0.93500214733977918269E-01
         5         5         3   -0.14767950114126163208E+00
         5         5         4   -0.16437840600043868156E+00
         5         5         5   -0.34514104015293159411E-01
         6         2         2   -0.25470721895324711925E-01
         6         2         3   -0.13343375124920853203E+00
         6         2         4   -0.30669261679540153059E-01
         6         2         5   -0.81175393437434906208E-01
         6         3         2   -0.61210908152669052384E+00
         6         3         3   -0.90549958986732470567E+00
         6         3         4   -0.38114076773885241511E+00
         6         3         5   -0.38263709037535975632E+00
         6         4         2   -0.95762078110485260307E+00
         6         4         3   -0.10680377754113621336E+01
         6         4         4   -0.71256756972259993610E+00
         6         4         5   -0.49095312642403343695E+00
         6         5         2   -0.18432586017188512528E+00
         6         5         3   -0.24208320365542498886E+00
         6         5         4   -0.15635288756522361386E+00
         6         5         5   -0.55353894825891772347E-01
         7         2         2   -0.44784376195277801613E-01
         7         2         3   -0.10988216372965100079E-01
         7         2         4   -0.14014228491729504439E-01
         7         2         5   -0.99423447644770290843E-01
         7         3         2   -0.79253774364546003550E+00
         7         3         3   -0.54526126752514447737E+00
         7         3         4   -0.69159501725696392871E+00
         7         3         5   -0.74159337027231608808E+00
         7         4         2   -0.93361538026626456066E+00
         7         4         3   -0.10919097523021279450E+01
         7         4         4   -0.92595013344148568990E+00
         7         4         5   -0.74071256959567421951E+00
         7         5         2   -0.73071855517714223716E-01
         7         5         3   -0.21585175989536406482E+00
         7         5         4   -0.13412434482861271268E+00
         7         5         5   -0.93267593621583766428E-01
         8         2         2   -0.17030136040666593589E+00
         8         2         3   -0.12536754928742604998E+00
         8         2         4   -0.59839719411922898118E-01
         8         2         5   -0.25540177560771995524E-01
         8         3         2   -0.71674015241358324246E+00
         8         3         3   -0.93458755626261347249E+00
         8         3         4   -0.62812277813074546273E+00
         8         3         5   -0.65869249369583904308E+00
         8         4         2   -0.86649348607348952722E+00
         8         4         3   -0.10754591059336233716E+01
         8         4         4   -0.96352884071254008003E+00
         8         4         5   -0.77086796028879223108E+00
         8         5         2   -0.88455915331097270671E-01
         8         5         3   -0.52895106977998367082E-01
         8         5         4   -0.11939606184842993519E+00
         8         5         5   -0.17007933595912377855E+00
         9         2         2   -0.12913042498599844321E+00
         9         2         3   -0.85435811970937095006E-01
         9         2         4   -0.60420400142673712229E-01
         9         2         5   -0.12715948171137037015E+00
         9         3         2   -0.71816166765682942774E+00
         9         3         3   -0.93121338313355772609E+00
         9         3         4   -0.68814051748355298255E+00
         9         3         5   -0.68223545003180829926E+00
         9         4         2   -0.11758330800077365641E+01
         9         4         3   -0.11165204347011892239E+01
         9         4         4   -0.73490538516045256223E+00
         9         4         5   -0.87173508219654494145E+00
         9         5         2   -0.17351250964343717387E+00
         9         5         3   -0.15103959050257051433E+00
         9         5         4   -0.53219511540776129332E-01
         9         5         5   -0.13403173202021623212E+00
        10         2         2   -0.27299921730429090039E-01
        10         2         3   -0.56750610176771069948E-01
        10         2         4   -0.70740332624961946295E-01
        10         2         5   -0.93188528676999948797E-01
        10         3         2   -0.48696989690346553781E+00
        10         3         3   -0.45919441773233071746E+00
        10         3         4   -0.77533885424325799107E+00
        10         3         5   -0.64949017954881937964E+00
        10         4         2   -0.65867595864713179843E+00
        10         4         3   -0.72688173441143189013E+00
        10         4         4   -0.96690489578078453459E+00
        10         4         5   -0.53965087287748580991E+00
        10         5         2   -0.13306947477551503423E+00
        10         5         3   -0.17560817575524007017E+00
        10         5         4   -0.16805267178235214209E+00
        10         5         5   -0.89422697787122945590E-01
        11         2         2   -0.46083262052191258096E-01
        11         2         3   -0.71125445423168481840E-01
        11         2         4   -0.90655864676093683707E-01
        11         2         5   -0.15959312712245757315E+00
        11         3         2   -0.67194368472448717799E+00
        11         3         3   -0.82038952628453298832E+00
        11         3         4   -0.10387383425486766964E+01
        11         3         5   -0.15497400974737283175E+01
        11         4         2   -0.41497343855908291888E+00
        11         4         3   -0.48824030775786331215E+00
        11         4         4   -0.91026389456224121588E+00
        11         4         5   -0.90712923170538584117E+00
        11         5         2   -0.32395861543056604648E-01
        11         5         3   -0.43298277652888274292E-01
        11         5         4   -0.16003018755927522765E+00
        11         5         5   -0.21782779994527376455E+00
        12         2         2   -0.19509986803024254032E+00
        12         2         3   -0.16019397087169931493E+00
        12         2         4   -0.11881815556599271966E+00
        12         2         5   -0.19955054736759580969E+00
        12         3         2   -0.89829045816969121940E+00
        12         3         3   -0.87330815591913546481E+00
        12         3         4   -0.57080425547533264474E+00
        12         3         5   -0.83208173271266050453E+00
        12         4         2   -0.47439983207835495493E+00
        12         4         3   -0.56328469981015871770E+00
        12         4         4   -0.83371520631491635722E+00
        12         4         5   -0.67852766169027778353E+00
        12         5         2   -0.75927492976265470448E-01
        12         5         3   -0.12204550228647921550E+00
        12         5         4   -0.16767716127321136144E+00
        12         5         5   -0.11603851782637285284E+00
        13         2         2   -0.12100391892551379258E+00
        13         2         3   -0.21942466210468722365E+00
        13         2         4   -0.65654852118294554364E-01
        13         2         5   -0.19751325927800336690E+00
        13         3         2   -0.61824319198807331510E+00
        13         3         3   -0.11430982115403132138E+01
        13         3         4   -0.73174329294419204750E+00
        13         3         5   -0.92792302477605492772E+00
        13         4         2   -0.56636725103589424801E+00
        13         4         3   -0.56757416750751132906E+00
        13         4         4   -0.46008723632686526761E+00
        13         4         5   -0.50642009255684039548E+00
        13         5         2   -0.90306695056667246613E-01
        13         5         3   -0.71814424104412036276E-01
        13         5         4   -0.62570416899815975431E-01
        13         5         5   -0.86962852608402529953E-01
        14         2         2   -0.65144579861489804173E-01
        14         2         3   -0.13945262276058961737E+00
        14         2         4   -0.78127217730520920336E-01
        14         2         5   -0.45554166128399457836E-01
        14         3         2   -0.86644646325404472975E+00
        14         3         3   -0.72447488071292720502E+00
        14         3         4   -0.82855756211608089234E+00
        14         3         5   -0.69726924682710911263E+00
        14         4         2   -0.68349238348061247539E+00
        14         4         3   -0.10606641044573599242E+01
        14         4         4   -0.72781141115504111028E+00
        14         4         5   -0.43572302717964306318E+00
        14         5         2   -0.49175168939384533706E-01
        14         5         3   -0.16319692559257201192E+00
        14         5         4   -0.53580703069251653381E-01
        14         5         5   -0.61951118317805496660E-01
        15         2         2   -0.86135010524389890585E-01
        15         2         3   -0.58638940558099414413E-01
        15         2         4   -0.36775262328278449098E-01
        15         2         5   -0.30779306107074785002E-02
        15         3         2   -0.91903137135123935675E+00
        15         3         3   -0.57918605222182617531E+00
        15         3         4   -0.56775917718193014139E+00
        15         3         5   -0.48374245282867700535E+00
        15         4         2   -0.72970205391458453636E+00
        15         4         3   -0.89385811478862431390E+00
        15         4         4   -0.11726782198707683680E+01
        15         4         5   -0.94724174144602202308E+00
        15         5         2   -0.68423586123217416954E-01
        15         5         3   -0.12335802719276206529E+00
        15         5         4   -0.22422998910257332938E+00
        15         5         5   -0.17854898646278657970E+00
        16         2         2   -0.56635744974353537107E-01
        16         2         3   -0.11218457408917770213E+00
        16         2         4   -0.14335897503597752611E+00
        16         2         5   -0.80834028789519729585E-01
        16         3         2   -0.57362033565765202514E+00
        16         3         3   -0.95945203359678610244E+00
        16         3         4   -0.86148810996113589500E+00
        16         3         5   -0.29804057567611363933E+00
        16         4         2   -0.57587051468232164364E+00
        16         4         3   -0.71411233751954861226E+00
        16         4         4   -0.81528939229688468515E+00
        16         4         5   -0.48222620367969060151E+00
        16         5         2   -0.25956754786725960704E-01
        16         5         3   -0.19279338440225023132E-01
        16         5         4   -0.14176002964332135026E+00
        16         5         5   -0.80022437207727725728E-01
        17         2         2   -0.43046510175966321010E-01
        17         2         3   -0.94184940638321723583E-01
        17         2         4   -0.18518063271475768139E+00
        17         2         5   -0.10889476628780167533E+00
        17         3         2   -0.74556204603006881459E+00
        17         3         3   -0.11026431514787788934E+01
        17         3         4   -0.87940108166662978029E+00
        17         3         5   -0.49610780727205550100E+00
        17         4         2   -0.94228878062973431273E+00
        17         4         3   -0.90118667067549540484E+00
        17         4         4   -0.80723071895116249586E+00
        17         4         5   -0.10298584153133074626E+01
        17         5         2   -0.42158355289169294200E-01
        17         5         3   -0.57726377725212434100E-01
        17         5         4   -0.11098258274403537127E+00
        17         5         5   -0.19164107149348713621E+00
        18         2         2   -0.46778133201080670731E-02
        18         2         3   -0.63950467242933572987E-01
        18         2         4   -0.10191735209470113854E+00
        18         2         5   -0.26540885167040857012E-01
        18         3         2   -0.97895471477513884562E+00
        18         3         3   -0.86695382872445347910E+00
        18         3         4   -0.10751672040567177291E+01
        18         3         5   -0.56002042208407376567E+00
        18         4         2   -0.95988736293156406987E+00
        18         4         3   -0.10564415606564712125E+01
        18         4         4   -0.10557495764894204715E+01
        18         4         5   -0.71307456347980979761E+00
        18         5         2   -0.12876039965965133116E+00
        18         5         3   -0.16167342403962026154E+00
        18         5         4   -0.12357485396666216537E+00
        18         5         5   -0.88827525116396022220E-01
        19         2         2   -0.45189970147430730263E-01
        19         2         3   -0.15931151782969674158E+00
        19         2         4   -0.48988973335200192150E-01
        19         2         5   -0.11788514569134675436E+00
        19         3         2   -0.11706218804953743007E+01
        19         3         3   -0.70266881702684480526E+00
        19         3         4   -0.68784821153653430414E+00
        19         3         5   -0.79635072162284337161E+00
        19         4         2   -0.97553467412950245485E+00
        19         4         3   -0.56798449144310614312E+00
        19         4         4   -0.69586010035580136979E+00
        19         4         5   -0.73065644218765257722E+00
        19         5         2   -0.61607619457306320165E-01
        19         5         3   -0.13215946793737401443E+00
        19         5         4   -0.51493312580386578492E-01
        19         5         5   -0.54430425923817818412E-01
        20         2         2   -0.18116578972623081922E+00
        20         2         3   -0.15328425844764931307E+00
        20         2         4   -0.80677959436371168844E-01
        20         2         5   -0.20172543423623925940E+00
        20         3         2   -0.82453853977224267346E+00
        20         3         3   -0.69793568154330931641E+00
        20         3         4   -0.62587172887453845771E+00
        20         3         5   -0.95340212957737224819E+00
        20         4         2   -0.58626436893683542273E+00
        20         4         3   -0.84097616064752389597E+00
        20         4         4   -0.47512149421374400005E+00
        20         4         5   -0.69628010764377201713E+00
        20         5         2   -0.60621758435597500325E-01
        20         5         3   -0.11647994667657866896E+00
        20         5         4   -0.26316891918982690535E-01
        20         5         5   -0.55828627256677448853E-01
        21         2         2   -0.38076549329524522758E+00
        21         2         3   -0.16208717453147455934E+00
        21         2         4   -0.10696081590674587358E+00
        21         2         5   -0.82231025015303105263E-01
        21         3         2   -0.12735847700664981730E+01
        21         3         3   -0.10176671664994212385E+01
        21         3         4   -0.11997433463515159158E+01
        21         3         5   -0.10391413790174659493E+01
        21         4         2   -0.95535797468571925783E+00
        21         4         3   -0.78829576764485198570E+00
        21         4         4   -0.82896511397520356024E+00
        21         4         5   -0.10642186277892864421E+01
        21         5         2   -0.11978933409479679273E+00
        21         5         3   -0.83249872231763305530E-01
        21         5         4   -0.16186542397942033089E+00
        21         5         5   -0.13185467138942080778E+00
        22         2         2   -0.98196184063856009616E-01
        22         2         3   -0.10776149668432184747E+00
        22         2         4   -0.70205123914351075243E-01
        22         2         5   -0.38193473796135836429E-01
        22         3         2   -0.85890714613429375301E+00
        22         3         3   -0.88459996819421315983E+00
        22         3         4   -0.11470280642282082439E+01
        22         3         5   -0.79642874961402265743E+00
        22         4         2   -0.12731514871880804662E+01
        22         4         3   -0.87167503420324776719E+00
        22         4         4   -0.11998650925148899304E+01
        22         4         5   -0.14116150468107351301E+01
        22         5         2   -0.16684152376177605048E+00
        22         5         3   -0.75522662381845559465E-01
        22         5         4   -0.23540183840501913148E+00
        22         5         5   -0.29591676265569683002E+00
        23         2         2   -0.16191331432625824527E+00
        23         2         3   -0.32850311524993519585E+00
        23         2         4   -0.50342660271799496985E-01
        23         2         5   -0.43173731177558044569E-01
        23         3         2   -0.94110936064116146316E+00
        23         3         3   -0.15393475057885142032E+01
        23         3         4   -0.75058671879481531075E+00
        23         3         5   -0.79387708785886013096E+00
        23         4         2   -0.39601239165168050649E+00
        23         4         3   -0.10340044916880604120E+01
        23         4         4   -0.12012788234289639711E+01
        23         4         5   -0.10778713632900853714E+01
        23         5         2   -0.25269542168297982193E-01
        23         5         3   -0.97968498785688973296E-01
        23         5         4   -0.15117426196822264517E+00
        23         5         5   -0.18896853995305809559E+00
        24         2         2   -0.17286903234602482571E+00
        24         2         3   -0.16855923290485388955E+00
        24         2         4   -0.73617637653179468504E-01
        24         2         5   -0.14103903145913068706E+00
        24         3         2   -0.89901874262990078002E+00
        24         3         3   -0.87537873711851954539E+00
        24         3         4   -0.46927423382185073919E+00
        24         3         5   -0.40124946050537418918E+00
        24         4         2   -0.40443476616831769421E+00
        24         4         3   -0.52416671674662751457E+00
        24         4         4   -0.12451227578257930695E+01
        24         4         5   -0.88131586305446463214E+00
        24         5         2   -0.17794818405311399467E-01
        24         5         3   -0.15374443946607842248E-01
        24         5         4   -0.16180927902481123670E+00
        24         5         5   -0.17613987143853843120E+00
        25         2         2   -0.55948387621863160390E-01
        25         2         3   -0.55440003862997792872E-01
        25         2         4   -0.15943799719920695446E+00
        25         2         5   -0.10784424969124067895E+00
        25         3         2   -0.60929034326724451631E+00
        25         3         3   -0.57732662754536412386E+00
        25         3         4   -0.10408491985814223302E+01
        25         3         5   -0.62781904014162215333E+00
        25         4         2   -0.91272019928797099020E+00
        25         4         3   -0.98670366945546972293E+00
        25         4         4   -0.95555801355825664700E+00
        25         4         5   -0.63163925734843040516E+00
        25         5         2   -0.93044682460149116809E-01
        25         5         3   -0.78209291703892527825E-01
        25         5         4   -0.65464456443922999784E-01
        25         5         5   -0.67013164442354292150E-01
        26         2         2   -0.21668322711889575344E-01
        26         2         3   -0.10195155073212722185E+00
        26         2         4   -0.10868985562710591075E+00
        26         2         5   -0.93244263523222167822E-01
        26         3         2   -0.60676435025027730674E+00
        26         3         3   -0.75684495644981086837E+00
        26         3         4   -0.81680493647539886837E+00
        26         3         5   -0.51959367543786694199E+00
        26         4         2   -0.47709460810613713022E+00
        26         4         3   -0.10943657473103818312E+01
        26         4         4   -0.96526015743812820791E+00
        26         4         5   -0.47268033165228234838E+00
        26         5         2   -0.85174292240439541946E-01
        26         5         3   -0.14208251224688597802E+00
        26         5         4   -0.18634268855555788380E+00
        26         5         5   -0.67228305148563594074E-01
        27         2         2   -0.13155867791335501549E+00
        27         2         3   -0.28261079649005810266E+00
        27         2         4   -0.13717193394780005655E+00
        27         2         5   -0.11743052229580704104E+00
        27         3         2   -0.95860576029753552518E+00
        27         3         3   -0.98381311666175252917E+00
        27         3         4   -0.12615602420876212975E+01
        27         3         5   -0.45701051307499329646E+00
        27         4         2   -0.66974205714665535627E+00
        27         4         3   -0.11904200865426408651E+01
        27         4         4   -0.11417368124191842327E+01
        27         4         5   -0.27091377954419598728E+00
        27         5         2   -0.43246509105892692870E-01
        27         5         3   -0.20617946333400336001E+00
        27         5         4   -0.96318475017330026922E-01
        27         5         5   -0.16950684404258228172E-01
        28         2         2   -0.61806067288824130534E-01
        28         2         3   -0.89657423922645057557E-01
        28         2         4   -0.12785258170443156156E+00
        28         2         5   -0.69089986167653688609E-01
        28         3         2   -0.61669232707020704698E+00
        28         3         3   -0.10042267811694989277E+01
        28         3         4   -0.11229895872130910561E+01
        28         3         5   -0.54817703593310840304E+00
        28         4         2   -0.82992751258031616235E+00
        28         4         3   -0.87015796503592124367E+00
        28         4         4   -0.86829927907399795384E+00
        28         4         5   -0.59948906353066344632E+00
        28         5         2   -0.15517785356664082208E+00
        28         5         3   -0.16164350728555662573E+00
        28         5         4   -0.87568596595747116851E-01
        28         5         5   -0.39612074198140882764E-01
        29         2         2   -0.15721988182228849307E+00
        29         2         3   -0.14979619239033484246E+00
        29         2         4   -0.16859701745474645063E+00
        29         2         5   -0.42281715289222067400E-01
        29         3         2   -0.10248561681669583479E+01
        29         3         3   -0.10686181521932271998E+01
        29         3         4   -0.80220218543791277366E+00
        29         3         5   -0.51279833629677662454E+00
        29         4         2   -0.80494144821965374348E+00
        29         4         3   -0.59615232515626825904E+00
        29         4         4   -0.92426125541595571811E+00
        29         4         5   -0.70369241258378278925E+00
        29         5         2   -0.31581628726044003175E-01
        29         5         3   -0.49569716916043213284E-01
        29         5         4   -0.13413020726862703857E+00
        29         5         5   -0.12569129943042284259E+00
        30         2         2   -0.17475319761059787682E+00
        30         2         3   -0.34730317111836765676E-01
        30         2         4   -0.10166499455642222238E+00
        30         2         5   -0.11358175497406144960E+00
        30         3         2   -0.76347005111412935552E+00
        30         3         3   -0.10664579216078351465E+01
        30         3         4   -0.80650061868868916370E+00
        30         3         5   -0.94097676020494269711E+00
        30         4         2   -0.53390915564136964822E+00
        30         4         3   -0.78822394199634504552E+00
        30         4         4   -0.10815820807638039103E+01
        30         4         5   -0.75686575008367573680E+00
        30         5         2   -0.35500906788854202922E-01
        30         5         3   -0.75283346518194266261E-01
        30         5         4   -0.13207208349336679865E+00
        30         5         5   -0.10038944390476625679E+00
        31         2         2   -0.79008933009851109452E-01
        31         2         3   -0.43518103920414850927E-01
        31         2         4   -0.66065643858629036211E-01
        31         2         5   -0.50259036280674726505E-01
        31         3         2   -0.47085550609433768354E+00
        31         3         3   -0.83848723013181869490E+00
        31         3         4   -0.68646664336560903052E+00
        31         3         5   -0.41268055656986207813E+00
        31         4         2   -0.73705170822141308218E+00
        31         4         3   -0.76680317405424003319E+00
        31         4         4   -0.95216251082402392214E+00
        31         4         5   -0.88389706713507909530E+00
        31         5         2   -0.14375604225575289163E+00
        31         5         3   -0.14934102544387309330E+00
        31         5         4   -0.72894436327044925816E-01
        31         5         5   -0.11910821545961371160E+00
        32         2         2   -0.88461026632789346857E-01
        32         2         3   -0.17488575935329481181E+00
        32         2         4   -0.17656115512291040148E+00
        32         2         5   -0.13172851342559102616E+00
        32         3         2   -0.65781907340446166277E+00
        32         3         3   -0.94639505912639820817E+00
        32         3         4   -0.93133544921834299224E+00
        32         3         5   -0.61663548710222371163E+00
        32         4         2   -0.55673498178451996665E+00
        32         4         3   -0.50866219644227361751E+00
        32         4         4   -0.12429049372776657112E+01
        32         4         5   -0.86049578506619617269E+00
        32         5         2   -0.82526152831034621515E-01
        32         5         3   -0.86578972026287850938E-01
        32         5         4   -0.24467261449445978916E+00
        32         5         5   -0.16968419248746077765E+00
        33         2         2   -0.16582428512902658291E+00
        33         2         3   -0.98526251038599327314E-01
        33         2         4   -0.10092683063828090939E+00
        33         2         5   -0.55096750151219064939E-01
        33         3         2   -0.14681095239795098895E+01
        33         3         3   -0.10037670311846027538E+01
        33         3         4   -0.76015958197096089588E+00
        33         3         5   -0.60064578469914342573E+00
        33         4         2   -0.68496109763613799437E+00
        33         4         3   -0.11409996127905785990E+01
        33         4         4   -0.12116830655731030131E+01
        33         4         5   -0.10032634472600747699E+01
        33         5         2   -0.77792519062783796469E-01
        33         5         3   -0.11719515236881110354E+00
        33         5         4   -0.23835587546292436034E+00
        33         5         5   -0.26785746429939583102E+00
        34         2         2   -0.20400130738745930747E+00
        34         2         3   -0.81510651355096636062E-01
        34         2         4   -0.36561185255909962877E-01
        34         2         5   -0.19498085283938659112E-01
        34         3         2   -0.11911169711780671410E+01
        34         3         3   -0.61311157553372452877E+00
        34         3         4   -0.27852800418810919059E+00
        34         3         5   -0.58786229915883170261E+00
        34         4         2   -0.89098297375186230607E+00
        34         4         3   -0.11714701522331285588E+01
        34         4         4   -0.76394406132965431144E+00
        34         4         5   -0.65259589096029968491E+00
        34         5         2   -0.16681441711989564158E+00
        34         5         3   -0.16538188770180040077E+00
        34         5         4   -0.14181412850604846465E+00
        34         5         5   -0.14276362116771260102E+00
        35         2         2   -0.51007398255169200674E-01
        35         2         3   -0.13523981743070359607E+00
        35         2         4   -0.61708400215429247415E-01
        35         2         5   -0.15558514995104608114E+00
        35         3         2   -0.52976639206580644625E+00
        35         3         3   -0.50562200719826910777E+00
        35         3         4   -0.43604154872745620741E+00
        35         3         5   -0.69113283621043219984E+00
        35         4         2   -0.46825652803389844481E+00
        35         4         3   -0.58120318683478888744E+00
        35         4         4   -0.91516373837064846075E+00
        35         4         5   -0.89540485409008885309E+00
        35         5         2   -0.97626176677505921431E-01
        35         5         3   -0.15119952945211023732E+00
        35         5         4   -0.18999193015214094205E+00
        35         5         5   -0.20031824062930872477E+00
        36         2         2   -0.12878562398888656129E-01
        36         2         3   -0.71242784959113902854E-01
        36         2         4   -0.22700412424066309519E-01
        36         2         5   -0.91446771813041338728E-01
        36         3         2   -0.52437528110470699172E+00
        36         3         3   -0.64244407374554668433E+00
        36         3         4   -0.77310814846246689314E+00
        36         3         5   -0.88231418077931711430E+00
        36         4         2   -0.76900607480324267851E+00
        36         4         3   -0.74608654248341954585E+00
        36         4         4   -0.81888025842815503896E+00
        36         4         5   -0.75934704043206879831E+00
        36         5         2   -0.75437695629044468348E-01
        36         5         3   -0.10032315581398344728E+00
        36         5         4   -0.13077039415974875403E+00
        36         5         5   -0.14461630411038978172E+00
        37         2         2   -0.46355026714922094311E-01
        37         2         3   -0.10099562569449020699E+00
        37         2         4   -0.26942517680399860613E-01
        37         2         5   -0.31887471280162359155E-01
        37         3         2   -0.11818624744865078302E+01
        37         3         3   -0.96058414498056965414E+00
        37         3         4   -0.83141555757869989307E+00
        37         3         5   -0.87947263627974958666E+00
        37         4         2   -0.86382166162637952223E+00
        37         4         3   -0.62964514195860876722E+00
        37         4         4   -0.11508969770989798675E+01
        37         4         5   -0.97166806020727047866E+00
        37         5         2   -0.42001628066100228642E-01
        37         5         3   -0.96482115273167579073E-01
        37         5         4   -0.19437322543985841028E+00
        37         5         5   -0.13292685399434406301E+00
        38         2         2   -0.77131546613995946582E-01
        38         2         3   -0.27371560498476520118E-01
        38         2         4   -0.10448424063423811248E+00
        38         2         5   -0.91954212798755527447E-01
        38         3         2   -0.82752812263892450151E+00
        38         3         3   -0.58985453633516360394E+00
        38         3         4   -0.76754541419928878909E+00
        38         3         5   -0.95395951776787646370E+00
        38         4         2   -0.73969255322274063413E+00
        38         4         3   -0.63866847557047079498E+00
        38         4         4   -0.12249332376981236781E+01
        38         4         5   -0.55744397443958937366E+00
        38         5         2   -0.74047239562352498710E-01
        38         5         3   -0.63585612005255642831E-01
        38         5         4   -0.14540992533794935837E+00
        38         5         5   -0.67846216795751479456E-01
        39         2         2   -0.20362357017571962314E-01
        39         2         3   -0.76675552146075451332E-01
        39         2         4   -0.91001289232140014640E-01
        39         2         5   -0.10918068937912621397E+00
        39         3         2   -0.60874089501773120947E+00
        39         3         3   -0.71447938624477858038E+00
        39         3         4   -0.11081247326399814579E+01
        39         3         5   -0.66476690152073569795E+00
        39         4         2   -0.81559949579183288471E+00
        39         4         3   -0.98396666480590633252E+00
        39         4         4   -0.11835816604653259798E+01
        39         4         5   -0.86969426317085452016E+00
        39         5         2   -0.86570140601024858640E-01
        39         5         3   -0.14565712892233934062E+00
        39         5         4   -0.17603550960233579903E+00
        39         5         5   -0.19070378603352602931E+00
        40         2         2   -0.64812052573831310798E-01
        40         2         3   -0.98711917318893713236E-01
        40         2         4   -0.14748727231709773955E+00
        40         2         5   -0.30600918515523523045E+00
        40         3         2   -0.90600404110110810407E+00
        40         3         3   -0.14830870307148389386E+01
        40         3         4   -0.10059427418878956750E+01
        40         3         5   -0.95884366394251330235E+00
        40         4         2   -0.85618883841944226631E+00
        40         4         3   -0.12132667772042347032E+01
        40         4         4   -0.95521194121680763622E+00
        40         4         5   -0.68475168228284388761E+00
        40         5         2   -0.80726200470941672505E-01
        40         5         3   -0.79820758435718022761E-01
        40         5         4   -0.14619962139709896665E+00
        40         5         5   -0.52150055039994001882E-01
        41         2         2   -0.41906840065475667312E-01
        41         2         3   -0.47630121645965826926E-01
        41         2         4   -0.14358957225193741403E+00
        41         2         5   -0.13102358503546177038E+00
        41         3         2   -0.64963545166292024913E+00
        41         3         3   -0.10072326085071365842E+01
        41         3         4   -0.10561571298527172580E+01
        41         3         5   -0.88039694877117713467E+00
        41         4         2   -0.62687648501857851091E+00
        41         4         3   -0.94325988437412933152E+00
        41         4         4   -0.11299982468929794521E+01
        41         4         5   -0.10403158995264407682E+01
        41         5         2   -0.51671276283139652707E-01
        41         5         3   -0.35481691536305197399E-01
        41         5         4   -0.10025675600687329603E+00
        41         5         5   -0.88347360270355210221E-01
        42         2         2   -0.24843678779680658519E+00
        42         2         3   -0.19197394567149994593E+00
        42         2         4   -0.12857268080286612943E+00
        42         2         5   -0.40508656704068807253E-01
        42         3         2   -0.90234459853356441261E+00
        42         3         3   -0.90307062364483214889E+00
        42         3         4   -0.81682470568900478192E+00
        42         3         5   -0.73575069862475017679E+00
        42         4         2   -0.39762272657872993475E+00
        42         4         3   -0.68731187864553866529E+00
        42         4         4   -0.11058960473422358994E+01
        42         4         5   -0.75406845442611170061E+00
        42         5         2   -0.81588097249461657978E-01
        42         5         3   -0.18619674011093663435E-01
        42         5         4   -0.22021609300028052725E+00
        42         5         5   -0.12230731633270076897E+00
        43         2         2   -0.17529314833103565308E+00
        43         2         3   -0.18331842206773749093E+00
        43         2         4   -0.12973252870485790789E+00
        43         2         5   -0.95281481831991018949E-01
        43         3         2   -0.86178987731913170300E+00
        43         3         3   -0.10242582648212013030E+01
        43         3         4   -0.96588841854373397311E+00
        43         3         5   -0.72837201639248716489E+00
        43         4         2   -0.95237903340222906934E+00
        43         4         3   -0.91151197852111764952E+00
        43         4         4   -0.83006956799208653219E+00
        43         4         5   -0.91099310345200457117E+00
        43         5         2   -0.18192506225895252459E+00
        43         5         3   -0.11300425216764183045E+00
        43         5         4   -0.75821222593066742168E-01
        43         5         5   -0.98505526899637110838E-01
        44         2         2   -0.12153179394942742464E+00
        44         2         3   -0.10804229266733662851E+00
        44         2         4   -0.12151643591044355985E+00
        44         2         5   -0.20792097165178713425E+00
        44         3         2   -0.51018671843515672748E+00
        44         3         3   -0.10082759163667247559E+01
        44         3         4   -0.90068891695239050588E+00
        44         3         5   -0.95455150902228791399E+00
        44         4         2   -0.71697342535168906430E+00
        44         4         3   -0.14142449256613081054E+01
        44         4         4   -0.58656253052199058828E+00
        44         4         5   -0.61969387437606071600E+00
        44         5         2   -0.16496377323121247382E+00
        44         5         3   -0.11985594174566843728E+00
        44         5         4   -0.53120745254648119027E-01
        44         5         5   -0.16434996648595495694E+00
        45         2         2   -0.79977779358686468258E-01
        45         2         3   -0.10191387418528397024E+00
        45         2         4   -0.32688239668598621790E-01
        45         2         5   -0.67378134638554007529E-01
        45         3         2   -0.73317935063066619339E+00
        45         3         3   -0.81238208562470515250E+00
        45         3         4   -0.49241856716293092022E+00
        45         3         5   -0.48414130712462866146E+00
        45         4         2   -0.47586798509661182299E+00
        45         4         3   -0.10255649328502998152E+01
        45         4         4   -0.56813068575572545083E+00
        45         4         5   -0.73442749012965391486E+00
        45         5         2   -0.82789826662122090184E-01
        45         5         3   -0.55804532563340544793E-01
        45         5         4   -0.11528953523342900037E-01
        45         5         5   -0.11938688350976850439E+00
        46         2         2   -0.20303851834430658441E+00
        46         2         3   -0.83190319164154910569E-01
        46         2         4   -0.12523538394477487512E+00
        46         2         5   -0.85847831408993019453E-01
        46         3         2   -0.63039093580904526082E+00
        46         3         3   -0.63954316132194555244E+00
        46         3         4   -0.61909000175331196925E+00
        46         3         5   -0.44985068758419094470E+00
        46         4         2   -0.54486777371377626000E+00
        46         4         3   -0.80725896221288173660E+00
        46         4         4   -0.92745194137211994789E+00
        46         4         5   -0.66263755731848228425E+00
        46         5         2   -0.73765851616824446024E-01
        46         5         3   -0.15451295008127557962E+00
        46         5         4   -0.14402836818085312798E+00
        46         5         5   -0.15386915888337665548E+00
        47         2         2   -0.21290345871788837750E+00
        47         2         3   -0.48304284152313067824E-01
        47         2         4   -0.10123526551628282688E+00
        47         2         5   -0.61239017608347351418E-01
        47         3         2   -0.13419111872131281871E+01
        47         3         3   -0.89064794755691278905E+00
        47         3         4   -0.67014758470196245099E+00
        47         3         5   -0.59216643813955716080E+00
        47         4         2   -0.83438516775116644553E+00
        47         4         3   -0.11277423761419507198E+01
        47         4         4   -0.41705962658501644080E+00
        47         4         5   -0.36190150901731255040E+00
        47         5         2   -0.61208999595830496099E-01
        47         5         3   -0.20184873850949419660E+00
        47         5         4   -0.11046627225311236864E+00
        47         5         5   -0.50719316828552504783E-01
        48         2         2   -0.24063423957472546144E+00
        48         2         3   -0.10778623140033742611E+00
        48         2         4   -0.23894822413606922606E+00
        48         2         5   -0.90209955526457483166E-01
        48         3         2   -0.12348323074446700964E+01
        48         3         3   -0.64007944913795544739E+00
        48         3         4   -0.92948755441439678826E+00
        48         3         5   -0.76116160145466649212E+00
        48         4         2   -0.88714852802785737484E+00
        48         4         3   -0.64323244661473299999E+00
        48         4         4   -0.51161136177189725505E+00
        48         4         5   -0.98570342466286298144E+00
        48         5         2   -0.95521630105443233738E-01
        48         5         3   -0.11917480928062099133E+00
        48         5         4   -0.95166406202491740651E-01
        48         5         5   -0.17772801864413176332E+00
        49         2         2   -0.12723253449129937054E+00
        49         2         3   -0.55175677962680323707E-01
        49         2         4   -0.14026606189006995962E+00
        49         2         5   -0.61209471568625509197E-01
        49         3         2   -0.89775426850417949787E+00
        49         3         3   -0.75065841562398871734E+00
        49         3         4   -0.64764891722641637628E+00
        49         3         5   -0.69177669852483247848E+00
        49         4         2   -0.10800798422990331993E+01
        49         4         3   -0.11210513283684080399E+01
        49         4         4   -0.87517917552317281427E+00
        49         4         5   -0.11218905116078565776E+01
        49         5         2   -0.80719096780899224353E-01
        49         5         3   -0.11780503060344202360E+00
        49         5         4   -0.13502692320380346724E+00
        49         5         5   -0.19559714487539164862E+00
        50         2         2   -0.73402786658217838989E-01
        50         2         3   -0.15749030001898639552E+00
        50         2         4   -0.13145359619605323509E+00
        50         2         5   -0.14806114206293760280E-01
        50         3         2   -0.85544267182366096058E+00
        50         3         3   -0.12445426413695250822E+01
        50         3         4   -0.79461146688573180974E+00
        50         3         5   -0.57407149000857293775E+00
        50         4         2   -0.68282694176145708465E+00
        50         4         3   -0.72341804817881782963E+00
        50         4         4   -0.48044871668679339782E+00
        50         4         5   -0.60949359215204212958E+00
        50         5         2   -0.24387439902605237418E-01
        50         5         3   -0.18059688865557546600E-01
        50         5         4   -0.33707492049128540135E-01
        50         5         5   -0.16715470714361901905E+00
        51         2         2   -0.43422569055676173144E-01
        51         2         3   -0.11518786006491327223E+00
        51         2         4   -0.17815339987178746561E+00
        51         2         5   -0.70326601439865216170E-01
        51         3         2   -0.53822298356938369501E+00
        51         3         3   -0.10109200457004376972E+01
        51         3         4   -0.11598908191882524310E+01
        51         3         5   -0.63020269106183413044E+00
        51         4         2   -0.58125312660241079676E+00
        51         4         3   -0.74386537521374351822E+00
        51         4         4   -0.66480617542972630929E+00
        51         4         5   -0.77784197207686334163E+00
        51         5         2   -0.64499320653035485673E-01
        51         5         3   -0.74125093589032686747E-01
        51         5         4   -0.14768483556085917896E+00
        51         5         5   -0.26739415326707766107E+00
        52         2         2   -0.75076885138214546900E-01
        52         2         3   -0.16544252564390948823E+00
        52         2         4   -0.16854348714495986927E+00
        52         2         5   -0.16409082065613511681E+00
        52         3         2   -0.81332510170142557904E+00
        52         3         3   -0.10431537433847752894E+01
        52         3         4   -0.87705929394424864132E+00
        52         3         5   -0.89065752762488836769E+00
        52         4         2   -0.56689992247707410300E+00
        52         4         3   -0.88973095158342541122E+00
        52         4         4   -0.75650262087975617131E+00
        52         4         5   -0.78820653990947830980E+00
        52         5         2   -0.12960054858879771489E+00
        52         5         3   -0.50834305120186731863E-01
        52         5         4   -0.10741835182235706658E+00
        52         5         5   -0.23024571198075843848E+00
        53         2         2   -0.82345990411503963702E-01
        53         2         3   -0.22231761599784416461E+00
        53         2         4   -0.19229480496295359160E+00
        53         2         5   -0.84539995768326881009E-01
        53         3         2   -0.75250896100406794442E+00
        53         3         3   -0.10822370382977741787E+01
        53         3         4   -0.73162137810864313892E+00
        53         3         5   -0.63282818487071312852E+00
        53         4         2   -0.85153215658021896850E+00
        53         4         3   -0.86791190678762186739E+00
        53         4         4   -0.60040643376197544434E+00
        53         4         5   -0.41399418868816428851E+00
        53         5         2   -0.14178515768143457043E+00
        53         5         3   -0.12731744325759988823E+00
        53         5         4   -0.29663739862520844409E-01
        53         5         5   -0.10741084277826845605E+00
        54         2         2   -0.29493583704583492544E-01
        54         2         3   -0.77227247402807674970E-01
        54         2         4   -0.70759907090542709107E-01
        54         2         5   -0.66427934999918794579E-01
        54         3         2   -0.50097972867368278926E+00
        54         3         3   -0.75613958318198681852E+00
        54         3         4   -0.12918273633988257565E+01
        54         3         5   -0.60608622071818685217E+00
        54         4         2   -0.67786555487536270803E+00
        54         4         3   -0.58693429932750740274E+00
        54         4         4   -0.79783309229237420190E+00
        54         4         5   -0.50544360677546729121E+00
        54         5         2   -0.75377674248396933643E-01
        54         5         3   -0.55607279912416193723E-01
        54         5         4   -0.17447004124005802139E+00
        54         5         5   -0.12201520225000811459E+00
        55         2         2   -0.67331002644923851341E-01
        55         2         3   -0.82509714855640944875E-01
        55         2         4   -0.10305754576616894813E+00
        55         2         5   -0.17065718494175699527E+00
        55         3         2   -0.56273262788563482850E+00
        55         3         3   -0.62491233178685912097E+00
        55         3         4   -0.79324647767731160108E+00
        55         3         5   -0.99041589251528217019E+00
        55         4         2   -0.10222922155335054661E+01
        55         4         3   -0.92262561793963204781E+00
        55         4         4   -0.94792197535124522734E+00
        55         4         5   -0.71386296700555584849E+00
        55         5         2   -0.21034655822840991890E+00
        55         5         3   -0.12784995958160985663E+00
        55         5         4   -0.22690367622660700953E+00
        55         5         5   -0.87110025661800691288E-01
        56         2         2   -0.12539235779892768385E+00
        56         2         3   -0.56766729374807721464E-01
        56         2         4   -0.12824019170416403601E+00
        56         2         5   -0.13386807736390463064E+00
        56         3         2   -0.58084520491418123456E+00
        56         3         3   -0.42535695441120924265E+00
        56         3         4   -0.73844044911601813830E+00
        56         3         5   -0.78993651713966639427E+00
        56         4         2   -0.69918785017447637742E+00
        56         4         3   -0.71259304161962122581E+00
        56         4         4   -0.10494818267989729499E+01
        56         4         5   -0.93722843906924668822E+00
        56         5         2   -0.22483588228486658944E+00
        56         5         3   -0.95658522334359050165E-01
        56         5         4   -0.28788162433234082416E+00
        56         5         5   -0.23599544213376535962E+00
        57         2         2   -0.56352645624445703298E-01
        57         2         3   -0.69240203081414194997E-01
        57         2         4   -0.11344278294291187947E+00
        57         2         5   -0.31065403324847062905E+00
        57         3         2   -0.69293107442238066618E+00
        57         3         3   -0.51621660419343862181E+00
        57         3         4   -0.48839254345629246057E+00
        57         3         5   -0.12116448306685674297E+01
        57         4         2   -0.66695643633222123636E+00
        57         4         3   -0.94785337406800718174E+00
        57         4         4   -0.51980710674257579740E+00
        57         4         5   -0.58336807173208116151E+00
        57         5         2   -0.39060315378736290559E-01
        57         5         3   -0.72081450263196344963E-01
        57         5         4   -0.66741674045764545764E-01
        57         5         5   -0.29611512586702581906E-01
        58         2         2   -0.10965536926909141835E+00
        58         2         3   -0.10906882540998473485E+00
        58         2         4   -0.13047712079274170760E+00
        58         2         5   -0.15555631799031788276E+00
        58         3         2   -0.75253832591764302506E+00
        58         3         3   -0.59740573885783421204E+00
        58         3         4   -0.68244522426367149048E+00
        58         3         5   -0.12878944546512349767E+01
        58         4         2   -0.65057938082515898159E+00
        58         4         3   -0.79189752119425871335E+00
        58         4         4   -0.55765478676734248076E+00
        58         4         5   -0.40040541174367128008E+00
        58         5         2   -0.30622057312874560731E-01
        58         5         3   -0.15110218705685407592E+00
        58         5         4   -0.84244565596295353793E-01
        58         5         5   -0.16825845769773743743E-01
        59         2         2   -0.44410919912671945053E-01
        59         2         3   -0.31857156804340154566E-01
        59         2         4   -0.16701885965373999832E+00
        59         2         5   -0.60171222462797560593E-01
        59         3         2   -0.42067964317056788515E+00
        59         3         3   -0.52188362721301861935E+00
        59         3         4   -0.86575795198940252995E+00
        59         3         5   -0.85310428320652254008E+00
        59         4         2   -0.49306344207200958341E+00
        59         4         3   -0.67073748814160938370E+00
        59         4         4   -0.51220295760455614165E+00
        59         4         5   -0.45588950223971375086E+00
        59         5         2   -0.11288032918532991955E+00
        59         5         3   -0.56521499884331777297E-01
        59         5         4   -0.12160867011385850800E+00
        59         5         5   -0.47749570423537508745E-01
        60         2         2   -0.55448858357831969090E-01
        60         2         3   -0.12213779025946040757E+00
        60         2         4   -0.20976854214414347721E+00
        60         2         5   -0.22548603811960818422E+00
        60         3         2   -0.45025600785262381853E+00
        60         3         3   -0.69313055459302563843E+00
        60         3         4   -0.12975742107063394926E+01
        60         3         5   -0.99166981725865943620E+00
        60         4         2   -0.76392510079948272583E+00
        60         4         3   -0.42898167636966594296E+00
        60         4         4   -0.11323247038610815274E+01
        60         4         5   -0.82884082135674164160E+00
        60         5         2   -0.11039843140313940206E+00
        60         5         3   -0.15433029989003662838E-01
        60         5         4   -0.11943708955722595610E+00
        60         5         5   -0.49585960321940521223E-01
        61         2         2   -0.13264277353715389629E+00
        61         2         3   -0.13683563332248974143E+00
        61         2         4   -0.60726396171054582152E-01
        61         2         5   -0.12034007199493729212E+00
        61         3         2   -0.72493129379512288857E+00
        61         3         3   -0.85847052273665391819E+00
        61         3         4   -0.72360866198899365109E+00
        61         3         5   -0.83014902658851685846E+00
        61         4         2   -0.37143320420379849489E+00
        61         4         3   -0.56933702665121943554E+00
        61         4         4   -0.11190129245133852987E+01
        61         4         5   -0.65901495896566275601E+00
        61         5         2   -0.14810837856760815379E-01
        61         5         3   -0.98722032723399626153E-02
        61         5         4   -0.15526773917946304349E+00
        61         5         5   -0.63888816809759330084E-01
        62         2         2   -0.76316060320910428239E-01
        62         2         3   -0.69918171272295548402E-01
        62         2         4   -0.95763638776654114171E-01
        62         2         5   -0.19908723563147895375E+00
        62         3         2   -0.78751497059081732033E+00
        62         3         3   -0.78496967160577679756E+00
        62         3         4   -0.58039645853874533010E+00
        62         3         5   -0.12108459498133401500E+01
        62         4         2   -0.48650881022044756286E+00
        62         4         3   -0.77326523217747544781E+00
        62         4         4   -0.68575964923087495695E+00
        62         4         5   -0.81837940294897904003E+00
        62         5         2   -0.64592677893097041886E-01
        62         5         3   -0.16333088458826075517E+00
        62         5         4   -0.15400844449585379681E+00
        62         5         5   -0.15358344109415916767E+00
        63         2         2   -0.11784378593220476428E+00
        63         2         3   -0.67764590811045799512E-01
        63         2         4   -0.20783359775795023916E+00
        63         2         5   -0.20194743011862589799E+00
        63         3         2   -0.10100893122326626283E+01
        63         3         3   -0.80101968976269122269E+00
        63         3         4   -0.91696665591976278531E+00
        63         3         5   -0.10330527772531006292E+01
        63         4         2   -0.78457531442310812775E+00
        63         4         3   -0.53744883756583095025E+00
        63         4         4   -0.68640594662973453133E+00
        63         4         5   -0.61348313748835614501E+00
        63         5         2   -0.10400222981369174058E+00
        63         5         3   -0.75274324656530181010E-01
        63         5         4   -0.94315152014342942821E-01
        63         5         5   -0.10211479982517447651E+00
        64         2         2   -0.38162998514314150356E-01
        64         2         3   -0.11762029811285091424E-01
        64         2         4   -0.83144553608365590058E-01
        64         2         5   -0.13413939527948656738E+00
        64         3         2   -0.70697308030179684124E+00
        64         3         3   -0.65299790239505595135E+00
        64         3         4   -0.94764725864707843872E+00
        64         3         5   -0.80032902914869075151E+00
        64         4         2   -0.87338428485999353157E+00
        64         4         3   -0.68810947627184559927E+00
        64         4         4   -0.65502257297725152707E+00
        64         4         5   -0.49714570796706830658E+00
        64         5         2   -0.13873636220899812632E+00
        64         5         3   -0.82219455728526513738E-01
        64         5         4   -0.85077418330768941890E-01
        64         5         5   -0.74948087903086976769E-01
        65         2         2   -0.12154712288232989714E+00
        65         2         3   -0.24905804070344386703E-01
        65         2         4   -0.86921998690884808014E-01
        65         2         5   -0.10188563751484464026E+00
        65         3         2   -0.89648578090602537571E+00
        65         3         3   -0.85159809679389775194E+00
        65         3         4   -0.69391278357175123492E+00
        65         3         5   -0.80349040376278113573E+00
        65         4         2   -0.83083168930391104734E+00
        65         4         3   -0.86448099877647122113E+00
        65         4         4   -0.61458383938193128504E+00
        65         4         5   -0.66257521856072176814E+00
        65         5         2   -0.54834266142635028352E-01
        65         5         3   -0.12351925087816414961E+00
        65         5         4   -0.12966199083656182456E+00
        65         5         5   -0.94854588843020823385E-01
        66         2         2   -0.27253665932838100350E+00
        66         2         3   -0.13143846534102754386E+00
        66         2         4   -0.97936966599140667933E-01
        66         2         5   -0.52631135204831709651E-01
        66         3         2   -0.12080236219805600140E+01
        66         3         3   -0.72527868967078612528E+00
        66         3         4   -0.85856782294791711418E+00
        66         3         5   -0.83712909111662692219E+00
        66         4         2   -0.65028342065189193022E+00
        66         4         3   -0.11446908651221645581E+01
        66         4         4   -0.85230696274922213007E+00
        66         4         5   -0.88917329906928466166E+00
        66         5         2   -0.26008635121751735864E-01
        66         5         3   -0.29838384792541272628E+00
        66         5         4   -0.19567140349133591015E+00
        66         5         5   -0.80179957483704017429E-01
        67         2         2   -0.15797980096912772607E+00
        67         2         3   -0.19454387477056861444E+00
        67         2         4   -0.13503460258379296199E+00
        67         2         5   -0.27155186148786886885E-01
        67         3         2   -0.87965374771926474473E+00
        67         3         3   -0.96813977721278987598E+00
        67         3         4   -0.62425058899796370682E+00
        67         3         5   -0.38441255787956662981E+00
        67         4         2   -0.45846290177551296541E+00
        67         4         3   -0.95242466945897430453E+00
        67         4         4   -0.91967474596245102347E+00
        67         4         5   -0.78812360440824136276E+00
        67         5         2   -0.42414910187871503189E-01
        67         5         3   -0.18000166160501707147E+00
        67         5         4   -0.10112941445067832880E+00
        67         5         5   -0.10614059083360227742E+00
        68         2         2   -0.12529795729436080109E+00
        68         2         3   -0.10871229856679869019E+00
        68         2         4   -0.10194935063381650731E+00
        68         2         5   -0.36395103790125518661E-01
        68         3         2   -0.76898430175418930332E+00
        68         3         3   -0.13817654446352394260E+01
        68         3         4   -0.91335862388745647777E+00
        68         3         5   -0.61455889847192124442E+00
        68         4         2   -0.76378637053336539964E+00
        68         4         3   -0.14186600914023064224E+01
        68         4         4   -0.10879582066475375068E+01
        68         4         5   -0.96053284427731289163E+00
        68         5         2   -0.33770612024726136269E-01
        68         5         3   -0.19472432418330742898E+00
        68         5         4   -0.12427108503612453727E+00
        68         5         5   -0.10052381791388621812E+00
        69         2         2   -0.70696482738005758661E-01
        69         2         3   -0.15407526206951338565E+00
        69         2         4   -0.96258140006677400669E-01
        69         2         5   -0.11417112621866973288E+00
        69         3         2   -0.53297829449831679582E+00
        69         3         3   -0.10565702870664082091E+01
        69         3         4   -0.11853557147021616114E+01
        69         3         5   -0.80751428082441278899E+00
        69         4         2   -0.34802931538702719383E+00
        69         4         3   -0.93236685256207452177E+00
        69         4         4   -0.13708212958605245912E+01
        69         4         5   -0.64901484097766926062E+00
        69         5         2   -0.61312606482280249121E-01
        69         5         3   -0.21200475185502634656E+00
        69         5         4   -0.17401042313310860488E+00
        69         5         5   -0.92152321242511728294E-01
        70         2         2   -0.90820860697310296095E-01
        70         2         3   -0.13474127877928154806E+00
        70         2         4   -0.10051982937291749354E+00
        70         2         5   -0.60320619746047868248E-01
        70         3         2   -0.81505275629985596275E+00
        70         3         3   -0.10712143765870476564E+01
        70         3         4   -0.99751040568520876750E+00
        70         3         5   -0.72123901139695012485E+00
        70         4         2   -0.75289324327715245744E+00
        70         4         3   -0.10324574326303523897E+01
        70         4         4   -0.14103563165707000415E+01
        70         4         5   -0.74093301697718350063E+00
        70         5         2   -0.11097136684087823000E+00
        70         5         3   -0.24351586334049640792E+00
        70         5         4   -0.16359373433082838312E+00
        70         5         5   -0.95220859497051640874E-01
        71         2         2   -0.52013446518481915026E-01
        71         2         3   -0.12086155238749396457E+00
        71         2         4   -0.64588935937727590120E-01
        71         2         5   -0.56377736885822135604E-01
        71         3         2   -0.87469639314783986794E+00
        71         3         3   -0.11996100820495096961E+01
        71         3         4   -0.89718476420962900431E+00
        71         3         5   -0.81115697827033039768E+00
        71         4         2   -0.12132406260109713791E+01
        71         4         3   -0.81006044783586705904E+00
        71         4         4   -0.13950165424311202766E+01
        71         4         5   -0.12002350598628677147E+01
        71         5         2   -0.19159853721491465484E+00
        71         5         3   -0.13314934715221080075E+00
        71         5         4   -0.31075706871795999442E+00
        71         5         5   -0.27024046392088008073E+00
        72         2         2   -0.78190345275324132923E-01
        72         2         3   -0.21344349575869511759E+00
        72         2         4   -0.10170428242721626932E+00
        72         2         5   -0.68232112126002983366E-01
        72         3         2   -0.58794894578765988236E+00
        72         3         3   -0.12012387429338966527E+01
        72         3         4   -0.10271354590575787480E+01
        72         3         5   -0.57260537800543231945E+00
        72         4         2   -0.34763322867183310549E+00
        72         4         3   -0.72590069851244221066E+00
        72         4         4   -0.88671026621910542520E+00
        72         4         5   -0.10155042453195533003E+01
        72         5         2   -0.51970259757384189639E-02
        72         5         3   -0.55614035352407165114E-01
        72         5         4   -0.21611142835024121922E+00
        72         5         5   -0.19863101600227206500E+00
        73         2         2   -0.12584043238187389568E+00
        73         2         3   -0.14352488933937834759E+00
        73         2         4   -0.14044548225570738231E+00
        73         2         5   -0.97955222267502251032E-01
        73         3         2   -0.64475730524884311556E+00
        73         3         3   -0.72833398626254597374E+00
        73         3         4   -0.97498683829677601498E+00
        73         3         5   -0.69342406206111217859E+00
        73         4         2   -0.55081808258229802977E+00
        73         4         3   -0.90916097800628170589E+00
        73         4         4   -0.10306977301728832419E+01
        73         4         5   -0.94341681709659963584E+00
        73         5         2   -0.88272475288939125648E-01
        73         5         3   -0.14072818949950940959E+00
        73         5         4   -0.18051068206271217442E+00
        73         5         5   -0.16402829933985055288E+00
        74         2         2   -0.23351324135052553554E+00
        74         2         3   -0.18191656474734524407E+00
        74         2         4   -0.10055783288101158290E+00
        74         2         5   -0.88795907366198245647E-01
        74         3         2   -0.90485134644412223981E+00
        74         3         3   -0.81248596185627874888E+00
        74         3         4   -0.98221209589103541937E+00
        74         3         5   -0.66725818505186518248E+00
        74         4         2   -0.69221085521778979999E+00
        74         4         3   -0.79827450288752255236E+00
        74         4         4   -0.12301543652612496604E+01
        74         4         5   -0.92292129160735247861E+00
        74         5         2   -0.14214445818526544318E+00
        74         5         3   -0.87237570056818189435E-01
        74         5         4   -0.13164918687007179376E+00
        74         5         5   -0.41591762354135503044E-01
        75         2         2   -0.16246956478963286985E+00
        75         2         3   -0.13699122281317985261E+00
        75         2         4   -0.91035202344260796048E-01
        75         2         5   -0.96179398729077700270E-01
        75         3         2   -0.83663063733547970990E+00
        75         3         3   -0.12434717029594357651E+01
        75         3         4   -0.57563685134831321655E+00
        75         3         5   -0.82606927138456898163E+00
        75         4         2   -0.74190519268365229255E+00
        75         4         3   -0.10824999830489279162E+01
        75         4         4   -0.76261700648329788788E+00
        75         4         5   -0.68548307776937988933E+00
        75         5         2   -0.23699356116422115592E+00
        75         5         3   -0.12982655279129545756E+00
        75         5         4   -0.55564520297471789445E-01
        75         5         5   -0.81792806232471135242E-01
        76         2         2   -0.16004877638955156138E+00
        76         2         3   -0.11565302798059447220E+00
        76         2         4   -0.15533621781787615435E+00
        76         2         5   -0.55092049459791785082E-01
        76         3         2   -0.90836746779309918143E+00
        76         3         3   -0.80842316000034208923E+00
        76         3         4   -0.61427528220194349551E+00
        76         3         5   -0.55952543491268891263E+00
        76         4         2   -0.59912977982107884500E+00
        76         4         3   -0.87744828587888590299E+00
        76         4         4   -0.55487807588702797723E+00
        76         4         5   -0.59983673758081368366E+00
        76         5         2   -0.40503425748196673906E-01
        76         5         3   -0.61436071170581002532E-01
        76         5         4   -0.88344151222145964053E-01
        76         5         5   -0.16370590350274957792E+00
        77         2         2   -0.14777780143324648066E+00
        77         2         3   -0.25137660765823904852E+00
        77         2         4   -0.11650325275757683618E+00
        77         2         5   -0.15365249382153800539E+00
        77         3         2   -0.76285373779646137304E+00
        77         3         3   -0.12615923301944835799E+01
        77         3         4   -0.96216770033170961884E+00
        77         3         5   -0.13204213118060856846E+01
        77         4         2   -0.41849986576168052288E+00
        77         4         3   -0.66675987949981285752E+00
        77         4         4   -0.91806944830308190308E+00
        77         4         5   -0.66646453554438878086E+00
        77         5         2   -0.29502477701964294893E-01
        77         5         3   -0.36418130964628093495E-03
        77         5         4   -0.88716314954981861929E-01
        77         5         5   -0.11766114079104156298E+00
        78         2         2   -0.11854070974356055446E+00
        78         2         3   -0.17952320173166802508E+00
        78         2         4   -0.91323751774100528356E-01
        78         2         5   -0.13515892801756324015E+00
        78         3         2   -0.72647364588527973961E+00
        78         3         3   -0.99987750438030986722E+00
        78         3         4   -0.10905432888697765836E+01
        78         3         5   -0.11948536183821725221E+01
        78         4         2   -0.52249517507820841811E+00
        78         4         3   -0.68097152157951368334E+00
        78         4         4   -0.11077220831512022414E+01
        78         4         5   -0.77900870210444939090E+00
        78         5         2   -0.33734552516310127579E-01
        78         5         3   -0.39775838281182071543E-01
        78         5         4   -0.13496781938876079021E+00
        78         5         5   -0.12242178571354513095E+00
        79         2         2   -0.15556343201569391987E+00
        79         2         3   -0.15562328873436606647E+00
        79         2         4   -0.14609220189444976912E+00
        79         2         5   -0.17912447442356957406E+00
        79         3         2   -0.72238591414985964256E+00
        79         3         3   -0.11301306711585641374E+01
        79         3         4   -0.13149763197105397428E+01
        79         3         5   -0.88726488608092202170E+00
        79         4         2   -0.82033777667577867376E+00
        79         4         3   -0.79702679751886518211E+00
        79         4         4   -0.10237864216323260269E+01
        79         4         5   -0.53427076176899379600E+00
        79         5         2   -0.11170654117017228546E+00
        79         5         3   -0.76465244912935478871E-01
        79         5         4   -0.11554883704957798207E+00
        79         5         5   -0.12739150026372372815E+00
        80         2         2   -0.14387196433048421440E+00
        80         2         3   -0.16289678823365563720E+00
        80         2         4   -0.15464998585032471712E+00
        80         2         5   -0.15271198221569814990E+00
        80         3         2   -0.75256875235431419657E+00
        80         3         3   -0.82318453973344840602E+00
        80         3         4   -0.11558625056511258045E+01
        80         3         5   -0.99513440484025128541E+00
        80         4         2   -0.11533932580751564689E+01
        80         4         3   -0.81631411523973351763E+00
        80         4         4   -0.11606360952208416570E+01
        80         4         5   -0.79148616316667219639E+00
        80         5         2   -0.11323429526985019644E+00
        80         5         3   -0.11278953215509354702E+00
        80         5         4   -0.11184130989090242114E+00
        80         5         5   -0.13579517739757263062E+00
        81         2         2   -0.13200403191642429146E+00
        81         2         3   -0.18667121904789127362E+00
        81         2         4   -0.92545196825348841063E-01
        81         2         5   -0.23540962929520167779E-01
        81         3         2   -0.68925234338745222651E+00
        81         3         3   -0.11893927617674717734E+01
        81         3         4   -0.86680592092199093557E+00
        81         3         5   -0.44628938625316899591E+00
        81         4         2   -0.10247724653898164782E+01
        81         4         3   -0.10330941057255702553E+01
        81         4         4   -0.10914578455043126848E+01
        81         4         5   -0.74103914705533713292E+00
        81         5         2   -0.11471586508998564413E+00
        81         5         3   -0.15924587260909955910E+00
        81         5         4   -0.18877054815557287037E+00
        81         5         5   -0.14360255178015249311E+00
        82         2         2   -0.20579224703463641633E-01
        82         2         3   -0.10148248668761303271E+00
        82         2         4   -0.10719514355140788431E+00
        82         2         5   -0.54009156008827281792E-01
        82         3         2   -0.53474086074074733688E+00
        82         3         3   -0.72455618578654656936E+00
        82         3         4   -0.96581605618040333727E+00
        82         3         5   -0.69923637272297212153E+00
        82         4         2   -0.92713865451328647538E+00
        82         4         3   -0.69586616717386484687E+00
        82         4         4   -0.86529307141230826783E+00
        82         4         5   -0.11935913204578254554E+01
        82         5         2   -0.12622209678475213024E+00
        82         5         3   -0.11983295168554811139E+00
        82         5         4   -0.16274990776564079997E+00
        82         5         5   -0.16720872174135278931E+00
        83         2         2   -0.77380763352712114700E-01
        83         2         3   -0.26682794465325714722E-01
        83         2         4   -0.14281292583599486390E+00
        83         2         5   -0.12173703773268335082E+00
        83         3         2   -0.69953269263133699418E+00
        83         3         3   -0.64477338329110500670E+00
        83         3         4   -0.96789816290416241795E+00
        83         3         5   -0.75305871765479059921E+00
        83         4         2   -0.10432111507529455707E+01
        83         4         3   -0.79811964203733354317E+00
        83         4         4   -0.67094608562059154799E+00
        83         4         5   -0.79307855033181540172E+00
        83         5         2   -0.12297633085973723455E+00
        83         5         3   -0.12660788844334502912E+00
        83         5         4   -0.77800806944641212604E-01
        83         5         5   -0.11462464400310531931E+00
        84         2         2   -0.51801320021159197315E-01
        84         2         3   -0.89112441964984259735E-01
        84         2         4   -0.10978769928361489794E+00
        84         2         5   -0.17239316373098154123E+00
        84         3         2   -0.75202463667305186057E+00
        84         3         3   -0.71740816693123787839E+00
        84         3         4   -0.91106146644897589848E+00
        84         3         5   -0.91887357693450089080E+00
        84         4         2   -0.78529543355977637908E+00
        84         4         3   -0.10136487473503938972E+01
        84         4         4   -0.10401511078040470704E+01
        84         4         5   -0.88567848994159970033E+00
        84         5         2   -0.94507530510498288789E-01
        84         5         3   -0.11513625622060076614E+00
        84         5         4   -0.11657336994365315175E+00
        84         5         5   -0.89141561520589329692E-01
        85         2         2   -0.25953920878113234672E+00
        85         2         3   -0.93934188631065271280E-01
        85         2         4   -0.97491892064508575699E-01
        85         2         5   -0.14002730199740842654E+00
        85         3         2   -0.99477262464256599461E+00
        85         3         3   -0.60023815839668004379E+00
        85         3         4   -0.80799252384100883617E+00
        85         3         5   -0.83440564363573066498E+00
        85         4         2   -0.70266369542754780753E+00
        85         4         3   -0.94515931163705091400E+00
        85         4         4   -0.12344561866854022458E+01
        85         4         5   -0.64855544991921254550E+00
        85         5         2   -0.10009297042079397244E+00
        85         5         3   -0.16008311451477993947E+00
        85         5         4   -0.30703502857419284755E+00
        85         5         5   -0.94851706673822477889E-01
        86         2         2   -0.19315806120292330905E+00
        86         2         3   -0.14681006125907894444E+00
        86         2         4   -0.15962311481877455854E+00
        86         2         5   -0.13764649651313404233E+00
        86         3         2   -0.87818381071628937029E+00
        86         3         3   -0.80482183344649182999E+00
        86         3         4   -0.72496891051374345860E+00
        86         3         5   -0.72099699411070827804E+00
        86         4         2   -0.47780276214754124897E+00
        86         4         3   -0.90289128314348543469E+00
        86         4         4   -0.90402704286864521421E+00
        86         4         5   -0.61741770268409523759E+00
        86         5         2   -0.44301504002862410192E-01
        86         5         3   -0.96441908496522399385E-01
        86         5         4   -0.16035031973094657221E+00
        86         5         5   -0.29556596351072796786E-01
        87         2         2   -0.64068820125273914790E-01
        87         2         3   -0.39286486611265748758E-01
        87         2         4   -0.12195551642919041924E+00
        87         2         5   -0.14840626941821896678E+00
        87         3         2   -0.63443960010762034951E+00
        87         3         3   -0.60665908831509651744E+00
        87         3         4   -0.74323396531682506261E+00
        87         3         5   -0.78076833808509549240E+00
        87         4         2   -0.33322365364511136177E+00
        87         4         3   -0.99441066019425883304E+00
        87         4         4   -0.10334130274947752604E+01
        87         4         5   -0.52744728523439654566E+00
        87         5         2   -0.63677484673100109847E-01
        87         5         3   -0.18871253054916986569E+00
        87         5         4   -0.27694685119416567742E+00
        87         5         5   -0.11669645081787714813E+00
        88         2         2   -0.12345030440024859497E+00
        88         2         3   -0.13537746049026444517E+00
        88         2         4   -0.18693755197626377162E+00
        88         2         5   -0.15632649640790777235E+00
        88         3         2   -0.63514075083574272895E+00
        88         3         3   -0.75936986990843746703E+00
        88         3         4   -0.79657368914575132912E+00
        88         3         5   -0.77284870416112427804E+00
        88         4         2   -0.58485742169123799972E+00
        88         4         3   -0.91693091570863083373E+00
        88         4         4   -0.10712763342792703813E+01
        88         4         5   -0.11146956133312313497E+01
        88         5         2   -0.12411016367186371301E+00
        88         5         3   -0.12191747762348247031E+00
        88         5         4   -0.12810527623734074831E+00
        88         5         5   -0.98477782812885550356E-01
        89         2         2   -0.73752128475582393041E-01
        89         2         3   -0.46510667093587358678E-01
        89         2         4   -0.13565915556827129462E+00
        89         2         5   -0.23433082542602676202E+00
        89         3         2   -0.64700501159195578094E+00
        89         3         3   -0.61851102437352545316E+00
        89         3         4   -0.78888901690517332366E+00
        89         3         5   -0.76988739134066741521E+00
        89         4         2   -0.99775556103270512942E+00
        89         4         3   -0.91699950345075742497E+00
        89         4         4   -0.96022024067861355690E+00
        89         4         5   -0.89269057363959503082E+00
        89         5         2   -0.27357555520267201610E+00
        89         5         3   -0.18345604484105218490E+00
        89         5         4   -0.22512111015890001742E+00
        89         5         5   -0.97437837359657636371E-01
        90         2         2   -0.14139535807334135953E+00
        90         2         3   -0.13749525740721779687E+00
        90         2         4   -0.97784907941057180869E-01
        90         2         5   -0.17231180595701256486E+00
        90         3         2   -0.55012337147071566079E+00
        90         3         3   -0.69213185955697553720E+00
        90         3         4   -0.93012538508339048793E+00
        90         3         5   -0.11036973758638513043E+01
        90         4         2   -0.67829504909245974531E+00
        90         4         3   -0.90672494913257684068E+00
        90         4         4   -0.97689091110024961484E+00
        90         4         5   -0.99187778109290192230E+00
        90         5         2   -0.13972365112845394619E+00
        90         5         3   -0.12922240112110461308E+00
        90         5         4   -0.19863312987508116580E+00
        90         5         5   -0.10528982222202785957E+00
        91         2         2   -0.84919899032007764572E-01
        91         2         3   -0.18646599427028920370E+00
        91         2         4   -0.57115627867951448970E-01
        91         2         5   -0.10431477681163295324E+00
        91         3         2   -0.77302898746692094711E+00
        91         3         3   -0.13204016651735492882E+01
        91         3         4   -0.98709668826644658690E+00
        91         3         5   -0.95350431326067075499E+00
        91         4         2   -0.73880972505819753060E+00
        91         4         3   -0.11865667598805644811E+01
        91         4         4   -0.93402416206233074281E+00
        91         4         5   -0.48304122748132982679E+00
        91         5         2   -0.12238307605964562907E+00
        91         5         3   -0.16595894644373643256E+00
        91         5         4   -0.11797222847025075343E+00
        91         5         5   -0.21753158935887303288E-01
        92         2         2   -0.10311912880742118981E+00
        92         2         3   -0.74664346117208235665E-01
        92         2         4   -0.88353212520590959644E-01
        92         2         5   -0.13545832746882169317E+00
        92         3         2   -0.64953160297203360596E+00
        92         3         3   -0.75122925020428621412E+00
        92         3         4   -0.61983905779396453184E+00
        92         3         5   -0.85316203455585248872E+00
        92         4         2   -0.84587802590238114764E+00
        92         4         3   -0.71454693324171381086E+00
        92         4         4   -0.80001799439358933785E+00
        92         4         5   -0.63781167443993813659E+00
        92         5         2   -0.18283216524628470578E+00
        92         5         3   -0.11646088911985402747E+00
        92         5         4   -0.12336621827867989831E+00
        92         5         5   -0.99012806707962808250E-01
        93         2         2   -0.16844700670727835723E+00
        93         2         3   -0.10023498303515047947E+00
        93         2         4   -0.12629458106332450140E+00
        93         2         5   -0.88339955136729028662E-01
        93         3         2   -0.84864145046802519357E+00
        93         3         3   -0.77163102898367708082E+00
        93         3         4   -0.84145440771685475756E+00
        93         3         5   -0.80187180711654848508E+00
        93         4         2   -0.50995892394633102196E+00
        93         4         3   -0.12329976527964017219E+01
        93         4         4   -0.99129767896388409909E+00
        93         4         5   -0.81831460957002633005E+00
        93         5         2   -0.92910967159984397812E-01
        93         5         3   -0.23700612937425311055E+00
        93         5         4   -0.11810627024285964837E+00
        93         5         5   -0.85688872152375292202E-01
        94         2         2   -0.14462994762692010786E+00
        94         2         3   -0.19893921467313321894E+00
        94         2         4   -0.25776979895213281146E+00
        94         2         5   -0.13448049675153703197E+00
        94         3         2   -0.91098230246866052084E+00
        94         3         3   -0.10629302600198065054E+01
        94         3         4   -0.13056088066185886909E+01
        94         3         5   -0.82051728766916132152E+00
        94         4         2   -0.57936244896594801812E+00
        94         4         3   -0.84506916868472625737E+00
        94         4         4   -0.11219056264727824690E+01
        94         4         5   -0.89052025802060075232E+00
        94         5         2   -0.11364255671331563446E+00
        94         5         3   -0.12381197462909951379E+00
        94         5         4   -0.13745045561248450672E+00
        94         5         5   -0.70867122340424415494E-01
        95         2         2   -0.44390642288707725382E-01
        95         2         3   -0.18823558610640447886E+00
        95         2         4   -0.15662083477785646024E+00
        95         2         5   -0.15845980148744887028E+00
        95         3         2   -0.61098880791285836711E+00
        95         3         3   -0.11938627327307074211E+01
        95         3         4   -0.78249650496024658608E+00
        95         3         5   -0.68423569450737953268E+00
        95         4         2   -0.10747255179937036385E+01
        95         4         3   -0.13914383613812519869E+01
        95         4         4   -0.96786787094280013477E+00
        95         4         5   -0.52277903667174629998E+00
        95         5         2   -0.25230566951006944132E+00
        95         5         3   -0.12541898336355447596E+00
        95         5         4   -0.17790530675426377560E+00
        95         5         5   -0.93045000076473774464E-01
        96         2         2   -0.30408747569227775887E-01
        96         2         3   -0.72583866953745801442E-01
        96         2         4   -0.88481195837470175136E-01
        96         2         5   -0.23365437890965023993E+00
        96         3         2   -0.45712597660578002667E+00
        96         3         3   -0.94919812312613671690E+00
        96         3         4   -0.10254648590256747465E+01
        96         3         5   -0.86213557068706780928E+00
        96         4         2   -0.64558037558113090526E+00
        96         4         3   -0.12054119712303179579E+01
        96         4         4   -0.83675055635448158942E+00
        96         4         5   -0.74237439182354880707E+00
        96         5         2   -0.11944200378640777715E+00
        96         5         3   -0.93127469429444803550E-01
        96         5         4   -0.91892464467882586932E-01
        96         5         5   -0.12699241295401705876E+00
        97         2         2   -0.15954513456355087775E+00
        97         2         3   -0.80824600595582649087E-01
        97         2         4   -0.11587349356829047820E+00
        97         2         5   -0.16838801179301196576E+00
        97         3         2   -0.56929574576225483451E+00
        97         3         3   -0.75051146013046043937E+00
        97         3         4   -0.12633994184196062349E+01
        97         3         5   -0.98854796540318012887E+00
        97         4         2   -0.44560049501377912984E+00
        97         4         3   -0.95301527701140986704E+00
        97         4         4   -0.10170263495545197596E+01
        97         4         5   -0.71952326773868569010E+00
        97         5         2   -0.39202276023516599568E-01
        97         5         3   -0.59249216111768483739E-01
        97         5         4   -0.22162145044749748113E+00
        97         5         5   -0.16636582845526318164E+00
        98         2         2   -0.31399542705712563118E+00
        98         2         3   -0.21211282383626506309E+00
        98         2         4   -0.12282800368873782182E+00
        98         2         5   -0.16857234670985316027E+00
        98         3         2   -0.11910398362988554588E+01
        98         3         3   -0.93380084169091570612E+00
        98         3         4   -0.53028355495119228191E+00
        98         3         5   -0.57106241580228533916E+00
        98         4         2   -0.65344958945999132016E+00
        98         4         3   -0.76308168103532747484E+00
        98         4         4   -0.55772169031587526256E+00
        98         4         5   -0.67595055169576701015E+00
        98         5         2   -0.12874639262156040154E+00
        98         5         3   -0.11563529058006009886E+00
        98         5         4   -0.49658843083768985927E-01
        98         5         5   -0.73628615120265306082E-01
        99         2         2   -0.20943080228932875464E+00
        99         2         3   -0.17767330122419874860E+00
        99         2         4   -0.43750132051227276497E-01
        99         2         5   -0.12029981648335096034E+00
        99         3         2   -0.84732706229571030931E+00
        99         3         3   -0.71069155800801886436E+00
        99         3         4   -0.28944962682808361709E+00
        99         3         5   -0.48872824748812176976E+00
        99         4         2   -0.47456378893100348293E+00
        99         4         3   -0.53066379639005822888E+00
        99         4         4   -0.67756612827863238468E+00
        99         4         5   -0.89595427208951095022E+00
        99         5         2   -0.10564535663231366946E+00
        99         5         3   -0.18693700796807249942E+00
        99         5         4   -0.12499405159910351171E+00
        99         5         5   -0.92016029759826006851E-01
       100         2         2   -0.12204569730219963497E+00
       100         2         3   -0.64622253556620629089E-01
       100         2         4   -0.99901850299882771766E-01
       100         2         5   -0.11892968256936492510E+00
       100         3         2   -0.40836956474356367330E+00
       100         3         3   -0.50912463162352572521E+00
       100         3         4   -0.54599198816590699401E+00
       100         3         5   -0.63545254505587933647E+00
       100         4         2   -0.62205425775487943607E+00
       100         4         3   -0.49442459106784147904E+00
       100         4         4   -0.87568029171166561486E+00
       100         4         5   -0.58308287770034072928E+00
       100         5         2   -0.39746082501071818005E-01
       100         5         3   -0.78357099129617802102E-01
       100         5         4   -0.24639058811602934651E+00
       100         5         5   -0.14321001579034903228E+00
       101         2         2   -0.13524346650807408943E+00
       101         2         3   -0.71595694172290447188E-01
       101         2         4   -0.14681811975100841905E+00
       101         2         5   -0.26938904123264578727E+00
       101         3         2   -0.11782270022528074094E+01
       101         3         3   -0.72451442833249712905E+00
       101         3         4   -0.91475938138790513499E+00
       101         3         5   -0.66329750590243907737E+00
       101         4         2   -0.92499249504223834961E+00
       101         4         3   -0.55399499216148029301E+00
       101         4         4   -0.69242451158197948491E+00
       101         4         5   -0.64008085530054636969E+00
       101         5         2   -0.13750111289409461257E+00
       101         5         3   -0.53964832276115669296E-01
       101         5         4   -0.16521589788691085077E+00
       101         5         5   -0.10391671316300415961E+00
