         2         2         2   -0.20418059605940752643E+00
         2         2         3   -0.13424516560819715894E+00
         2         2         4   -0.71232306632573183514E-01
         2         2         5   -0.38063319301106679493E-01
         2         3         2   -0.98764802125608242012E+00
         2         3         3   -0.59492654749776707757E+00
         2         3         4   -0.53008061030715702966E+00
         2         3         5   -0.33135501082948409790E+00
         2         4         2   -0.69603503799591703860E+00
         2         4         3   -0.74792921695590708353E+00
         2         4         4   -0.64380290036002418841E+00
         2         4         5   -0.83059575948964314840E+00
         2         5         2   -0.61811585569961011166E-01
         2         5         3   -0.13028304965255937953E+00
         2         5         4   -0.42048898581612516312E-01
         2         5         5   -0.11325839847375079872E+00
         3         2         2   -0.97394157824666843792E-01
         3         2         3   -0.19345577476885639223E+00
         3         2         4   -0.94794483506163387809E-01
         3         2         5   -0.12281859949620800576E+00
         3         3         2   -0.10634965928866284557E+01
         3         3         3   -0.80545709120887487575E+00
         3         3         4   -0.67257978114069438824E+00
         3         3         5   -0.65011471940176990270E+00
         3         4         2   -0.86725611186924966844E+00
         3         4         3   -0.59935915583057819411E+00
         3         4         4   -0.11230821817866405432E+01
         3         4         5   -0.56178576255391665661E+00
         3         5         2   -0.44473910212483751259E-01
         3         5         3   -0.52322975632677029556E-01
         3         5         4   -0.19882344339151922230E+00
         3         5         5   -0.94016533559703532874E-01
         4         2         2   -0.35386076014486962660E-01
         4         2         3   -0.12179701800437606196E+00
         4         2         4   -0.14966448408126223346E+00
         4         2         5   -0.54515130592722199632E-01
         4         3         2   -0.38406643892510677896E+00
         4         3         3   -0.79002730273113774828E+00
         4         3         4   -0.80449963838643723246E+00
         4         3         5   -0.83054379680726875268E+00
         4         4         2   -0.80624800101681426412E+00
         4         4         3   -0.76589702111152702102E+00
         4         4         4   -0.97956083699245910523E+00
         4         4         5   -0.79931714590889568761E+00
         4         5         2   -0.60388498408289442709E-01
         4         5         3   -0.12114088259965469230E+00
         4         5         4   -0.20491822290495023684E+00
         4         5         5   -0.69911378376493082953E-01
         5         2         2   -0.18573345208083666402E-01
         5         2         3   -0.98173108629109523404E-01
         5         2         4   -0.10442610939388941027E+00
         5         2         5   -0.92084011524007969296E-01
         5         3         2   -0.48792504054408369907E+00
         5         3         3   -0.64848959200459632690E+00
         5         3         4   -0.84537504293298559865E+00
         5         3         5   -0.39001629724842501457E+00
         5         4         2   -0.52154792790706228089E+00
         5         4         3   -0.77313578929075033042E+00
         5         4         4   -0.76526645728084918829E+00
         5         4         5   -0.31210287594045871273E+00
         5         5         2   -0.93498817882295359727E-01
         5         5         3   -0.14768070476005629166E+00
         5         5         4   -0.16437964570551374943E+00
         5         5         5   -0.34513492040186152798E-01
         6         2         2   -0.25470122369039633475E-01
         6         2         3   -0.13343489809298691995E+00
         6         2         4   -0.30669306353960212180E-01
         6         2         5   -0.81174721451005890649E-01
         6         3         2   -0.61210597786470155590E+00
         6         3         3   -0.90549983580815485151E+00
         6         3         4   -0.38113849873177252370E+00
         6         3         5   -0.38263384436793712595E+00
         6         4         2   -0.95762178174727186075E+00
         6         4         3   -0.10680334019118953304E+01
         6         4         4   -0.71256272654172769787E+00
         6         4         5   -0.49094959941019955529E+00
         6         5         2   -0.18432651663708574108E+00
         6         5         3   -0.24208109352333440079E+00
         6         5         4   -0.15635233539369880473E+00
         6         5         5   -0.55353932844200676167E-01
         7         2         2   -0.44785071252666432129E-01
         7         2         3   -0.10988652268780202750E-01
         7         2         4   -0.14014474267216549958E-01
         7         2         5   -0.99424430824908968662E-01
         7         3         2   -0.79254183451826665241E+00
         7         3         3   -0.54526134164945583294E+00
         7         3         4   -0.69159345150748519071E+00
         7         3         5   -0.74158788355086746602E+00
         7         4         2   -0.93361518606687732280E+00
         7         4         3   -0.10919114055379146588E+01
         7         4         4   -0.92594667142357656164E+00
         7         4         5   -0.74070894409031085015E+00
         7         5         2   -0.73073033716361757151E-01
         7         5         3   -0.21585347472440186145E+00
         7         5         4   -0.13412383946770123355E+00
         7         5         5   -0.93265995091887446411E-01
         8         2         2   -0.17029887231132290193E+00
         8         2         3   -0.12536573230548700431E+00
         8         2         4   -0.59838823374437091762E-01
         8         2         5   -0.25539727204522605364E-01
         8         3         2   -0.71673790392839087371E+00
         8         3         3   -0.93458479373634439913E+00
         8         3         4   -0.62812448576172441594E+00
         8         3         5   -0.65869911757734322943E+00
         8         4         2   -0.86649342563429054831E+00
         8         4         3   -0.10754616126983254087E+01
         8         4         4   -0.96353650370313514983E+00
         8         4         5   -0.77087484104446823974E+00
         8         5         2   -0.88454249090901784780E-01
         8         5         3   -0.52895835615284741982E-01
         8         5         4   -0.11939789204285435054E+00
         8         5         5   -0.17008081255643126006E+00
         9         2         2   -0.12913222928675660572E+00
         9         2         3   -0.85436928082034208076E-01
         9         2         4   -0.60420548735898513271E-01
         9         2         5   -0.12715942836257315696E+00
         9         3         2   -0.71816187419421229077E+00
         9         3         3   -0.93121553899076059402E+00
         9         3         4   -0.68813766658033082013E+00
         9         3         5   -0.68223202513828340443E+00
         9         4         2   -0.11758278706013682857E+01
         9         4         3   -0.11165147516890665536E+01
         9         4         4   -0.73489975324421230596E+00
         9         4         5   -0.87172911539161401784E+00
         9         5         2   -0.17351217841592797564E+00
         9         5         3   -0.15103744398417884298E+00
         9         5         4   -0.53218236484894147764E-01
         9         5         5   -0.13403094854194136376E+00
        10         2         2   -0.27300300393229323670E-01
        10         2         3   -0.56750528357583020223E-01
        10         2         4   -0.70739914609030424275E-01
        10         2         5   -0.93187678132745810355E-01
        10         3         2   -0.48697279552906297395E+00
        10         3         3   -0.45919774569821264487E+00
        10         3         4   -0.77533509091568553195E+00
        10         3         5   -0.64948682237477162182E+00
        10         4         2   -0.65868594591591222986E+00
        10         4         3   -0.72689216919762011937E+00
        10         4         4   -0.96690468686907204976E+00
        10         4         5   -0.53965250387476537686E+00
        10         5         2   -0.13307120869161451204E+00
        10         5         3   -0.17561045639004896346E+00
        10         5         4   -0.16805175901505034486E+00
        10         5         5   -0.89421932514002516745E-01
        11         2         2   -0.46081870962729226671E-01
        11         2         3   -0.71125407768351495141E-01
        11         2         4   -0.90656155869327501029E-01
        11         2         5   -0.15959360160635110981E+00
        11         3         2   -0.67193634561310400244E+00
        11         3         3   -0.82038419176007926215E+00
        11         3         4   -0.10387439753947991239E+01
        11         3         5   -0.15497391170983505493E+01
        11         4         2   -0.41497082803562246323E+00
        11         4         3   -0.48823832017259094496E+00
        11         4         4   -0.91026439059999963987E+00
        11         4         5   -0.90712729232810962454E+00
        11         5         2   -0.32395423833869674279E-01
        11         5         3   -0.43298028376755455515E-01
        11         5         4   -0.16003137708538744954E+00
        11         5         5   -0.21782851013579376809E+00
        12         2         2   -0.19510047037034253248E+00
        12         2         3   -0.16019276458938544461E+00
        12         2         4   -0.11881814365691625857E+00
        12         2         5   -0.19954847450893381522E+00
        12         3         2   -0.89829530355284847865E+00
        12         3         3   -0.87330597037230972557E+00
        12         3         4   -0.57080446339583468252E+00
        12         3         5   -0.83208346269063793166E+00
        12         4         2   -0.47440036179453931586E+00
        12         4         3   -0.56328437423033050901E+00
        12         4         4   -0.83371915882923475216E+00
        12         4         5   -0.67853354992776826471E+00
        12         5         2   -0.75927700418291763085E-01
        12         5         3   -0.12204532679554919161E+00
        12         5         4   -0.16767680331416318085E+00
        12         5         5   -0.11603889975083983566E+00
        13         2         2   -0.12100358952285890368E+00
        13         2         3   -0.21942426386228616741E+00
        13         2         4   -0.65654572938110403180E-01
        13         2         5   -0.19751553001066032844E+00
        13         3         2   -0.61824111236867529406E+00
        13         3         3   -0.11431006530033807067E+01
        13         3         4   -0.73173996363913662577E+00
        13         3         5   -0.92792609547536919479E+00
        13         4         2   -0.56636909351516306899E+00
        13         4         3   -0.56757431323286944291E+00
        13         4         4   -0.46008922080722403081E+00
        13         4         5   -0.50641864171004802309E+00
        13         5         2   -0.90306684821859425916E-01
        13         5         3   -0.71814623348297357275E-01
        13         5         4   -0.62571653848870353865E-01
        13         5         5   -0.86962859175430257119E-01
        14         2         2   -0.65144823094148901488E-01
        14         2         3   -0.13945464626222323079E+00
        14         2         4   -0.78128274394480612397E-01
        14         2         5   -0.45555199431862425374E-01
        14         3         2   -0.86644716199305715776E+00
        14         3         3   -0.72447816930742159336E+00
        14         3         4   -0.80302482684766618437E+00
        14         3         5   -0.69332913453897371259E+00
        14         4         2   -0.68348782840055832821E+00
        14         4         3   -0.10606569796553224627E+01
        14         4         4   -0.66081513198571140144E+00
        14         4         5   -0.42539058732582046840E+00
        14         5         2   -0.49175027196103740512E-01
        14         5         3   -0.16319511575235925993E+00
        14         5         4   -0.53579981103677690180E-01
        14         5         5   -0.61951819377881578443E-01
        15         2         2   -0.86136203941600819611E-01
        15         2         3   -0.58638054032039088614E-01
        15         2         4   -0.36773956774659652402E-01
        15         2         5   -0.30778661831582327865E-02
        15         3         2   -0.91903241693653747735E+00
        15         3         3   -0.57918299454879496047E+00
        15         3         4   -0.54547122502316869319E+00
        15         3         5   -0.48031289250413605751E+00
        15         4         2   -0.72970422307760252068E+00
        15         4         3   -0.89386362184813261678E+00
        15         4         4   -0.11142142669260979293E+01
        15         4         5   -0.93822273206843909144E+00
        15         5         2   -0.68423831930028641835E-01
        15         5         3   -0.12336009766334272986E+00
        15         5         4   -0.22422845343488340131E+00
        15         5         5   -0.17854756398766083447E+00
        16         2         2   -0.56634646414399206216E-01
        16         2         3   -0.11218518546900448085E+00
        16         2         4   -0.14335874126463998834E+00
        16         2         5   -0.80832492149111090374E-01
        16         3         2   -0.57362102851737384324E+00
        16         3         3   -0.95945138466326029825E+00
        16         3         4   -0.86148853740385300526E+00
        16         3         5   -0.29803734643905666069E+00
        16         4         2   -0.57586927096233853085E+00
        16         4         3   -0.71411178072497016878E+00
        16         4         4   -0.81529365997624447804E+00
        16         4         5   -0.48222986044685084428E+00
        16         5         2   -0.25957245012586081800E-01
        16         5         3   -0.19279598592143232239E-01
        16         5         4   -0.14176131120044566103E+00
        16         5         5   -0.80023401154053652728E-01
        17         2         2   -0.43047533903130930089E-01
        17         2         3   -0.94184868342660113538E-01
        17         2         4   -0.18518033817515208717E+00
        17         2         5   -0.10889600477864924688E+00
        17         3         2   -0.74555931273692244154E+00
        17         3         3   -0.11026443998160777582E+01
        17         3         4   -0.87939862302534721472E+00
        17         3         5   -0.49610772754091164716E+00
        17         4         2   -0.94228648718513763338E+00
        17         4         3   -0.90118315478775756766E+00
        17         4         4   -0.80722869249963835614E+00
        17         4         5   -0.10298515157013397037E+01
        17         5         2   -0.42157305759971265557E-01
        17         5         3   -0.57725122691567341826E-01
        17         5         4   -0.11098327425117052170E+00
        17         5         5   -0.19163982938578388859E+00
        18         2         2   -0.46773521816202597023E-02
        18         2         3   -0.63949864565640501812E-01
        18         2         4   -0.10191883203461182816E+00
        18         2         5   -0.26540851299202406627E-01
        18         3         2   -0.97894977276381545117E+00
        18         3         3   -0.86695369280698619807E+00
        18         3         4   -0.10751680119325881524E+01
        18         3         5   -0.56001714005970659738E+00
        18         4         2   -0.95988654064005995981E+00
        18         4         3   -0.10564446105529072817E+01
        18         4         4   -0.10557486762220571475E+01
        18         4         5   -0.71307961436233291419E+00
        18         5         2   -0.12876026454048253300E+00
        18         5         3   -0.16167302478518608133E+00
        18         5         4   -0.12357433980283707986E+00
        18         5         5   -0.88829370336449872680E-01
        19         2         2   -0.45190441635748562765E-01
        19         2         3   -0.15931172749585106874E+00
        19         2         4   -0.48988622269075653148E-01
        19         2         5   -0.11788347294560359846E+00
        19         3         2   -0.11706289935258555879E+01
        19         3         3   -0.70267081921961249691E+00
        19         3         4   -0.68785116081188679704E+00
        19         3         5   -0.79634951838747569663E+00
        19         4         2   -0.97553638633855643825E+00
        19         4         3   -0.56798609074921768691E+00
        19         4         4   -0.69586285306269246576E+00
        19         4         5   -0.73065556625781169497E+00
        19         5         2   -0.61608091867430270216E-01
        19         5         3   -0.13216021855495091453E+00
        19         5         4   -0.51494006163769839857E-01
        19         5         5   -0.54429633542926972312E-01
        20         2         2   -0.18116111982322824492E+00
        20         2         3   -0.15328277228075071204E+00
        20         2         4   -0.80677442003130137027E-01
        20         2         5   -0.20172613003845651924E+00
        20         3         2   -0.82452971746635794759E+00
        20         3         3   -0.69793032261640697289E+00
        20         3         4   -0.62586760064282964677E+00
        20         3         5   -0.95340060210859567391E+00
        20         4         2   -0.58626793304486701786E+00
        20         4         3   -0.84097509361531441741E+00
        20         4         4   -0.47512328845130985533E+00
        20         4         5   -0.69627634798146131878E+00
        20         5         2   -0.60622180051278909407E-01
        20         5         3   -0.11648053028976546042E+00
        20         5         4   -0.26316853126845139721E-01
        20         5         5   -0.55829414657946455081E-01
        21         2         2   -0.38076863571316493795E+00
        21         2         3   -0.16208926936177212030E+00
        21         2         4   -0.10696109769189156291E+00
        21         2         5   -0.82232036483786602465E-01
        21         3         2   -0.12735930384074531929E+01
        21         3         3   -0.10176723069928597099E+01
        21         3         4   -0.11997396554570960436E+01
        21         3         5   -0.10391435196191838308E+01
        21         4         2   -0.95534954108886083191E+00
        21         4         3   -0.78829300970204474464E+00
        21         4         4   -0.82895614701391628909E+00
        21         4         5   -0.10642161903443978499E+01
        21         5         2   -0.11978759610173664307E+00
        21         5         3   -0.83249174591141714141E-01
        21         5         4   -0.16186222047344117625E+00
        21         5         5   -0.13185113682772350852E+00
        22         2         2   -0.98196346411016793843E-01
        22         2         3   -0.10775915208420565328E+00
        22         2         4   -0.70205680922114960252E-01
        22         2         5   -0.38193287834858133389E-01
        22         3         2   -0.85890389187532334425E+00
        22         3         3   -0.88459342614299174556E+00
        22         3         4   -0.11470329396920035947E+01
        22         3         5   -0.79642675342776259040E+00
        22         4         2   -0.12731565864652545361E+01
        22         4         3   -0.87167776616713887883E+00
        22         4         4   -0.11998699748598360415E+01
        22         4         5   -0.14116147732207409149E+01
        22         5         2   -0.16684252531681237341E+00
        22         5         3   -0.75522583035126281126E-01
        22         5         4   -0.23540376895770034893E+00
        22         5         5   -0.29591838325956160149E+00
        23         2         2   -0.16191319676324755772E+00
        23         2         3   -0.32850386151154570280E+00
        23         2         4   -0.50342479555868922814E-01
        23         2         5   -0.43173699372934075391E-01
        23         3         2   -0.94111170527231491345E+00
        23         3         3   -0.15393477571133327153E+01
        23         3         4   -0.75059043610667031121E+00
        23         3         5   -0.79388288698414855027E+00
        23         4         2   -0.39601919466110402368E+00
        23         4         3   -0.10340015634943433565E+01
        23         4         4   -0.12012714290625510216E+01
        23         4         5   -0.10778750185842393972E+01
        23         5         2   -0.25270558662240538705E-01
        23         5         3   -0.97969192556125295201E-01
        23         5         4   -0.15117404392547734160E+00
        23         5         5   -0.18896858733187579804E+00
        24         2         2   -0.17286856669560390909E+00
        24         2         3   -0.16856035206849032115E+00
        24         2         4   -0.73617198763191560307E-01
        24         2         5   -0.14103824581081869649E+00
        24         3         2   -0.89901628929104804300E+00
        24         3         3   -0.87538491037594812205E+00
        24         3         4   -0.46927180939571078166E+00
        24         3         5   -0.40125105912056913127E+00
        24         4         2   -0.40442926410336155207E+00
        24         4         3   -0.52417035820381074895E+00
        24         4         4   -0.12451315610293980374E+01
        24         4         5   -0.88132005978178951100E+00
        24         5         2   -0.17794133890448482482E-01
        24         5         3   -0.15374990874817650449E-01
        24         5         4   -0.16181049186255810901E+00
        24         5         5   -0.17614097171075460135E+00
        25         2         2   -0.55950282797111616784E-01
        25         2         3   -0.55441136094552881386E-01
        25         2         4   -0.15943754222790318398E+00
        25         2         5   -0.10784479249941716916E+00
        25         3         2   -0.60929677145231952995E+00
        25         3         3   -0.57733097724571491582E+00
        25         3         4   -0.10408505226761248785E+01
        25         3         5   -0.62781417481765144917E+00
        25         4         2   -0.91272067636353937381E+00
        25         4         3   -0.98670069516780967156E+00
        25         4         4   -0.95555589031981025272E+00
        25         4         5   -0.63163797850574798787E+00
        25         5         2   -0.93044252949553291065E-01
        25         5         3   -0.78207085514468588361E-01
        25         5         4   -0.65463886532453455236E-01
        25         5         5   -0.67013550550582334786E-01
        26         2         2   -0.21667424374831663336E-01
        26         2         3   -0.10194800689436872565E+00
        26         2         4   -0.10868938861025297105E+00
        26         2         5   -0.93243423707471906337E-01
        26         3         2   -0.60675932070077465141E+00
        26         3         3   -0.75683447211493859452E+00
        26         3         4   -0.81679896602999901845E+00
        26         3         5   -0.51959595208730968707E+00
        26         4         2   -0.47709578131550484104E+00
        26         4         3   -0.10943627646551485899E+01
        26         4         4   -0.96525826058551955633E+00
        26         4         5   -0.47268438744701063436E+00
        26         5         2   -0.85175095242073201041E-01
        26         5         3   -0.14208417124436040213E+00
        26         5         4   -0.18634235558484801842E+00
        26         5         5   -0.67228863851294576315E-01
        27         2         2   -0.13155838330533684011E+00
        27         2         3   -0.28261351001806495065E+00
        27         2         4   -0.13717351936147703650E+00
        27         2         5   -0.11743134536739643914E+00
        27         3         2   -0.95860757251865336137E+00
        27         3         3   -0.98381797396113501719E+00
        27         3         4   -0.12615609843087778330E+01
        27         3         5   -0.45701050733049741748E+00
        27         4         2   -0.66974206235923428032E+00
        27         4         3   -0.11904214339612382290E+01
        27         4         4   -0.11417389473431878155E+01
        27         4         5   -0.27091404394713797243E+00
        27         5         2   -0.43245872244023972342E-01
        27         5         3   -0.20617652983009343570E+00
        27         5         4   -0.96319455126085945507E-01
        27         5         5   -0.16950608170355308674E-01
        28         2         2   -0.61806239200184562299E-01
        28         2         3   -0.89656020226854815647E-01
        28         2         4   -0.12785030542483519223E+00
        28         2         5   -0.69090641624670934284E-01
        28         3         2   -0.61669288022480772682E+00
        28         3         3   -0.10042220263554952897E+01
        28         3         4   -0.11229915170364570542E+01
        28         3         5   -0.54817839784952671067E+00
        28         4         2   -0.82992286562960271290E+00
        28         4         3   -0.87016400079785416466E+00
        28         4         4   -0.86830390959490066916E+00
        28         4         5   -0.59948613409898321436E+00
        28         5         2   -0.15517749130124802726E+00
        28         5         3   -0.16164686012980011842E+00
        28         5         4   -0.87568274778078103449E-01
        28         5         5   -0.39611661632497720265E-01
        29         2         2   -0.15721847311560555038E+00
        29         2         3   -0.14979818555532653512E+00
        29         2         4   -0.16859867326583838354E+00
        29         2         5   -0.42280926619347562745E-01
        29         3         2   -0.10248508462724996715E+01
        29         3         3   -0.10686211704213550711E+01
        29         3         4   -0.80220405320410015371E+00
        29         3         5   -0.51279197090765149536E+00
        29         4         2   -0.80494700711862487985E+00
        29         4         3   -0.59615142153998346153E+00
        29         4         4   -0.92425095037808890908E+00
        29         4         5   -0.70368881598937094157E+00
        29         5         2   -0.31582883513381496132E-01
        29         5         3   -0.49569179609364175110E-01
        29         5         4   -0.13412926798016178154E+00
        29         5         5   -0.12569029334129891429E+00
        30         2         2   -0.17475415973672991932E+00
        30         2         3   -0.34730001451611688945E-01
        30         2         4   -0.10166512554190712536E+00
        30         2         5   -0.11358200577923097119E+00
        30         3         2   -0.76347622520026314774E+00
        30         3         3   -0.10664581372848491725E+01
        30         3         4   -0.80650255695626216212E+00
        30         3         5   -0.94098169958358035547E+00
        30         4         2   -0.53390792881062509867E+00
        30         4         3   -0.78821976868840448738E+00
        30         4         4   -0.10815898720965348989E+01
        30         4         5   -0.75686699070917295984E+00
        30         5         2   -0.35500098185047561372E-01
        30         5         3   -0.75283414738660958676E-01
        30         5         4   -0.13207328294832348936E+00
        30         5         5   -0.10039042889213836696E+00
        31         2         2   -0.79010048098883095546E-01
        31         2         3   -0.43517154804548631442E-01
        31         2         4   -0.66065811060682308464E-01
        31         2         5   -0.50259345437036459514E-01
        31         3         2   -0.47085765350297570375E+00
        31         3         3   -0.83848658343769322254E+00
        31         3         4   -0.68646606816453681343E+00
        31         3         5   -0.41268154208265517280E+00
        31         4         2   -0.73705123610723033423E+00
        31         4         3   -0.76680922488351799249E+00
        31         4         4   -0.95215951593910996831E+00
        31         4         5   -0.88389572906902669214E+00
        31         5         2   -0.14375563252731354824E+00
        31         5         3   -0.14933987935422221582E+00
        31         5         4   -0.72892912724942443559E-01
        31         5         5   -0.11910668035950561228E+00
        32         2         2   -0.88459259662856129514E-01
        32         2         3   -0.17488620935667445466E+00
        32         2         4   -0.17656013334752868049E+00
        32         2         5   -0.13172720079387451042E+00
        32         3         2   -0.65780967304644399896E+00
        32         3         3   -0.94639510307315921622E+00
        32         3         4   -0.93133236338808766952E+00
        32         3         5   -0.61663285835951020530E+00
        32         4         2   -0.55673342890967658647E+00
        32         4         3   -0.50865742598777419214E+00
        32         4         4   -0.12428992944518042485E+01
        32         4         5   -0.86049739104213229801E+00
        32         5         2   -0.82526265877622323464E-01
        32         5         3   -0.86580002795742197486E-01
        32         5         4   -0.24467179482066997442E+00
        32         5         5   -0.16968499248652030298E+00
        33         2         2   -0.16582535270238216163E+00
        33         2         3   -0.98526349267282001265E-01
        33         2         4   -0.10092769932204564975E+00
        33         2         5   -0.55098214094405954799E-01
        33         3         2   -0.14681081562088373893E+01
        33         3         3   -0.10037675038373663483E+01
        33         3         4   -0.76016386414078729317E+00
        33         3         5   -0.60064693218620124338E+00
        33         4         2   -0.68496413157390345638E+00
        33         4         3   -0.11409938926377807267E+01
        33         4         4   -0.12116921188082216965E+01
        33         4         5   -0.10032605739758997387E+01
        33         5         2   -0.77793286495624114352E-01
        33         5         3   -0.11719396976308413261E+00
        33         5         4   -0.23835778685008668365E+00
        33         5         5   -0.26785548923912155805E+00
        34         2         2   -0.20400061400378657894E+00
        34         2         3   -0.81510242725366943706E-01
        34         2         4   -0.36561486112369319390E-01
        34         2         5   -0.19498251977363181137E-01
        34         3         2   -0.11911237503330174281E+01
        34         3         3   -0.61311697217515459535E+00
        34         3         4   -0.27853041887812807209E+00
        34         3         5   -0.58786320765103272645E+00
        34         4         2   -0.89097929166391287570E+00
        34         4         3   -0.11714797238124043943E+01
        34         4         4   -0.76394094050941352414E+00
        34         4         5   -0.65260022176513687864E+00
        34         5         2   -0.16681272494828583430E+00
        34         5         3   -0.16538277667803769067E+00
        34         5         4   -0.14181304341240660860E+00
        34         5         5   -0.14276639441087754512E+00
        35         2         2   -0.51009069473238896619E-01
        35         2         3   -0.13524036090391861054E+00
        35         2         4   -0.61708745246497588577E-01
        35         2         5   -0.15558290384070180834E+00
        35         3         2   -0.52977228173334434125E+00
        35         3         3   -0.50562413692886021277E+00
        35         3         4   -0.43604033811889691963E+00
        35         3         5   -0.69112802672854456443E+00
        35         4         2   -0.46826106208503914807E+00
        35         4         3   -0.58120376302259246781E+00
        35         4         4   -0.91516683861326220129E+00
        35         4         5   -0.89540067167657466651E+00
        35         5         2   -0.97627186191449458197E-01
        35         5         3   -0.15119920600427910751E+00
        35         5         4   -0.18999319257679406214E+00
        35         5         5   -0.20031582586266666324E+00
        36         2         2   -0.12878365250273301340E-01
        36         2         3   -0.71242326690322890781E-01
        36         2         4   -0.22700453304103081903E-01
        36         2         5   -0.91448741207055372904E-01
        36         3         2   -0.52436615230597327653E+00
        36         3         3   -0.64243435360151524005E+00
        36         3         4   -0.77310470688738552880E+00
        36         3         5   -0.88231625137816771520E+00
        36         4         2   -0.76899900920285046979E+00
        36         4         3   -0.74608162801595423463E+00
        36         4         4   -0.81887772370797706767E+00
        36         4         5   -0.75935009843728773493E+00
        36         5         2   -0.75438119309063522699E-01
        36         5         3   -0.10032310156162910220E+00
        36         5         4   -0.13076944648424648765E+00
        36         5         5   -0.14461846229868968727E+00
        37         2         2   -0.46354449231115604779E-01
        37         2         3   -0.10099658125263684394E+00
        37         2         4   -0.26942075390735651524E-01
        37         2         5   -0.31886689716605402800E-01
        37         3         2   -0.11818629077369826597E+01
        37         3         3   -0.96058875215239192258E+00
        37         3         4   -0.83141420948828703708E+00
        37         3         5   -0.87946714666756209411E+00
        37         4         2   -0.86382489932569839208E+00
        37         4         3   -0.62964959553144594917E+00
        37         4         4   -0.11508918247481985109E+01
        37         4         5   -0.97166868895274816076E+00
        37         5         2   -0.42001619264777100005E-01
        37         5         3   -0.96483231046451706225E-01
        37         5         4   -0.19437300808850593858E+00
        37         5         5   -0.13292713865643318583E+00
        38         2         2   -0.77132077226153200611E-01
        38         2         3   -0.27371623966891675539E-01
        38         2         4   -0.10448360400843351159E+00
        38         2         5   -0.91954684699662891934E-01
        38         3         2   -0.82753201764360218018E+00
        38         3         3   -0.58985825904457311886E+00
        38         3         4   -0.76754502488872278221E+00
        38         3         5   -0.95396788604285387425E+00
        38         4         2   -0.73968399419468389144E+00
        38         4         3   -0.63868343121317616706E+00
        38         4         4   -0.12249311303715448851E+01
        38         4         5   -0.55744312944955898281E+00
        38         5         2   -0.74044369156474221239E-01
        38         5         3   -0.63590202328490219585E-01
        38         5         4   -0.14540818122592005790E+00
        38         5         5   -0.67845377861386141349E-01
        39         2         2   -0.20361985364603985005E-01
        39         2         3   -0.76674543471698997088E-01
        39         2         4   -0.91001401719690955261E-01
        39         2         5   -0.10918027549249885444E+00
        39         3         2   -0.60873795571646316382E+00
        39         3         3   -0.71447031195315424679E+00
        39         3         4   -0.11081240686298301501E+01
        39         3         5   -0.66476377799816965819E+00
        39         4         2   -0.81558956398945270383E+00
        39         4         3   -0.98398412459734674318E+00
        39         4         4   -0.11835670718785680222E+01
        39         4         5   -0.86969446561669383478E+00
        39         5         2   -0.86566313117650187103E-01
        39         5         3   -0.14566410984764013858E+00
        39         5         4   -0.17603111561764706039E+00
        39         5         5   -0.19070394558713354982E+00
        40         2         2   -0.64812254261202614791E-01
        40         2         3   -0.98712426716416654116E-01
        40         2         4   -0.14748645467018187127E+00
        40         2         5   -0.30600678471752190690E+00
        40         3         2   -0.90600721113977522592E+00
        40         3         3   -0.14830838114602808986E+01
        40         3         4   -0.10059393349186558364E+01
        40         3         5   -0.95883874614233566280E+00
        40         4         2   -0.85618887442386149011E+00
        40         4         3   -0.12132671352697252942E+01
        40         4         4   -0.95521192207947669406E+00
        40         4         5   -0.68474907477643842668E+00
        40         5         2   -0.80726580350430746091E-01
        40         5         3   -0.79821980547046103571E-01
        40         5         4   -0.14620001980788852047E+00
        40         5         5   -0.52150616033381537451E-01
        41         2         2   -0.41905855602949251826E-01
        41         2         3   -0.47630160038359223296E-01
        41         2         4   -0.14359065952013749801E+00
        41         2         5   -0.13102687266852947046E+00
        41         3         2   -0.64963508100008604540E+00
        41         3         3   -0.10072424924438467819E+01
        41         3         4   -0.10561643939136839965E+01
        41         3         5   -0.88040308870941996755E+00
        41         4         2   -0.62687962966224763939E+00
        41         4         3   -0.94326599943684530380E+00
        41         4         4   -0.11300007945487178240E+01
        41         4         5   -0.10403171311002086252E+01
        41         5         2   -0.51671339784291871189E-01
        41         5         3   -0.35481791528073694519E-01
        41         5         4   -0.10025656511254264769E+00
        41         5         5   -0.88346637791397633621E-01
        42         2         2   -0.24843629659350005556E+00
        42         2         3   -0.19197263987206761304E+00
        42         2         4   -0.12857174642927413077E+00
        42         2         5   -0.40508342714412226560E-01
        42         3         2   -0.90234551176850141818E+00
        42         3         3   -0.90306895992847557864E+00
        42         3         4   -0.81681999367933033618E+00
        42         3         5   -0.73575092667305275196E+00
        42         4         2   -0.39762098481149710238E+00
        42         4         3   -0.68730898595216627367E+00
        42         4         4   -0.11058923557523019365E+01
        42         4         5   -0.75406833317405075334E+00
        42         5         2   -0.81587315373534780027E-01
        42         5         3   -0.18619660190556497348E-01
        42         5         4   -0.22021605987051956488E+00
        42         5         5   -0.12230727762884195664E+00
        43         2         2   -0.17529280603879879297E+00
        43         2         3   -0.18331821552159302535E+00
        43         2         4   -0.12973280079631685502E+00
        43         2         5   -0.95280463306429641346E-01
        43         3         2   -0.86178549239292268069E+00
        43         3         3   -0.10242500818823681019E+01
        43         3         4   -0.96589094476750769758E+00
        43         3         5   -0.72837004573970065557E+00
        43         4         2   -0.95237454497475715343E+00
        43         4         3   -0.91150850473986189115E+00
        43         4         4   -0.83007782394454054931E+00
        43         4         5   -0.91099464281563080625E+00
        43         5         2   -0.18192394996024857656E+00
        43         5         3   -0.11300277751378043356E+00
        43         5         4   -0.75821801656368537081E-01
        43         5         5   -0.98504956111222521931E-01
        44         2         2   -0.12153359225956669731E+00
        44         2         3   -0.10804445854394757742E+00
        44         2         4   -0.12151775334326175848E+00
        44         2         5   -0.20792061697580899171E+00
        44         3         2   -0.51019308419429010293E+00
        44         3         3   -0.10082862193489534608E+01
        44         3         4   -0.90069188404152922267E+00
        44         3         5   -0.95455161119259879232E+00
        44         4         2   -0.71697885490113999474E+00
        44         4         3   -0.14142411693744993961E+01
        44         4         4   -0.58656159045483258208E+00
        44         4         5   -0.61969289729609833284E+00
        44         5         2   -0.16496543429152160654E+00
        44         5         3   -0.11985698144314976821E+00
        44         5         4   -0.53121767768379610231E-01
        44         5         5   -0.16435073286238310875E+00
        45         2         2   -0.79977273256958067438E-01
        45         2         3   -0.10191251623168154361E+00
        45         2         4   -0.32688122911100708778E-01
        45         2         5   -0.67379492603094948144E-01
        45         3         2   -0.73317550272110088017E+00
        45         3         3   -0.81238158251298908663E+00
        45         3         4   -0.49241865128627332338E+00
        45         3         5   -0.48414537506793958732E+00
        45         4         2   -0.47586864432892339583E+00
        45         4         3   -0.10255742923154875790E+01
        45         4         4   -0.56812826933858795453E+00
        45         4         5   -0.73443067362506175844E+00
        45         5         2   -0.82789816637388463638E-01
        45         5         3   -0.55804305795195296991E-01
        45         5         4   -0.11528700034368254135E-01
        45         5         5   -0.11938729179388199442E+00
        46         2         2   -0.20303724945347656483E+00
        46         2         3   -0.83155755400866115945E-01
        46         2         4   -0.12523017002783484730E+00
        46         2         5   -0.85847364510861223774E-01
        46         3         2   -0.63038644793597808924E+00
        46         3         3   -0.63961359701592324090E+00
        46         3         4   -0.61909550651001510335E+00
        46         3         5   -0.44985040705084705648E+00
        46         4         2   -0.54486583614887873495E+00
        46         4         3   -0.80721912043624810540E+00
        46         4         4   -0.92744837083384557008E+00
        46         4         5   -0.66263691606765673381E+00
        46         5         2   -0.73765958385905508465E-01
        46         5         3   -0.15451217933994002007E+00
        46         5         4   -0.14402674851080965457E+00
        46         5         5   -0.15386867632282358320E+00
        47         2         2   -0.21290313183380127349E+00
        47         2         3   -0.48295470702488227377E-01
        47         2         4   -0.10123547759037795912E+00
        47         2         5   -0.61239512976351717644E-01
        47         3         2   -0.13419106079250684438E+01
        47         3         3   -0.89066377244736250063E+00
        47         3         4   -0.67015166753736243876E+00
        47         3         5   -0.59216562342444589717E+00
        47         4         2   -0.83438220036687860137E+00
        47         4         3   -0.11277361801642316053E+01
        47         4         4   -0.41706509571363781230E+00
        47         4         5   -0.36190529216149225356E+00
        47         5         2   -0.61209062822576015828E-01
        47         5         3   -0.20184877156644201457E+00
        47         5         4   -0.11046788112367650347E+00
        47         5         5   -0.50720129173276923273E-01
        48         2         2   -0.24063411095714182242E+00
        48         2         3   -0.10778608366180043865E+00
        48         2         4   -0.23894628967867703739E+00
        48         2         5   -0.90209386398830540554E-01
        48         3         2   -0.12348345044555366634E+01
        48         3         3   -0.64008101962098207238E+00
        48         3         4   -0.92948143316432862981E+00
        48         3         5   -0.76115787447255112141E+00
        48         4         2   -0.88714942262082896463E+00
        48         4         3   -0.64323096853567507392E+00
        48         4         4   -0.51160464507986502802E+00
        48         4         5   -0.98568869196692854295E+00
        48         5         2   -0.95520410468107649904E-01
        48         5         3   -0.11917500222454462111E+00
        48         5         4   -0.95165637021895788106E-01
        48         5         5   -0.17772667390512991714E+00
        49         2         2   -0.12723434233153091411E+00
        49         2         3   -0.55175878271861926450E-01
        49         2         4   -0.14026832407641459666E+00
        49         2         5   -0.61210253728819961905E-01
        49         3         2   -0.89775593376336937368E+00
        49         3         3   -0.75065481728644467552E+00
        49         3         4   -0.64765502398107677173E+00
        49         3         5   -0.69178035992560482637E+00
        49         4         2   -0.10800761502329467856E+01
        49         4         3   -0.11210483533413908575E+01
        49         4         4   -0.87518152560217177260E+00
        49         4         5   -0.11219017117053711186E+01
        49         5         2   -0.80720952801680678768E-01
        49         5         3   -0.11780578933406950226E+00
        49         5         4   -0.13502677682711641816E+00
        49         5         5   -0.19559735971382813391E+00
        50         2         2   -0.73402971712363387913E-01
        50         2         3   -0.15748863741615540257E+00
        50         2         4   -0.13145152172956187098E+00
        50         2         5   -0.14805836930775116006E-01
        50         3         2   -0.85544342571802967079E+00
        50         3         3   -0.12445383376188838831E+01
        50         3         4   -0.79460133353161510605E+00
        50         3         5   -0.57407003577879078815E+00
        50         4         2   -0.68283457417039761239E+00
        50         4         3   -0.72342530365520418822E+00
        50         4         4   -0.48044773990036865330E+00
        50         4         5   -0.60949218871038568501E+00
        50         5         2   -0.24387115031557410338E-01
        50         5         3   -0.18060295604642284673E-01
        50         5         4   -0.33708031311389531626E-01
        50         5         5   -0.16715396922910044641E+00
        51         2         2   -0.43422830796185599156E-01
        51         2         3   -0.11519016936701959031E+00
        51         2         4   -0.17815422797805932631E+00
        51         2         5   -0.70325744688447891506E-01
        51         3         2   -0.53822414951258146232E+00
        51         3         3   -0.10109301844159526151E+01
        51         3         4   -0.11598985538490531599E+01
        51         3         5   -0.63020304001522597925E+00
        51         4         2   -0.58124936502291935092E+00
        51         4         3   -0.74386246359873708922E+00
        51         4         4   -0.66480546844261034778E+00
        51         4         5   -0.77783739079283131801E+00
        51         5         2   -0.64498451196193143375E-01
        51         5         3   -0.74124308640061364883E-01
        51         5         4   -0.14768315284969729673E+00
        51         5         5   -0.26739259961898154128E+00
        52         2         2   -0.75076515236883745175E-01
        52         2         3   -0.16543983820320937173E+00
        52         2         4   -0.16854329650117405581E+00
        52         2         5   -0.16409110014323063931E+00
        52         3         2   -0.81332350730889224621E+00
        52         3         3   -0.10431430301346737988E+01
        52         3         4   -0.87705884819367840866E+00
        52         3         5   -0.89065599681200813276E+00
        52         4         2   -0.56690284418997649585E+00
        52         4         3   -0.88972720669309457442E+00
        52         4         4   -0.75650297156806423082E+00
        52         4         5   -0.78821401389100775869E+00
        52         5         2   -0.12960064788124522894E+00
        52         5         3   -0.50834473389871071003E-01
        52         5         4   -0.10742043637086901020E+00
        52         5         5   -0.23024834364175938983E+00
        53         2         2   -0.82346353209409181573E-01
        53         2         3   -0.22231845841548003584E+00
        53         2         4   -0.19229565797206638056E+00
        53         2         5   -0.84540396901027173304E-01
        53         3         2   -0.75250924193371926396E+00
        53         3         3   -0.10822434150499160577E+01
        53         3         4   -0.73162230033324859857E+00
        53         3         5   -0.63283129880306399073E+00
        53         4         2   -0.85152688895843398065E+00
        53         4         3   -0.86791773605510003087E+00
        53         4         4   -0.60040960796392917054E+00
        53         4         5   -0.41399520374373638409E+00
        53         5         2   -0.14178489124559892631E+00
        53         5         3   -0.12731673361354364782E+00
        53         5         4   -0.29662804831789763016E-01
        53         5         5   -0.10741179936940425943E+00
        54         2         2   -0.29493719821491001798E-01
        54         2         3   -0.77228148318377543013E-01
        54         2         4   -0.70760054552382836701E-01
        54         2         5   -0.66426926142750364335E-01
        54         3         2   -0.50098184542210288939E+00
        54         3         3   -0.75613935209904536983E+00
        54         3         4   -0.12918199510767138793E+01
        54         3         5   -0.60608222116478871477E+00
        54         4         2   -0.67786682535618980605E+00
        54         4         3   -0.58693228560444543618E+00
        54         4         4   -0.79782570105969030649E+00
        54         4         5   -0.50543996516171540989E+00
        54         5         2   -0.75377686042372951669E-01
        54         5         3   -0.55608513797291717062E-01
        54         5         4   -0.17446894609632734863E+00
        54         5         5   -0.12201423618229509382E+00
        55         2         2   -0.67329988182983524503E-01
        55         2         3   -0.82510518916129843570E-01
        55         2         4   -0.10305735099138349509E+00
        55         2         5   -0.17065764846893993756E+00
        55         3         2   -0.56273290311279677844E+00
        55         3         3   -0.62491799614828202891E+00
        55         3         4   -0.79325360620708096349E+00
        55         3         5   -0.99041508098666486415E+00
        55         4         2   -0.10222947840375580242E+01
        55         4         3   -0.92262536101833236835E+00
        55         4         4   -0.94792238449634069752E+00
        55         4         5   -0.71385670184387994830E+00
        55         5         2   -0.21034630642230936481E+00
        55         5         3   -0.12784817935417228107E+00
        55         5         4   -0.22690233326740766318E+00
        55         5         5   -0.87108379497406906999E-01
        56         2         2   -0.12539322391575305482E+00
        56         2         3   -0.56766142145234455008E-01
        56         2         4   -0.12823956881718398537E+00
        56         2         5   -0.13386668357341380275E+00
        56         3         2   -0.58084592423299619135E+00
        56         3         3   -0.42535564220986910033E+00
        56         3         4   -0.73844172849706612993E+00
        56         3         5   -0.78993672500827538663E+00
        56         4         2   -0.69918676317883654558E+00
        56         4         3   -0.71259410519868338074E+00
        56         4         4   -0.10494862367095452171E+01
        56         4         5   -0.93723762627859974472E+00
        56         5         2   -0.22483523698169277649E+00
        56         5         3   -0.95660021327611491349E-01
        56         5         4   -0.28788401879119185356E+00
        56         5         5   -0.23599832360374212170E+00
        57         2         2   -0.56352257116698958872E-01
        57         2         3   -0.69240067612403560782E-01
        57         2         4   -0.11344357816758721125E+00
        57         2         5   -0.31065390324285746537E+00
        57         3         2   -0.69292597284137502633E+00
        57         3         3   -0.51621484766631231533E+00
        57         3         4   -0.48839517693021472500E+00
        57         3         5   -0.12116422140609846014E+01
        57         4         2   -0.66695613193614600167E+00
        57         4         3   -0.94784900630235235930E+00
        57         4         4   -0.51980899888346443483E+00
        57         4         5   -0.58336593891891030950E+00
        57         5         2   -0.39062382578050433568E-01
        57         5         3   -0.72080808852884481475E-01
        57         5         4   -0.66742541801434407400E-01
        57         5         5   -0.29611272058944052010E-01
        58         2         2   -0.10965550829779456554E+00
        58         2         3   -0.10906921330891466981E+00
        58         2         4   -0.13047650015173659077E+00
        58         2         5   -0.15555802803146065449E+00
        58         3         2   -0.75254535009748479979E+00
        58         3         3   -0.59740880139168439644E+00
        58         3         4   -0.68243758225461292888E+00
        58         3         5   -0.12878932308587029976E+01
        58         4         2   -0.65058337682283751136E+00
        58         4         3   -0.79190289101644895098E+00
        58         4         4   -0.55765440196511883997E+00
        58         4         5   -0.40040882280603817822E+00
        58         5         2   -0.30621212412231018501E-01
        58         5         3   -0.15110201490004934732E+00
        58         5         4   -0.84243816646260683001E-01
        58         5         5   -0.16825722286285604151E-01
        59         2         2   -0.44411679911591693537E-01
        59         2         3   -0.31857242814665433228E-01
        59         2         4   -0.16701902348143518595E+00
        59         2         5   -0.60170403397142448176E-01
        59         3         2   -0.42067801636613078031E+00
        59         3         3   -0.52187925867036155658E+00
        59         3         4   -0.86575717253943251794E+00
        59         3         5   -0.85310778265342446236E+00
        59         4         2   -0.49306042658678433943E+00
        59         4         3   -0.67073632902407642753E+00
        59         4         4   -0.51219871246426496025E+00
        59         4         5   -0.45588482313164929716E+00
        59         5         2   -0.11288090705923652102E+00
        59         5         3   -0.56522471080121650111E-01
        59         5         4   -0.12160819475112516486E+00
        59         5         5   -0.47749346809251899670E-01
        60         2         2   -0.55447468051180053006E-01
        60         2         3   -0.12213646348360936156E+00
        60         2         4   -0.20976769234278452858E+00
        60         2         5   -0.22548595923794695350E+00
        60         3         2   -0.45025648849060645462E+00
        60         3         3   -0.69313078043894660318E+00
        60         3         4   -0.12975752925607844102E+01
        60         3         5   -0.99167196900071719057E+00
        60         4         2   -0.76392638506834165124E+00
        60         4         3   -0.42898492538386301387E+00
        60         4         4   -0.11323212152549544385E+01
        60         4         5   -0.82883856306089953581E+00
        60         5         2   -0.11039771738945715340E+00
        60         5         3   -0.15433425252950289802E-01
        60         5         4   -0.11943678692005192665E+00
        60         5         5   -0.49585897125736133617E-01
        61         2         2   -0.13264308874338942568E+00
        61         2         3   -0.13683661738838068245E+00
        61         2         4   -0.60728578470079855323E-01
        61         2         5   -0.12034032322363899525E+00
        61         3         2   -0.72492871586156704122E+00
        61         3         3   -0.85846911401223124916E+00
        61         3         4   -0.72361385548752032992E+00
        61         3         5   -0.83014744459291034406E+00
        61         4         2   -0.37143411289278976950E+00
        61         4         3   -0.56933304676900742258E+00
        61         4         4   -0.11190207109177068290E+01
        61         4         5   -0.65902060735816592185E+00
        61         5         2   -0.14811191176543996029E-01
        61         5         3   -0.98710713104769448600E-02
        61         5         4   -0.15526894714728695090E+00
        61         5         5   -0.63889125120691003801E-01
        62         2         2   -0.76316664280848892088E-01
        62         2         3   -0.69918333512427141563E-01
        62         2         4   -0.95761629432893013991E-01
        62         2         5   -0.19908738353301080881E+00
        62         3         2   -0.78751066749229181596E+00
        62         3         3   -0.78497095394263116663E+00
        62         3         4   -0.58039339075688956004E+00
        62         3         5   -0.12108403605380952950E+01
        62         4         2   -0.48650883487732199395E+00
        62         4         3   -0.77326786283371462538E+00
        62         4         4   -0.68575869914941345318E+00
        62         4         5   -0.81837201387390023921E+00
        62         5         2   -0.64593364754032531194E-01
        62         5         3   -0.16333108450989636262E+00
        62         5         4   -0.15400783973705906016E+00
        62         5         5   -0.15358181849318827683E+00
        63         2         2   -0.11784304711338612626E+00
        63         2         3   -0.67764937326650884208E-01
        63         2         4   -0.20783447068603466690E+00
        63         2         5   -0.20194683985697103878E+00
        63         3         2   -0.10100914853851896691E+01
        63         3         3   -0.80101965058644242212E+00
        63         3         4   -0.91696727494107710399E+00
        63         3         5   -0.10330614001216278375E+01
        63         4         2   -0.78457117387875907610E+00
        63         4         3   -0.53744830595792791872E+00
        63         4         4   -0.68640488483767470029E+00
        63         4         5   -0.61349011754109838979E+00
        63         5         2   -0.10400062892408093451E+00
        63         5         3   -0.75274007920452815079E-01
        63         5         4   -0.94315485344754396158E-01
        63         5         5   -0.10211586774714367931E+00
        64         2         2   -0.38164333969218595943E-01
        64         2         3   -0.11762377723793024722E-01
        64         2         4   -0.83145413627370406973E-01
        64         2         5   -0.13413979258235073089E+00
        64         3         2   -0.70697454043301333204E+00
        64         3         3   -0.65299856054500815539E+00
        64         3         4   -0.94764604651885475661E+00
        64         3         5   -0.80032618296095126009E+00
        64         4         2   -0.87338427184015032800E+00
        64         4         3   -0.68811006817659658985E+00
        64         4         4   -0.65502237990805811663E+00
        64         4         5   -0.49714414469107154337E+00
        64         5         2   -0.13873692229377762586E+00
        64         5         3   -0.82220408303001341066E-01
        64         5         4   -0.85076747279921260958E-01
        64         5         5   -0.74947903538618715347E-01
        65         2         2   -0.12154463998989975537E+00
        65         2         3   -0.24905483735938930417E-01
        65         2         4   -0.86921582517355627795E-01
        65         2         5   -0.10188654143724712453E+00
        65         3         2   -0.89647970684502453764E+00
        65         3         3   -0.85159597633994743582E+00
        65         3         4   -0.69391438041997066666E+00
        65         3         5   -0.80349057405300827739E+00
        65         4         2   -0.83083454175174209499E+00
        65         4         3   -0.86447265915856141838E+00
        65         4         4   -0.61458425035525232616E+00
        65         4         5   -0.66257173753864684329E+00
        65         5         2   -0.54835354780770423355E-01
        65         5         3   -0.12351770629579868210E+00
        65         5         4   -0.12966268547372339359E+00
        65         5         5   -0.94854842179044301931E-01
        66         2         2   -0.27253628923294309638E+00
        66         2         3   -0.13143651023367963759E+00
        66         2         4   -0.97935849049763823437E-01
        66         2         5   -0.52631552616398888378E-01
        66         3         2   -0.12080260949382239932E+01
        66         3         3   -0.72527960412435510396E+00
        66         3         4   -0.85856753317141787374E+00
        66         3         5   -0.83713197393625227161E+00
        66         4         2   -0.65028418311837254961E+00
        66         4         3   -0.11446958922147589810E+01
        66         4         4   -0.85230692956445142094E+00
        66         4         5   -0.88917680035390622706E+00
        66         5         2   -0.26008299140740140376E-01
        66         5         3   -0.29838221432773431863E+00
        66         5         4   -0.19567027228895544910E+00
        66         5         5   -0.80180668360731691124E-01
        67         2         2   -0.15798156169667959547E+00
        67         2         3   -0.19454447475505604048E+00
        67         2         4   -0.13503540916754422363E+00
        67         2         5   -0.27155557521522606657E-01
        67         3         2   -0.87965633881791638338E+00
        67         3         3   -0.96813415394814983372E+00
        67         3         4   -0.62425246028697212175E+00
        67         3         5   -0.38441772426744164060E+00
        67         4         2   -0.45846283823116684708E+00
        67         4         3   -0.95242056190417423434E+00
        67         4         4   -0.91966972043958350458E+00
        67         4         5   -0.78811846968257137647E+00
        67         5         2   -0.42414902662951739498E-01
        67         5         3   -0.18000355693359793019E+00
        67         5         4   -0.10113048689496965948E+00
        67         5         5   -0.10613907115024807937E+00
        68         2         2   -0.12529727274429650064E+00
        68         2         3   -0.10871286957513087712E+00
        68         2         4   -0.10195012137362283178E+00
        68         2         5   -0.36394700867923290843E-01
        68         3         2   -0.76898648949253367579E+00
        68         3         3   -0.13817679664170388065E+01
        68         3         4   -0.91335291694968956389E+00
        68         3         5   -0.61455237834243758854E+00
        68         4         2   -0.76378534416671317597E+00
        68         4         3   -0.14186567763232880157E+01
        68         4         4   -0.10879579834204629041E+01
        68         4         5   -0.96053677906533707631E+00
        68         5         2   -0.33770301500791466420E-01
        68         5         3   -0.19472268169912151925E+00
        68         5         4   -0.12427056985928708333E+00
        68         5         5   -0.10052511051352638893E+00
        69         2         2   -0.70697154956000929360E-01
        69         2         3   -0.15407461023912791265E+00
        69         2         4   -0.96257231399877629663E-01
        69         2         5   -0.11417009337907155220E+00
        69         3         2   -0.53297610838014120027E+00
        69         3         3   -0.10565706325938144516E+01
        69         3         4   -0.11853576338456828232E+01
        69         3         5   -0.80751332764717176360E+00
        69         4         2   -0.34803046673738891048E+00
        69         4         3   -0.93237247299224057517E+00
        69         4         4   -0.13708186016057852807E+01
        69         4         5   -0.64901618337967847960E+00
        69         5         2   -0.61312101208901681471E-01
        69         5         3   -0.21200621375398498447E+00
        69         5         4   -0.17401069670647620335E+00
        69         5         5   -0.92151861543725066550E-01
        70         2         2   -0.90821399001176139620E-01
        70         2         3   -0.13474181893572043101E+00
        70         2         4   -0.10052037472767076653E+00
        70         2         5   -0.60321751590770175677E-01
        70         3         2   -0.81505419887173102822E+00
        70         3         3   -0.10712146521770287144E+01
        70         3         4   -0.99751142744278520347E+00
        70         3         5   -0.72123983963428517363E+00
        70         4         2   -0.75288437639084226927E+00
        70         4         3   -0.10324589375557911008E+01
        70         4         4   -0.14103557313105830051E+01
        70         4         5   -0.74092685754699982859E+00
        70         5         2   -0.11097005246541623291E+00
        70         5         3   -0.24351553305543441330E+00
        70         5         4   -0.16359164992728278398E+00
        70         5         5   -0.95218841825509006882E-01
        71         2         2   -0.52013613795963663244E-01
        71         2         3   -0.12086137452434990436E+00
        71         2         4   -0.64588908089848934280E-01
        71         2         5   -0.56377466060697212225E-01
        71         3         2   -0.87469537968797594907E+00
        71         3         3   -0.11996066591679173108E+01
        71         3         4   -0.89718421749788390684E+00
        71         3         5   -0.81115634849205076051E+00
        71         4         2   -0.12132494099208457339E+01
        71         4         3   -0.81006128192944149013E+00
        71         4         4   -0.13950210236702911271E+01
        71         4         5   -0.12002329950305317130E+01
        71         5         2   -0.19160089560443016587E+00
        71         5         3   -0.13315001076237301114E+00
        71         5         4   -0.31075751843339088909E+00
        71         5         5   -0.27024141929358430625E+00
        72         2         2   -0.78189532510741302507E-01
        72         2         3   -0.21344291918001920272E+00
        72         2         4   -0.10170320751039409191E+00
        72         2         5   -0.68231574025173671871E-01
        72         3         2   -0.58794941098161968007E+00
        72         3         3   -0.12012426470890367192E+01
        72         3         4   -0.10271316322254446796E+01
        72         3         5   -0.57261018764996929331E+00
        72         4         2   -0.34763459729473311643E+00
        72         4         3   -0.72590235824312787649E+00
        72         4         4   -0.88671531503723322043E+00
        72         4         5   -0.10155119292591867630E+01
        72         5         2   -0.51972627906509989010E-02
        72         5         3   -0.55615486848844188084E-01
        72         5         4   -0.21611324681968774319E+00
        72         5         5   -0.19863098935748990659E+00
        73         2         2   -0.12584004799355968940E+00
        73         2         3   -0.14352536429583040434E+00
        73         2         4   -0.14044684548762353948E+00
        73         2         5   -0.97955015560857103263E-01
        73         3         2   -0.64475881335170415198E+00
        73         3         3   -0.72833554846530601523E+00
        73         3         4   -0.97498947383728973293E+00
        73         3         5   -0.69341937173765433311E+00
        73         4         2   -0.55081619809773341157E+00
        73         4         3   -0.90915646346380230014E+00
        73         4         4   -0.10306877146017834335E+01
        73         4         5   -0.94341231173711692648E+00
        73         5         2   -0.88270373671036461705E-01
        73         5         3   -0.14072639769539646570E+00
        73         5         4   -0.18050957142835655223E+00
        73         5         5   -0.16402903639422133919E+00
        74         2         2   -0.23351223002925874939E+00
        74         2         3   -0.18191580467832155210E+00
        74         2         4   -0.10055719737935581160E+00
        74         2         5   -0.88797189463012238253E-01
        74         3         2   -0.90484645369434357765E+00
        74         3         3   -0.81248357841437623961E+00
        74         3         4   -0.98221394564607600319E+00
        74         3         5   -0.66725880868937326174E+00
        74         4         2   -0.69220876227796224178E+00
        74         4         3   -0.79827864068956866372E+00
        74         4         4   -0.12301636146998031762E+01
        74         4         5   -0.92292314300429301177E+00
        74         5         2   -0.14214469914945834783E+00
        74         5         3   -0.87238433979915694372E-01
        74         5         4   -0.13165064015658764496E+00
        74         5         5   -0.41592374850356397809E-01
        75         2         2   -0.16247098048610761345E+00
        75         2         3   -0.13699265392847032041E+00
        75         2         4   -0.91034361546399308884E-01
        75         2         5   -0.96177989806718516830E-01
        75         3         2   -0.83663315955466788232E+00
        75         3         3   -0.12434731822474918150E+01
        75         3         4   -0.57563821294995898281E+00
        75         3         5   -0.82606977460561814564E+00
        75         4         2   -0.74190701386264690242E+00
        75         4         3   -0.10824926795993510265E+01
        75         4         4   -0.76261561848665193608E+00
        75         4         5   -0.68548600358387401510E+00
        75         5         2   -0.23699404244390548380E+00
        75         5         3   -0.12982592387605826345E+00
        75         5         4   -0.55564557759099013345E-01
        75         5         5   -0.81791892275051542027E-01
        76         2         2   -0.16004832911472260948E+00
        76         2         3   -0.11565084446640194749E+00
        76         2         4   -0.15533678069706921554E+00
        76         2         5   -0.55092341653200704865E-01
        76         3         2   -0.90836814449420999473E+00
        76         3         3   -0.80842082707860418722E+00
        76         3         4   -0.61427583054933265760E+00
        76         3         5   -0.55952426140239186481E+00
        76         4         2   -0.59913055920025204415E+00
        76         4         3   -0.87745599525858131162E+00
        76         4         4   -0.55487918236912692205E+00
        76         4         5   -0.59983560285271386725E+00
        76         5         2   -0.40504550627522450945E-01
        76         5         3   -0.61437568345331476649E-01
        76         5         4   -0.88343763205119607562E-01
        76         5         5   -0.16370570159617656159E+00
        77         2         2   -0.14777822621140990211E+00
        77         2         3   -0.25137821320968889438E+00
        77         2         4   -0.11650415165381156068E+00
        77         2         5   -0.15365208840962649162E+00
        77         3         2   -0.76285310943907180814E+00
        77         3         3   -0.12615931660969772476E+01
        77         3         4   -0.96216254178739757386E+00
        77         3         5   -0.13204155368878911503E+01
        77         4         2   -0.41850041260516512853E+00
        77         4         3   -0.66675878325908377597E+00
        77         4         4   -0.91806589346888467507E+00
        77         4         5   -0.66646324830423009367E+00
        77         5         2   -0.29502165634021446788E-01
        77         5         3   -0.36419685976936432611E-03
        77         5         4   -0.88716665928635890515E-01
        77         5         5   -0.11766132979044080509E+00
        78         2         2   -0.11854058684788650047E+00
        78         2         3   -0.17952311413634017279E+00
        78         2         4   -0.91322852339095011986E-01
        78         2         5   -0.13515941350081456251E+00
        78         3         2   -0.72647622071749617945E+00
        78         3         3   -0.99987744527646982284E+00
        78         3         4   -0.10905453658147190588E+01
        78         3         5   -0.11948584097235550594E+01
        78         4         2   -0.52249779931272377631E+00
        78         4         3   -0.68097128731667821988E+00
        78         4         4   -0.11077237653570668474E+01
        78         4         5   -0.77901372795663426096E+00
        78         5         2   -0.33735031232351178621E-01
        78         5         3   -0.39775162296339289236E-01
        78         5         4   -0.13496684465180786017E+00
        78         5         5   -0.12242269726411927899E+00
        79         2         2   -0.15556265981062672443E+00
        79         2         3   -0.15562320116474090415E+00
        79         2         4   -0.14609240414844840150E+00
        79         2         5   -0.17912259706923580604E+00
        79         3         2   -0.72238383267253003517E+00
        79         3         3   -0.11301329034504579152E+01
        79         3         4   -0.13149706400815752705E+01
        79         3         5   -0.88726172510712786323E+00
        79         4         2   -0.82032876929101983254E+00
        79         4         3   -0.79702622889451013588E+00
        79         4         4   -0.10237803318820455356E+01
        79         4         5   -0.53426511657104869268E+00
        79         5         2   -0.11170512974863502920E+00
        79         5         3   -0.76464730268510139322E-01
        79         5         4   -0.11554956810135277867E+00
        79         5         5   -0.12739049628029897043E+00
        80         2         2   -0.14387261749207486128E+00
        80         2         3   -0.16289632880554580363E+00
        80         2         4   -0.15464940098747789743E+00
        80         2         5   -0.15271431371433821789E+00
        80         3         2   -0.75256918597584354647E+00
        80         3         3   -0.82318355620972194497E+00
        80         3         4   -0.11558682550220122920E+01
        80         3         5   -0.99514099835961744578E+00
        80         4         2   -0.11533908947373980869E+01
        80         4         3   -0.81631155694074974960E+00
        80         4         4   -0.11606432640743509221E+01
        80         4         5   -0.79148774302952329407E+00
        80         5         2   -0.11323443341652553173E+00
        80         5         3   -0.11278970560347878482E+00
        80         5         4   -0.11184104727877267060E+00
        80         5         5   -0.13579493883845730751E+00
        81         2         2   -0.13200514302034327407E+00
        81         2         3   -0.18667169253538506979E+00
        81         2         4   -0.92545924782296104527E-01
        81         2         5   -0.23541541329452325693E-01
        81         3         2   -0.68925499052054561844E+00
        81         3         3   -0.11893919436545021817E+01
        81         3         4   -0.86680453222016429216E+00
        81         3         5   -0.44629135992337909400E+00
        81         4         2   -0.10247764024614784972E+01
        81         4         3   -0.10330954748577418911E+01
        81         4         4   -0.10914520519390409348E+01
        81         4         5   -0.74103451091156014030E+00
        81         5         2   -0.11471536997517434164E+00
        81         5         3   -0.15924466862756922469E+00
        81         5         4   -0.18876952774999200546E+00
        81         5         5   -0.14360268624940408788E+00
        82         2         2   -0.20579557681125647262E-01
        82         2         3   -0.10148365620796660769E+00
        82         2         4   -0.10719499471805346569E+00
        82         2         5   -0.54008415961930698879E-01
        82         3         2   -0.53473752886427594611E+00
        82         3         3   -0.72456085715022433558E+00
        82         3         4   -0.96581769024878383334E+00
        82         3         5   -0.69923206768826884350E+00
        82         4         2   -0.92713780478973095711E+00
        82         4         3   -0.69586729413440429060E+00
        82         4         4   -0.86529907566822494847E+00
        82         4         5   -0.11935946481542039077E+01
        82         5         2   -0.12622281958209852215E+00
        82         5         3   -0.11983354851625480086E+00
        82         5         4   -0.16275115374980983485E+00
        82         5         5   -0.16720849861221248611E+00
        83         2         2   -0.77379894279704319882E-01
        83         2         3   -0.26682953187757520175E-01
        83         2         4   -0.14281262369873726215E+00
        83         2         5   -0.12173638853236951052E+00
        83         3         2   -0.69953357940421978522E+00
        83         3         3   -0.64477091914810269468E+00
        83         3         4   -0.96789562347675839327E+00
        83         3         5   -0.75305770678704564425E+00
        83         4         2   -0.10432133245551515888E+01
        83         4         3   -0.79811985559858356076E+00
        83         4         4   -0.67094816790196043499E+00
        83         4         5   -0.79307896065001048935E+00
        83         5         2   -0.12297633844079837451E+00
        83         5         3   -0.12660896390913886633E+00
        83         5         4   -0.77802061026107788289E-01
        83         5         5   -0.11462586764915674853E+00
        84         2         2   -0.51800609308030765021E-01
        84         2         3   -0.89111542078901290198E-01
        84         2         4   -0.10978847997046270457E+00
        84         2         5   -0.17239209845484956829E+00
        84         3         2   -0.75202204663839722354E+00
        84         3         3   -0.71741066237397799199E+00
        84         3         4   -0.91107029458243937725E+00
        84         3         5   -0.91887459041075603139E+00
        84         4         2   -0.78529582792513930034E+00
        84         4         3   -0.10136446869957667083E+01
        84         4         4   -0.10401445777426234773E+01
        84         4         5   -0.88568237900873048041E+00
        84         5         2   -0.94506922146264896178E-01
        84         5         3   -0.11513441439668789523E+00
        84         5         4   -0.11657013587458758819E+00
        84         5         5   -0.89141189751892724313E-01
        85         2         2   -0.25953817401229090089E+00
        85         2         3   -0.93934357021645986663E-01
        85         2         4   -0.97490324548476031685E-01
        85         2         5   -0.14002871242776837590E+00
        85         3         2   -0.99477090328284034637E+00
        85         3         3   -0.60023638364940090639E+00
        85         3         4   -0.80798298818593805581E+00
        85         3         5   -0.83440700230440678631E+00
        85         4         2   -0.70266579270978024585E+00
        85         4         3   -0.94516369322184368151E+00
        85         4         4   -0.12344560805223818711E+01
        85         4         5   -0.64855069794951059059E+00
        85         5         2   -0.10009458895002042167E+00
        85         5         3   -0.16008476979285132802E+00
        85         5         4   -0.30703558406230663236E+00
        85         5         5   -0.94851826411163325803E-01
        86         2         2   -0.19315922153721143406E+00
        86         2         3   -0.14681018177772445221E+00
        86         2         4   -0.15962411555293054555E+00
        86         2         5   -0.13764576784468804393E+00
        86         3         2   -0.87819147933482932800E+00
        86         3         3   -0.80482252097511564060E+00
        86         3         4   -0.72497617026599692203E+00
        86         3         5   -0.72099487689126240397E+00
        86         4         2   -0.47780593017263428557E+00
        86         4         3   -0.90288637053488440820E+00
        86         4         4   -0.90403085671463612183E+00
        86         4         5   -0.61742349005838315090E+00
        86         5         2   -0.44300565723477070001E-01
        86         5         3   -0.96440831103077481745E-01
        86         5         4   -0.16035073503246796700E+00
        86         5         5   -0.29556926241817552820E-01
        87         2         2   -0.64069077527058607147E-01
        87         2         3   -0.39286190664994835586E-01
        87         2         4   -0.12195409611627210100E+00
        87         2         5   -0.14840730342400787478E+00
        87         3         2   -0.63443519968494133110E+00
        87         3         3   -0.60665992860123985064E+00
        87         3         4   -0.74322865208281130300E+00
        87         3         5   -0.78077098380114662302E+00
        87         4         2   -0.33322206582459812374E+00
        87         4         3   -0.99441371740225958931E+00
        87         4         4   -0.10334114161369667428E+01
        87         4         5   -0.52744394657880744326E+00
        87         5         2   -0.63677837784888211003E-01
        87         5         3   -0.18871272851307258067E+00
        87         5         4   -0.27694731011108891794E+00
        87         5         5   -0.11669612557194805613E+00
        88         2         2   -0.12345065638842980804E+00
        88         2         3   -0.13537827556972939491E+00
        88         2         4   -0.18693989866594742932E+00
        88         2         5   -0.15632452541928137935E+00
        88         3         2   -0.63514012387034191054E+00
        88         3         3   -0.75937001406543491733E+00
        88         3         4   -0.79657898491713929889E+00
        88         3         5   -0.77284682184822572903E+00
        88         4         2   -0.58485366298137753116E+00
        88         4         3   -0.91693252060976793150E+00
        88         4         4   -0.10712760503468941042E+01
        88         4         5   -0.11146887730262373672E+01
        88         5         2   -0.12410866563652007966E+00
        88         5         3   -0.12191813525966928300E+00
        88         5         4   -0.12810591193250392417E+00
        88         5         5   -0.98476775868718779972E-01
        89         2         2   -0.73752579247406052643E-01
        89         2         3   -0.46509984894863992677E-01
        89         2         4   -0.13565684292705784686E+00
        89         2         5   -0.23433069569909792396E+00
        89         3         2   -0.64701020435935086006E+00
        89         3         3   -0.61850941190981945095E+00
        89         3         4   -0.78888339745480129395E+00
        89         3         5   -0.76988525146421005196E+00
        89         4         2   -0.99775451886715194050E+00
        89         4         3   -0.91699555283653666482E+00
        89         4         4   -0.96021951940436078843E+00
        89         4         5   -0.89269558205841559317E+00
        89         5         2   -0.27357488900621590444E+00
        89         5         3   -0.18345458680347764835E+00
        89         5         4   -0.22511875837804484757E+00
        89         5         5   -0.97438853149661885933E-01
        90         2         2   -0.14139695957034270624E+00
        90         2         3   -0.13749231847543172402E+00
        90         2         4   -0.97787115223360490668E-01
        90         2         5   -0.17231332939407187355E+00
        90         3         2   -0.55012234583977603908E+00
        90         3         3   -0.69212716429409892882E+00
        90         3         4   -0.93012800970449205362E+00
        90         3         5   -0.11036976352974392501E+01
        90         4         2   -0.67829819100269950205E+00
        90         4         3   -0.90672856888216868398E+00
        90         4         4   -0.97689318384045387145E+00
        90         4         5   -0.99188048656421090588E+00
        90         5         2   -0.13972548824742883622E+00
        90         5         3   -0.12922359078855821801E+00
        90         5         4   -0.19863506352833434909E+00
        90         5         5   -0.10528999328880245256E+00
        91         2         2   -0.84924054503058302168E-01
        91         2         3   -0.18646705919996725553E+00
        91         2         4   -0.57115073201571692207E-01
        91         2         5   -0.10431572217783213752E+00
        91         3         2   -0.77303676292339962295E+00
        91         3         3   -0.13204014357513238487E+01
        91         3         4   -0.98709678129143607617E+00
        91         3         5   -0.95350686727408318077E+00
        91         4         2   -0.73880847408011962596E+00
        91         4         3   -0.11865615334652093171E+01
        91         4         4   -0.93402529553316249178E+00
        91         4         5   -0.48304270197523319075E+00
        91         5         2   -0.12238267256543296224E+00
        91         5         3   -0.16595836569872146615E+00
        91         5         4   -0.11797272024162344661E+00
        91         5         5   -0.21753633107326957735E-01
        92         2         2   -0.10311731535984416941E+00
        92         2         3   -0.74663765529262321463E-01
        92         2         4   -0.88353366833494234589E-01
        92         2         5   -0.13545735137548256533E+00
        92         3         2   -0.64952486412644272473E+00
        92         3         3   -0.75123104862381917535E+00
        92         3         4   -0.61984096890390205647E+00
        92         3         5   -0.85315980532531576763E+00
        92         4         2   -0.84587750048631527022E+00
        92         4         3   -0.71455151646542736099E+00
        92         4         4   -0.80001612823020828991E+00
        92         4         5   -0.63780569542850273912E+00
        92         5         2   -0.18283200537128188601E+00
        92         5         3   -0.11646165441622483017E+00
        92         5         4   -0.12336559960925336243E+00
        92         5         5   -0.99011146728530743943E-01
        93         2         2   -0.16844720302490187591E+00
        93         2         3   -0.10023428176514068144E+00
        93         2         4   -0.12629354419583044278E+00
        93         2         5   -0.88340497860066036218E-01
        93         3         2   -0.84864515260528849971E+00
        93         3         3   -0.77163073060364650857E+00
        93         3         4   -0.84144953424948965015E+00
        93         3         5   -0.80187405558794977445E+00
        93         4         2   -0.50996305364567939833E+00
        93         4         3   -0.12329969171213990276E+01
        93         4         4   -0.99129795503333117956E+00
        93         4         5   -0.81831759344396748368E+00
        93         5         2   -0.92911160362315642347E-01
        93         5         3   -0.23700452873716826296E+00
        93         5         4   -0.11810738198900798401E+00
        93         5         5   -0.85690478965626551422E-01
        94         2         2   -0.14463044357788634731E+00
        94         2         3   -0.19893794977667950130E+00
        94         2         4   -0.25776822596255383191E+00
        94         2         5   -0.13447965706126582819E+00
        94         3         2   -0.91097861485270437143E+00
        94         3         3   -0.10629226184080029505E+01
        94         3         4   -0.13056077579085303420E+01
        94         3         5   -0.82051651986219731327E+00
        94         4         2   -0.57935354490236423697E+00
        94         4         3   -0.84506647905288367895E+00
        94         4         4   -0.11219034214628655910E+01
        94         4         5   -0.89052250020513312734E+00
        94         5         2   -0.11364172836062849670E+00
        94         5         3   -0.12381407679839837033E+00
        94         5         4   -0.13744835547632991424E+00
        94         5         5   -0.70866059590674754243E-01
        95         2         2   -0.44391460304639168699E-01
        95         2         3   -0.18823765469611933310E+00
        95         2         4   -0.15662363225993644611E+00
        95         2         5   -0.15845916256028605429E+00
        95         3         2   -0.61099371192693685551E+00
        95         3         3   -0.11938682077040121410E+01
        95         3         4   -0.78250263319966140152E+00
        95         3         5   -0.68423639386205303836E+00
        95         4         2   -0.10747320934618693755E+01
        95         4         3   -0.13914354716519585775E+01
        95         4         4   -0.96787175824799120960E+00
        95         4         5   -0.52277637345358840548E+00
        95         5         2   -0.25230606087571216811E+00
        95         5         3   -0.12541817988044856591E+00
        95         5         4   -0.17790712354789825489E+00
        95         5         5   -0.93045604930879363681E-01
        96         2         2   -0.30407994387825616062E-01
        96         2         3   -0.72583266767492687910E-01
        96         2         4   -0.88480073347672438810E-01
        96         2         5   -0.23365472853816265930E+00
        96         3         2   -0.45712883352164235262E+00
        96         3         3   -0.94920015876726893111E+00
        96         3         4   -0.10254520383397156547E+01
        96         3         5   -0.86213157955124031240E+00
        96         4         2   -0.64558224350309645345E+00
        96         4         3   -0.12054161319703400324E+01
        96         4         4   -0.83674412366588768464E+00
        96         4         5   -0.74237557049511049279E+00
        96         5         2   -0.11944322881785023049E+00
        96         5         3   -0.93127945623730057356E-01
        96         5         4   -0.91890376002199819494E-01
        96         5         5   -0.12699110687616377291E+00
        97         2         2   -0.15954497699132441646E+00
        97         2         3   -0.80825226052625875894E-01
        97         2         4   -0.11587414343970726949E+00
        97         2         5   -0.16838781558390220061E+00
        97         3         2   -0.56928908898648467041E+00
        97         3         3   -0.75050884420278585196E+00
        97         3         4   -0.12634120187001944835E+01
        97         3         5   -0.98855294150825012700E+00
        97         4         2   -0.44559605857241407767E+00
        97         4         3   -0.95301746243046692175E+00
        97         4         4   -0.10170358048295708997E+01
        97         4         5   -0.71952285672629390234E+00
        97         5         2   -0.39201602075342664722E-01
        97         5         3   -0.59249284946840230504E-01
        97         5         4   -0.22162363971220680470E+00
        97         5         5   -0.16636679564189404967E+00
        98         2         2   -0.31399301706870680340E+00
        98         2         3   -0.21211110543231204151E+00
        98         2         4   -0.12282801937334351938E+00
        98         2         5   -0.16857337027447838462E+00
        98         3         2   -0.11910356931267773728E+01
        98         3         3   -0.93380466889176860779E+00
        98         3         4   -0.53028704613678989688E+00
        98         3         5   -0.57106402497115560379E+00
        98         4         2   -0.65345500744191198361E+00
        98         4         3   -0.76308209346612032586E+00
        98         4         4   -0.55772035144006237850E+00
        98         4         5   -0.67594864535863519173E+00
        98         5         2   -0.12874662286180871273E+00
        98         5         3   -0.11563365315345494611E+00
        98         5         4   -0.49659214401101658964E-01
        98         5         5   -0.73628587581405127716E-01
        99         2         2   -0.20943347055475375340E+00
        99         2         3   -0.17767454464689289018E+00
        99         2         4   -0.43750510871915102018E-01
        99         2         5   -0.12029975341910204012E+00
        99         3         2   -0.84733631404437592671E+00
        99         3         3   -0.71069220405826172282E+00
        99         3         4   -0.28944821039956597497E+00
        99         3         5   -0.48872824203647657892E+00
        99         4         2   -0.47456160820641535292E+00
        99         4         3   -0.53066908270030277439E+00
        99         4         4   -0.67756513018050312791E+00
        99         4         5   -0.89595740064287587856E+00
        99         5         2   -0.10564583912992693560E+00
        99         5         3   -0.18693902085159844195E+00
        99         5         4   -0.12499225742890103519E+00
        99         5         5   -0.92016730778723979101E-01
       100         2         2   -0.12204500713901840492E+00
       100         2         3   -0.64622443362810311207E-01
       100         2         4   -0.99900955542962438516E-01
       100         2         5   -0.11892814920753927432E+00
       100         3         2   -0.40836711683120391347E+00
       100         3         3   -0.50912321802717730446E+00
       100         3         4   -0.54598769280809678062E+00
       100         3         5   -0.63544949049102339433E+00
       100         4         2   -0.62205261416521917539E+00
       100         4         3   -0.49442180505622423947E+00
       100         4         4   -0.87567783267962839844E+00
       100         4         5   -0.58308165923535193453E+00
       100         5         2   -0.39745695887830397031E-01
       100         5         3   -0.78356619440285685263E-01
       100         5         4   -0.24638996376913716024E+00
       100         5         5   -0.14320807559603460080E+00
       101         2         2   -0.13524427087074905596E+00
       101         2         3   -0.71596447135565621789E-01
       101         2         4   -0.14681886624511014672E+00
       101         2         5   -0.26939045887579721184E+00
       101         3         2   -0.11782219893818890455E+01
       101         3         3   -0.72451857230233762674E+00
       101         3         4   -0.91476243073931262639E+00
       101         3         5   -0.66330354520928469508E+00
       101         4         2   -0.92499306827294702771E+00
       101         4         3   -0.55399676208276460443E+00
       101         4         4   -0.69243016076568009165E+00
       101         4         5   -0.64008386701411901232E+00
       101         5         2   -0.13750129910484210072E+00
       101         5         3   -0.53965168101354710206E-01
       101         5         4   -0.16521751042587623504E+00
       101         5         5   -0.10391870327744696934E+00
