         2         2         2   -0.20418004972482356463E+00
         2         2         3   -0.13424498567316700548E+00
         2         2         4   -0.71233026853266490086E-01
         2         2         5   -0.38064124779678437660E-01
         2         3         2   -0.98765195531155192121E+00
         2         3         3   -0.59492797948873599179E+00
         2         3         4   -0.53008624834942907889E+00
         2         3         5   -0.33136041137516880628E+00
         2         4         2   -0.69603928937349235362E+00
         2         4         3   -0.74793102430414659665E+00
         2         4         4   -0.64380882111674198054E+00
         2         4         5   -0.83060218991477641204E+00
         2         5         2   -0.61811708160861747463E-01
         2         5         3   -0.13028264323050950391E+00
         2         5         4   -0.42049471124331036509E-01
         2         5         5   -0.11325941596048511029E+00
         3         2         2   -0.97393606111098957046E-01
         3         2         3   -0.19434581331938180493E+00
         3         2         4   -0.94883817037900039515E-01
         3         2         5   -0.12281815936175149995E+00
         3         3         2   -0.10634910828075332390E+01
         3         3         3   -0.81722657655042452163E+00
         3         3         4   -0.67375839926942515667E+00
         3         3         5   -0.65011234625689606759E+00
         3         4         2   -0.86725602640128618415E+00
         3         4         3   -0.59935960362230478182E+00
         3         4         4   -0.11230795636076886801E+01
         3         4         5   -0.56178359269351063610E+00
         3         5         2   -0.44474014856199901857E-01
         3         5         3   -0.52322993011969569366E-01
         3         5         4   -0.19882418027688902873E+00
         3         5         5   -0.94016433693706519259E-01
         4         2         2   -0.35386119039922211971E-01
         4         2         3   -0.13368372488421270683E+00
         4         2         4   -0.15085861056803520630E+00
         4         2         5   -0.54515593394946666728E-01
         4         3         2   -0.38406636320605042068E+00
         4         3         3   -0.94723881708453006034E+00
         4         3         4   -0.82028506163453052125E+00
         4         3         5   -0.83054663957184970968E+00
         4         4         2   -0.80624523700376882207E+00
         4         4         3   -0.76589771125235839300E+00
         4         4         4   -0.97956362932626417361E+00
         4         4         5   -0.79931474206803798666E+00
         4         5         2   -0.60388411356606726266E-01
         4         5         3   -0.12114180057109465161E+00
         4         5         4   -0.20491812295080558126E+00
         4         5         5   -0.69910431042191717443E-01
         5         2         2   -0.18573177250551999029E-01
         5         2         3   -0.98173390831665652279E-01
         5         2         4   -0.10442459030684321519E+00
         5         2         5   -0.92083636271260649320E-01
         5         3         2   -0.48792624564848030566E+00
         5         3         3   -0.64848891105709505212E+00
         5         3         4   -0.84536806651451090744E+00
         5         3         5   -0.39001200502958210947E+00
         5         4         2   -0.52155057748345179380E+00
         5         4         3   -0.77313553154041747550E+00
         5         4         4   -0.76526110108643097263E+00
         5         4         5   -0.31210232412282890024E+00
         5         5         2   -0.93499757109102160646E-01
         5         5         3   -0.14767990100040490065E+00
         5         5         4   -0.16437882492045016725E+00
         5         5         5   -0.34513902733369988818E-01
         6         2         2   -0.25470517257438301389E-01
         6         2         3   -0.13343413001571716170E+00
         6         2         4   -0.30669274177477990478E-01
         6         2         5   -0.81175182001020293465E-01
         6         3         2   -0.61210806121724015139E+00
         6         3         3   -0.90549967457938884685E+00
         6         3         4   -0.38114000778330930919E+00
         6         3         5   -0.38263600449723539354E+00
         6         4         2   -0.95762111441410657786E+00
         6         4         3   -0.10680362979639421717E+01
         6         4         4   -0.71256595223982721610E+00
         6         4         5   -0.49095196673791446917E+00
         6         5         2   -0.18432608166223271584E+00
         6         5         3   -0.24208250613349890923E+00
         6         5         4   -0.15635270922004587679E+00
         6         5         5   -0.55353912282092854191E-01
         7         2         2   -0.44784610163689196616E-01
         7         2         3   -0.10988366084929292177E-01
         7         2         4   -0.14014311201990608050E-01
         7         2         5   -0.99423763588948083081E-01
         7         3         2   -0.79253910496294632804E+00
         7         3         3   -0.54526129212726492934E+00
         7         3         4   -0.69159450137958933258E+00
         7         3         5   -0.74159155580068281122E+00
         7         4         2   -0.93361530958255922741E+00
         7         4         3   -0.10919103156054690285E+01
         7         4         4   -0.92594897664674746807E+00
         7         4         5   -0.74071136745324062112E+00
         7         5         2   -0.73072248508391876576E-01
         7         5         3   -0.21585233017125066146E+00
         7         5         4   -0.13412416966155399356E+00
         7         5         5   -0.93267047590239363086E-01
         8         2         2   -0.17030054091147953099E+00
         8         2         3   -0.12536693957781577802E+00
         8         2         4   -0.59839420130131763809E-01
         8         2         5   -0.25540033683769718109E-01
         8         3         2   -0.71673938173664131224E+00
         8         3         3   -0.93458664317617945461E+00
         8         3         4   -0.62812336755307229819E+00
         8         3         5   -0.65869465483450651000E+00
         8         4         2   -0.86649346324271869779E+00
         8         4         3   -0.10754599417347754375E+01
         8         4         4   -0.96353140129020042881E+00
         8         4         5   -0.77087026747443376795E+00
         8         5         2   -0.88455361766723611394E-01
         8         5         3   -0.52895354233080969786E-01
         8         5         4   -0.11939666132414769595E+00
         8         5         5   -0.17007983265249984606E+00
         9         2         2   -0.12913101803037341231E+00
         9         2         3   -0.85436181279862410953E-01
         9         2         4   -0.60420451732933019851E-01
         9         2         5   -0.12715946225035743011E+00
         9         3         2   -0.71816177234929412521E+00
         9         3         3   -0.93121409276471689420E+00
         9         3         4   -0.68813955696914264060E+00
         9         3         5   -0.68223431692107339153E+00
         9         4         2   -0.11758313588978086539E+01
         9         4         3   -0.11165185030104292085E+01
         9         4         4   -0.73490351467210945913E+00
         9         4         5   -0.87173308873128751983E+00
         9         5         2   -0.17351239476377491866E+00
         9         5         3   -0.15103888393650152788E+00
         9         5         4   -0.53219085840834470802E-01
         9         5         5   -0.13403146522732400925E+00
        10         2         2   -0.27300047979240724128E-01
        10         2         3   -0.56750587020306712815E-01
        10         2         4   -0.70740187760512482362E-01
        10         2         5   -0.93188241199666760339E-01
        10         3         2   -0.48697084959210001909E+00
        10         3         3   -0.45919551941367525716E+00
        10         3         4   -0.77533759937093293946E+00
        10         3         5   -0.64948906599771116799E+00
        10         4         2   -0.65867927796108449723E+00
        10         4         3   -0.72688523364427759521E+00
        10         4         4   -0.96690482754639273111E+00
        10         4         5   -0.53965141373722491647E+00
        10         5         2   -0.13307005244918335141E+00
        10         5         3   -0.17560893145041811536E+00
        10         5         4   -0.16805237686266982777E+00
        10         5         5   -0.89422447162397958320E-01
        11         2         2   -0.46082793766956030301E-01
        11         2         3   -0.71125437495465029802E-01
        11         2         4   -0.90655964263757576882E-01
        11         2         5   -0.15959328795675395418E+00
        11         3         2   -0.67194122177657655826E+00
        11         3         3   -0.82038777121458028585E+00
        11         3         4   -0.10387402279031463515E+01
        11         3         5   -0.15497397629109896933E+01
        11         4         2   -0.41497257046340529918E+00
        11         4         3   -0.48823964507314054906E+00
        11         4         4   -0.91026404821315998195E+00
        11         4         5   -0.90712859064166140310E+00
        11         5         2   -0.32395713885385007957E-01
        11         5         3   -0.43298196115452769472E-01
        11         5         4   -0.16003058046940410453E+00
        11         5         5   -0.21782802873816614619E+00
        12         2         2   -0.19510007528367340202E+00
        12         2         3   -0.16019357266084097158E+00
        12         2         4   -0.11881814818076100182E+00
        12         2         5   -0.19954986116052536582E+00
        12         3         2   -0.89829205506467713072E+00
        12         3         3   -0.87330742903132785315E+00
        12         3         4   -0.57080432638460476547E+00
        12         3         5   -0.83208230020412154992E+00
        12         4         2   -0.47440001111421853386E+00
        12         4         3   -0.56328459510172479430E+00
        12         4         4   -0.83371651290117121391E+00
        12         4         5   -0.67852963246708108969E+00
        12         5         2   -0.75927565996749130095E-01
        12         5         3   -0.12204544033289130289E+00
        12         5         4   -0.16767704660975293884E+00
        12         5         5   -0.11603864928271560852E+00
        13         2         2   -0.12100380408643918173E+00
        13         2         3   -0.21942451871064466706E+00
        13         2         4   -0.65654749065067269376E-01
        13         2         5   -0.19751400891616982536E+00
        13         3         2   -0.61824251150743625427E+00
        13         3         3   -0.11430990145587791584E+01
        13         3         4   -0.73174220288042424176E+00
        13         3         5   -0.92792405678052680695E+00
        13         4         2   -0.56636788251431757768E+00
        13         4         3   -0.56757421277784048108E+00
        13         4         4   -0.46008789825984053312E+00
        13         4         5   -0.50641960354934967281E+00
        13         5         2   -0.90306692184973919035E-01
        13         5         3   -0.71814483970739834140E-01
        13         5         4   -0.62570829334800112664E-01
        13         5         5   -0.86962856963962748003E-01
        14         2         2   -0.65144655634463893845E-01
        14         2         3   -0.13945329952649235250E+00
        14         2         4   -0.78127571670042250673E-01
        14         2         5   -0.45554519405056899395E-01
        14         3         2   -0.86644669905367055485E+00
        14         3         3   -0.72447599437699516933E+00
        14         3         4   -0.82855856547183126537E+00
        14         3         5   -0.69726864804873045500E+00
        14         4         2   -0.68349086191367014465E+00
        14         4         3   -0.10606617279845902413E+01
        14         4         4   -0.72780883148090957935E+00
        14         4         5   -0.43572278668788161360E+00
        14         5         2   -0.49175124429826397310E-01
        14         5         3   -0.16319632188878943624E+00
        14         5         4   -0.53580462414653307057E-01
        14         5         5   -0.61951355629586535301E-01
        15         2         2   -0.86135418249906614552E-01
        15         2         3   -0.58638649786910371220E-01
        15         2         4   -0.36774829229297256727E-01
        15         2         5   -0.30779119307067152704E-02
        15         3         2   -0.91903171681289397288E+00
        15         3         3   -0.57918502950348049740E+00
        15         3         4   -0.56775868233076931535E+00
        15         3         5   -0.48374502325564638916E+00
        15         4         2   -0.72970277688870188726E+00
        15         4         3   -0.89385994885208974736E+00
        15         4         4   -0.11726785303305327091E+01
        15         4         5   -0.94724109611959739219E+00
        15         5         2   -0.68423659215837914771E-01
        15         5         3   -0.12335872271444098258E+00
        15         5         4   -0.22422944862840815672E+00
        15         5         5   -0.17854850703529343003E+00
        16         2         2   -0.56635381664922747336E-01
        16         2         3   -0.11218476783044854794E+00
        16         2         4   -0.14335890007404500368E+00
        16         2         5   -0.80833514011113660747E-01
        16         3         2   -0.57362055193576677592E+00
        16         3         3   -0.95945182231518333360E+00
        16         3         4   -0.86148828113983499932E+00
        16         3         5   -0.29803949811028690453E+00
        16         4         2   -0.57587011068144011716E+00
        16         4         3   -0.71411213262944328584E+00
        16         4         4   -0.81529078568839830066E+00
        16         4         5   -0.48222741544137448511E+00
        16         5         2   -0.25956917773359129697E-01
        16         5         3   -0.19279427187089880069E-01
        16         5         4   -0.14176048526430390373E+00
        16         5         5   -0.80022759886593061718E-01
        17         2         2   -0.43046837619122688134E-01
        17         2         3   -0.94184930449637035976E-01
        17         2         4   -0.18518053551455002093E+00
        17         2         5   -0.10889517924804525961E+00
        17         3         2   -0.74556113510048660498E+00
        17         3         3   -0.11026435404870353896E+01
        17         3         4   -0.87940025180730763132E+00
        17         3         5   -0.49610780522002506654E+00
        17         4         2   -0.94228804323220716199E+00
        17         4         3   -0.90118549443584961001E+00
        17         4         4   -0.80723005014780113697E+00
        17         4         5   -0.10298560971731869351E+01
        17         5         2   -0.42157999818783646606E-01
        17         5         3   -0.57725962883697544414E-01
        17         5         4   -0.11098281824176162158E+00
        17         5         5   -0.19164065809679753372E+00
        18         2         2   -0.46776572763060821764E-02
        18         2         3   -0.63950259380736937387E-01
        18         2         4   -0.10191784028544489948E+00
        18         2         5   -0.26540871058540908833E-01
        18         3         2   -0.97895305288945499989E+00
        18         3         3   -0.86695380970298263623E+00
        18         3         4   -0.10751674642594939435E+01
        18         3         5   -0.56001933243488055680E+00
        18         4         2   -0.95988708711411296903E+00
        18         4         3   -0.10564425807175197303E+01
        18         4         4   -0.10557492693006620410E+01
        18         4         5   -0.71307625318991951779E+00
        18         5         2   -0.12876035914843286800E+00
        18         5         3   -0.16167329474650335430E+00
        18         5         4   -0.12357469139777016442E+00
        18         5         5   -0.88828141658112202972E-01
        19         2         2   -0.45190126233650818044E-01
        19         2         3   -0.15931159986341578150E+00
        19         2         4   -0.48988856189682079834E-01
        19         2         5   -0.11788458689554676129E+00
        19         3         2   -0.11706242844505772016E+01
        19         3         3   -0.70266945526442603498E+00
        19         3         4   -0.68784918706719888615E+00
        19         3         5   -0.79635031267977285374E+00
        19         4         2   -0.97553521783516772281E+00
        19         4         3   -0.56798503832978108896E+00
        19         4         4   -0.69586103020676537412E+00
        19         4         5   -0.73065615285710183713E+00
        19         5         2   -0.61607773853811456655E-01
        19         5         3   -0.13215972207211135192E+00
        19         5         4   -0.51493530905165500744E-01
        19         5         5   -0.54430161200657800613E-01
        20         2         2   -0.18116423646736826147E+00
        20         2         3   -0.15328376700827148205E+00
        20         2         4   -0.80677787194868108567E-01
        20         2         5   -0.20172566811367426132E+00
        20         3         2   -0.82453560755097010659E+00
        20         3         3   -0.69793390996642656887E+00
        20         3         4   -0.62587032522662133793E+00
        20         3         5   -0.95340163030364932784E+00
        20         4         2   -0.58626554272245390287E+00
        20         4         3   -0.84097580805516725100E+00
        20         4         4   -0.47512209150589540529E+00
        20         4         5   -0.69627884554098395942E+00
        20         5         2   -0.60621895839627799873E-01
        20         5         3   -0.11648013637374907137E+00
        20         5         4   -0.26316881347897922577E-01
        20         5         5   -0.55828889625467927049E-01
        21         2         2   -0.38076654149901434376E+00
        21         2         3   -0.16208786572750788491E+00
        21         2         4   -0.10696091155019792074E+00
        21         2         5   -0.82231355578223419567E-01
        21         3         2   -0.12735875129600102706E+01
        21         3         3   -0.10176688766471386760E+01
        21         3         4   -0.11997421329936819312E+01
        21         3         5   -0.10391420911261748383E+01
        21         4         2   -0.95535516715022850143E+00
        21         4         3   -0.78829483428561319958E+00
        21         4         4   -0.82896211961667265467E+00
        21         4         5   -0.10642178299075966130E+01
        21         5         2   -0.11978876222016425490E+00
        21         5         3   -0.83249640851699932553E-01
        21         5         4   -0.16186436199335385577E+00
        21         5         5   -0.13185349668546764157E+00
        22         2         2   -0.98196248545553407872E-01
        22         2         3   -0.10776071944945775360E+00
        22         2         4   -0.70205315691700423408E-01
        22         2         5   -0.38193410889023692023E-01
        22         3         2   -0.85890603640852036804E+00
        22         3         3   -0.88459779306740027316E+00
        22         3         4   -0.11470297042291206502E+01
        22         3         5   -0.79642808169253098693E+00
        22         4         2   -0.12731532192366621370E+01
        22         4         3   -0.87167595585867019281E+00
        22         4         4   -0.11998667114238892317E+01
        22         4         5   -0.14116149579042742701E+01
        22         5         2   -0.16684185456314751250E+00
        22         5         3   -0.75522627414725471140E-01
        22         5         4   -0.23540246969062059157E+00
        22         5         5   -0.29591730305132135648E+00
        23         2         2   -0.16191326901947902805E+00
        23         2         3   -0.32850337688367564626E+00
        23         2         4   -0.50342597763584191750E-01
        23         2         5   -0.43173717039986028721E-01
        23         3         2   -0.94111016352194010182E+00
        23         3         3   -0.15393475676307453170E+01
        23         3         4   -0.75058798106308477482E+00
        23         3         5   -0.79387900001225841784E+00
        23         4         2   -0.39601463552747229180E+00
        23         4         3   -0.10340035068054311829E+01
        23         4         4   -0.12012763540325273048E+01
        23         4         5   -0.10778726040090089722E+01
        23         5         2   -0.25269881552242252909E-01
        23         5         3   -0.97968734376786353879E-01
        23         5         4   -0.15117418288142431271E+00
        23         5         5   -0.18896856301787950949E+00
        24         2         2   -0.17286885986573866103E+00
        24         2         3   -0.16855960597453623073E+00
        24         2         4   -0.73617476473618076449E-01
        24         2         5   -0.14103877526849104007E+00
        24         3         2   -0.89901792456294782330E+00
        24         3         3   -0.87538080284971830913E+00
        24         3         4   -0.46927343820160344334E+00
        24         3         5   -0.40124999031485225620E+00
        24         4         2   -0.40443294687737763038E+00
        24         4         3   -0.52416792966904812712E+00
        24         4         4   -0.12451256727508728250E+01
        24         4         5   -0.88131727185255315238E+00
        24         5         2   -0.17794590337477496356E-01
        24         5         3   -0.15374626428445125476E-01
        24         5         4   -0.16180968762572439656E+00
        24         5         5   -0.17614022574329515902E+00
        25         2         2   -0.55949016440044116449E-01
        25         2         3   -0.55440387128410456574E-01
        25         2         4   -0.15943784613041298015E+00
        25         2         5   -0.10784444040223938044E+00
        25         3         2   -0.60929249233975124600E+00
        25         3         3   -0.57732807859107915238E+00
        25         3         4   -0.10408496449455575394E+01
        25         3         5   -0.62781741123912992997E+00
        25         4         2   -0.91272035520187277946E+00
        25         4         3   -0.98670267468381367415E+00
        25         4         4   -0.95555731601505289330E+00
        25         4         5   -0.63163880227048052607E+00
        25         5         2   -0.93044543694115314225E-01
        25         5         3   -0.78208558266974509410E-01
        25         5         4   -0.65464268947804701848E-01
        25         5         5   -0.67013295400159794690E-01
        26         2         2   -0.21668019897238207511E-01
        26         2         3   -0.10195037312721080824E+00
        26         2         4   -0.10868969328362922122E+00
        26         2         5   -0.93243984630272974679E-01
        26         3         2   -0.60676269142209160457E+00
        26         3         3   -0.75684147036374405104E+00
        26         3         4   -0.81680292437370938252E+00
        26         3         5   -0.51959443013615946860E+00
        26         4         2   -0.47709499386405546106E+00
        26         4         3   -0.10943647709403261370E+01
        26         4         4   -0.96525952440634477103E+00
        26         4         5   -0.47268169158533740459E+00
        26         5         2   -0.85174557179358789671E-01
        26         5         3   -0.14208305813214885949E+00
        26         5         4   -0.18634257677953078303E+00
        26         5         5   -0.67228491419620853287E-01
        27         2         2   -0.13155858168268738662E+00
        27         2         3   -0.28261170830339427118E+00
        27         2         4   -0.13717246882305492162E+00
        27         2         5   -0.11743079127342720414E+00
        27         3         2   -0.95860637727755371174E+00
        27         3         3   -0.98381468309728858923E+00
        27         3         4   -0.12615605043283564246E+01
        27         3         5   -0.45701051752889471080E+00
        27         4         2   -0.66974205350083426680E+00
        27         4         3   -0.11904205297047227852E+01
        27         4         4   -0.11417375271570373574E+01
        27         4         5   -0.27091387060541360920E+00
        27         5         2   -0.43246299665626375397E-01
        27         5         3   -0.20617849144372848991E+00
        27         5         4   -0.96318803002430744553E-01
        27         5         5   -0.16950661486062751360E-01
        28         2         2   -0.61806123225375972363E-01
        28         2         3   -0.89656944227175475182E-01
        28         2         4   -0.12785182609759279670E+00
        28         2         5   -0.69090208537289962698E-01
        28         3         2   -0.61669251031953553621E+00
        28         3         3   -0.10042251990043800092E+01
        28         3         4   -0.11229902333381587276E+01
        28         3         5   -0.54817748391347698167E+00
        28         4         2   -0.82992598540083672987E+00
        28         4         3   -0.87015996734098299825E+00
        28         4         4   -0.86830081923318069848E+00
        28         4         5   -0.59948809685979909112E+00
        28         5         2   -0.15517771489244033822E+00
        28         5         3   -0.16164463955960087227E+00
        28         5         4   -0.87568478239890890080E-01
        28         5         5   -0.39611933266744274451E-01
        29         2         2   -0.15721941304918513049E+00
        29         2         3   -0.14979686324876465009E+00
        29         2         4   -0.16859756153370225595E+00
        29         2         5   -0.42281458867115345734E-01
        29         3         2   -0.10248543750078649150E+01
        29         3         3   -0.10686191513193772362E+01
        29         3         4   -0.80220279893159296414E+00
        29         3         5   -0.51279621425999888373E+00
        29         4         2   -0.80494329681135734500E+00
        29         4         3   -0.59615204029639523586E+00
        29         4         4   -0.92425782799524680566E+00
        29         4         5   -0.70369121182831073646E+00
        29         5         2   -0.31582047977820916496E-01
        29         5         3   -0.49569543092465605250E-01
        29         5         4   -0.13412989506081188229E+00
        29         5         5   -0.12569097255094702215E+00
        30         2         2   -0.17475351194893340434E+00
        30         2         3   -0.34730197515794640484E-01
        30         2         4   -0.10166504146655816476E+00
        30         2         5   -0.11358182115057391393E+00
        30         3         2   -0.76347211683498250601E+00
        30         3         3   -0.10664580178677842692E+01
        30         3         4   -0.80650128517125896366E+00
        30         3         5   -0.94097842300981271446E+00
        30         4         2   -0.53390875481377331191E+00
        30         4         3   -0.78822252949675031264E+00
        30         4         4   -0.10815846670265327756E+01
        30         4         5   -0.75686614732778034753E+00
        30         5         2   -0.35500633187203714525E-01
        30         5         3   -0.75283368787041046732E-01
        30         5         4   -0.13207247809451491682E+00
        30         5         5   -0.10038977566533230368E+00
        31         2         2   -0.79009312962969702188E-01
        31         2         3   -0.43517790536996517337E-01
        31         2         4   -0.66065708043828053064E-01
        31         2         5   -0.50259138490284446799E-01
        31         3         2   -0.47085621976169794722E+00
        31         3         3   -0.83848700696161648782E+00
        31         3         4   -0.68646642350729503157E+00
        31         3         5   -0.41268088868774843725E+00
        31         4         2   -0.73705153624664754286E+00
        31         4         3   -0.76680522204924805862E+00
        31         4         4   -0.95216153842645456784E+00
        31         4         5   -0.88389663256332928754E+00
        31         5         2   -0.14375591205056448274E+00
        31         5         3   -0.14934063684375795122E+00
        31         5         4   -0.72893916156827581743E-01
        31         5         5   -0.11910770914387713848E+00
        32         2         2   -0.88460441286846075437E-01
        32         2         3   -0.17488590427125327853E+00
        32         2         4   -0.17656081779784657537E+00
        32         2         5   -0.13172807990096604969E+00
        32         3         2   -0.65781592860686866064E+00
        32         3         3   -0.94639507817091728104E+00
        32         3         4   -0.93133442516456155236E+00
        32         3         5   -0.61663460675743897443E+00
        32         4         2   -0.55673446231622170099E+00
        32         4         3   -0.50866060251674216630E+00
        32         4         4   -0.12429030691679543441E+01
        32         4         5   -0.86049629202582456067E+00
        32         5         2   -0.82526187057520544732E-01
        32         5         3   -0.86579309478731464322E-01
        32         5         4   -0.24467233490331641299E+00
        32         5         5   -0.16968445979072571683E+00
        33         2         2   -0.16582463269364119962E+00
        33         2         3   -0.98526278199061179119E-01
        33         2         4   -0.10092711807130819168E+00
        33         2         5   -0.55097235734614814773E-01
        33         3         2   -0.14681090832959473591E+01
        33         3         3   -0.10037671890074153502E+01
        33         3         4   -0.76016102697506005015E+00
        33         3         5   -0.60064615558439815590E+00
        33         4         2   -0.68496211756836966611E+00
        33         4         3   -0.11409977098952692742E+01
        33         4         4   -0.12116860182040194438E+01
        33         4         5   -0.10032625304324853666E+01
        33         5         2   -0.77792776012995015766E-01
        33         5         3   -0.11719476069187409473E+00
        33         5         4   -0.23835653873108131329E+00
        33         5         5   -0.26785679844751797418E+00
        34         2         2   -0.20400107954763799234E+00
        34         2         3   -0.81510519751082560758E-01
        34         2         4   -0.36561289079114253631E-01
        34         2         5   -0.19498139957029678865E-01
        34         3         2   -0.11911192324959520850E+01
        34         3         3   -0.61311337027284540380E+00
        34         3         4   -0.27852881002967516677E+00
        34         3         5   -0.58786259815709762666E+00
        34         4         2   -0.89098173925394574812E+00
        34         4         3   -0.11714733478637171515E+01
        34         4         4   -0.76394304457326855928E+00
        34         4         5   -0.65259731633852080535E+00
        34         5         2   -0.16681385157694003651E+00
        34         5         3   -0.16538217624688780760E+00
        34         5         4   -0.14181377439610731717E+00
        34         5         5   -0.14276454881348132897E+00
        35         2         2   -0.51007958357231181212E-01
        35         2         3   -0.13524000572134856069E+00
        35         2         4   -0.61708513791729806275E-01
        35         2         5   -0.15558440417915642140E+00
        35         3         2   -0.52976833349300478382E+00
        35         3         3   -0.50562272570309851893E+00
        35         3         4   -0.43604115004187832261E+00
        35         3         5   -0.69113121138906496999E+00
        35         4         2   -0.46825805600251940719E+00
        35         4         3   -0.58120336094390046000E+00
        35         4         4   -0.91516476249563749601E+00
        35         4         5   -0.89540347122405572478E+00
        35         5         2   -0.97626513518246194057E-01
        35         5         3   -0.15119942699712993206E+00
        35         5         4   -0.18999234740702844459E+00
        35         5         5   -0.20031743886397848642E+00
        36         2         2   -0.12878493239482350155E-01
        36         2         3   -0.71242632728347854432E-01
        36         2         4   -0.22700420590807506016E-01
        36         2         5   -0.91447424970007976097E-01
        36         3         2   -0.52437221169725301007E+00
        36         3         3   -0.64244083688350850370E+00
        36         3         4   -0.77310699130944082746E+00
        36         3         5   -0.88231491075792989331E+00
        36         4         2   -0.76900374425244832910E+00
        36         4         3   -0.74608488494029556737E+00
        36         4         4   -0.81887942154310600085E+00
        36         4         5   -0.75934804093876495656E+00
        36         5         2   -0.75437842562424001214E-01
        36         5         3   -0.10032313633045848722E+00
        36         5         4   -0.13077008223698113887E+00
        36         5         5   -0.14461702383082603030E+00
        37         2         2   -0.46354834021292569413E-01
        37         2         3   -0.10099594336176326292E+00
        37         2         4   -0.26942373745035927413E-01
        37         2         5   -0.31887227853128044530E-01
        37         3         2   -0.11818626470235038539E+01
        37         3         3   -0.96058567651489434880E+00
        37         3         4   -0.83141509253174716854E+00
        37         3         5   -0.87947079037265962764E+00
        37         4         2   -0.86382270396436588999E+00
        37         4         3   -0.62964665347302661846E+00
        37         4         4   -0.11508952687491604827E+01
        37         4         5   -0.97166827414474921110E+00
        37         5         2   -0.42001629048578278947E-01
        37         5         3   -0.96482481466621985988E-01
        37         5         4   -0.19437314198448141234E+00
        37         5         5   -0.13292695198656370725E+00
        38         2         2   -0.77131722747205450075E-01
        38         2         3   -0.27371583773469692485E-01
        38         2         4   -0.10448402796553603322E+00
        38         2         5   -0.91954351319788463215E-01
        38         3         2   -0.82752941434289239986E+00
        38         3         3   -0.58985576833859543200E+00
        38         3         4   -0.76754531650171597956E+00
        38         3         5   -0.95396230332912967942E+00
        38         4         2   -0.73968572727132841926E+00
        38         4         3   -0.63868142391523974322E+00
        38         4         4   -0.12249285439899468830E+01
        38         4         5   -0.55744369733341458950E+00
        38         5         2   -0.74044966101304995898E-01
        38         5         3   -0.63589776177318840800E-01
        38         5         4   -0.14540802951443537738E+00
        38         5         5   -0.67845942308526960285E-01
        39         2         2   -0.20362232180897880951E-01
        39         2         3   -0.76675222119699640300E-01
        39         2         4   -0.91001329616090365082E-01
        39         2         5   -0.10918056294028231912E+00
        39         3         2   -0.60873992721758440894E+00
        39         3         3   -0.71447636326040109278E+00
        39         3         4   -0.11081245025485642053E+01
        39         3         5   -0.66476584756632894901E+00
        39         4         2   -0.81559092193986615360E+00
        39         4         3   -0.98398303956842236850E+00
        39         4         4   -0.11835714771858258931E+01
        39         4         5   -0.86969436072443018215E+00
        39         5         2   -0.86567105500850866084E-01
        39         5         3   -0.14566295648826038667E+00
        39         5         4   -0.17603231158488047425E+00
        39         5         5   -0.19070381731700994377E+00
        40         2         2   -0.64812117087387863257E-01
        40         2         3   -0.98712087701398942841E-01
        40         2         4   -0.14748700123616864666E+00
        40         2         5   -0.30600839438595872632E+00
        40         3         2   -0.90600508859642525650E+00
        40         3         3   -0.14830859579906565671E+01
        40         3         4   -0.10059416220548123011E+01
        40         3         5   -0.95884200550731024659E+00
        40         4         2   -0.85618883310191062908E+00
        40         4         3   -0.12132668998698972196E+01
        40         4         4   -0.95521193687575534081E+00
        40         4         5   -0.68475080571362068049E+00
        40         5         2   -0.80726326700413478243E-01
        40         5         3   -0.79821170166236923849E-01
        40         5         4   -0.14619975878186380891E+00
        40         5         5   -0.52150241890453065408E-01
        41         2         2   -0.41906511432185461485E-01
        41         2         3   -0.47630131245251873529E-01
        41         2         4   -0.14358992459331992864E+00
        41         2         5   -0.13102467070017123629E+00
        41         3         2   -0.64963533240087456555E+00
        41         3         3   -0.10072359161168427111E+01
        41         3         4   -0.10561595583948903965E+01
        41         3         5   -0.88039900338205201447E+00
        41         4         2   -0.62687755234378750302E+00
        41         4         3   -0.94326191737039244423E+00
        41         4         4   -0.11299990793069862871E+01
        41         4         5   -0.10403163157033297193E+01
        41         5         2   -0.51671294607519527298E-01
        41         5         3   -0.35481721030198996869E-01
        41         5         4   -0.10025669831653645503E+00
        41         5         5   -0.88347126431715883310E-01
        42         2         2   -0.24843662312261866054E+00
        42         2         3   -0.19197352716897428393E+00
        42         2         4   -0.12857236315056738696E+00
        42         2         5   -0.40508548989404737084E-01
        42         3         2   -0.90234491208033351661E+00
        42         3         3   -0.90307004265893253692E+00
        42         3         4   -0.81682314490829810438E+00
        42         3         5   -0.73575076982128329028E+00
        42         4         2   -0.39762213906076082637E+00
        42         4         3   -0.68731089566681935477E+00
        42         4         4   -0.11058948447775320822E+01
        42         4         5   -0.75406841800295154599E+00
        42         5         2   -0.81587837285028191880E-01
        42         5         3   -0.18619684592155662239E-01
        42         5         4   -0.22021606526492790157E+00
        42         5         5   -0.12230730182239649140E+00
        43         2         2   -0.17529302830841073102E+00
        43         2         3   -0.18331834380764341907E+00
        43         2         4   -0.12973263122621167542E+00
        43         2         5   -0.95281132010200095261E-01
        43         3         2   -0.86178840010161228413E+00
        43         3         3   -0.10242555312439687309E+01
        43         3         4   -0.96588924692284039430E+00
        43         3         5   -0.72837138340500984235E+00
        43         4         2   -0.95237754288565334981E+00
        43         4         3   -0.91151082559986951193E+00
        43         4         4   -0.83007231816449378314E+00
        43         4         5   -0.91099360303505616532E+00
        43         5         2   -0.18192470852762873679E+00
        43         5         3   -0.11300375720828421955E+00
        43         5         4   -0.75821412543448818422E-01
        43         5         5   -0.98505340298962434931E-01
        44         2         2   -0.12153240878910338829E+00
        44         2         3   -0.10804300936576052838E+00
        44         2         4   -0.12151688062407087210E+00
        44         2         5   -0.20792084185448211908E+00
        44         3         2   -0.51018881346526023801E+00
        44         3         3   -0.10082794038358322553E+01
        44         3         4   -0.90068986970064246478E+00
        44         3         5   -0.95455156441195343486E+00
        44         4         2   -0.71697524696389114407E+00
        44         4         3   -0.14142436572062258016E+01
        44         4         4   -0.58656224089602515548E+00
        44         4         5   -0.61969354390819342271E+00
        44         5         2   -0.16496432391687557151E+00
        44         5         3   -0.11985627467376096245E+00
        44         5         4   -0.53121082523039778178E-01
        44         5         5   -0.16435022272539712151E+00
        45         2         2   -0.79977609600496837872E-01
        45         2         3   -0.10191341793971331331E+00
        45         2         4   -0.32688205811061223083E-01
        45         2         5   -0.67378590968770260550E-01
        45         3         2   -0.73317806432131038541E+00
        45         3         3   -0.81238192548687548911E+00
        45         3         4   -0.49241860641362072970E+00
        45         3         5   -0.48414266850213710791E+00
        45         4         2   -0.47586819621699238958E+00
        45         4         3   -0.10255680448698132334E+01
        45         4         4   -0.56812985647922575883E+00
        45         4         5   -0.73442855392689554428E+00
        45         5         2   -0.82789828615860511229E-01
        45         5         3   -0.55804461212719119745E-01
        45         5         4   -0.11528871694799987940E-01
        45         5         5   -0.11938701532737758249E+00
        46         2         2   -0.20303809040845144374E+00
        46         2         3   -0.83177723857247781725E-01
        46         2         4   -0.12523354670036934699E+00
        46         2         5   -0.85847668350121891789E-01
        46         3         2   -0.63038943598949814806E+00
        46         3         3   -0.63956877553367152967E+00
        46         3         4   -0.61909206366849311998E+00
        46         3         5   -0.44985058311983300294E+00
        46         4         2   -0.54486712309624074635E+00
        46         4         3   -0.80724460844860657094E+00
        46         4         4   -0.92745065359037581754E+00
        46         4         5   -0.66263734026985476877E+00
        46         5         2   -0.73765889297212020037E-01
        46         5         3   -0.15451270105349229622E+00
        46         5         4   -0.14402783097601265516E+00
        46         5         5   -0.15386899895963357388E+00
        47         2         2   -0.21290335968407833600E+00
        47         2         3   -0.48301082785883978077E-01
        47         2         4   -0.10123530376097625294E+00
        47         2         5   -0.61239178104411644277E-01
        47         3         2   -0.13419109852336130739E+01
        47         3         3   -0.89065374442785694153E+00
        47         3         4   -0.67014897539422579875E+00
        47         3         5   -0.59216618912841811895E+00
        47         4         2   -0.83438418045459816774E+00
        47         4         3   -0.11277400549239504635E+01
        47         4         4   -0.41706144504802156181E+00
        47         4         5   -0.36190275629583451567E+00
        47         5         2   -0.61209021365006735516E-01
        47         5         3   -0.20184874791950041528E+00
        47         5         4   -0.11046679227252691191E+00
        47         5         5   -0.50719595742179081344E-01
        48         2         2   -0.24063420700002199903E+00
        48         2         3   -0.10778617773268579783E+00
        48         2         4   -0.23894758328244397605E+00
        48         2         5   -0.90209774211895799034E-01
        48         3         2   -0.12348330349041927168E+01
        48         3         3   -0.64007998741073135474E+00
        48         3         4   -0.92948550617496172865E+00
        48         3         5   -0.76116034950869360109E+00
        48         4         2   -0.88714883348744244529E+00
        48         4         3   -0.64323193531369804443E+00
        48         4         4   -0.51160912412682924000E+00
        48         4         5   -0.98569851193293156477E+00
        48         5         2   -0.95521230976864254791E-01
        48         5         3   -0.11917488387541903816E+00
        48         5         4   -0.95166147392498373625E-01
        48         5         5   -0.17772756923136198703E+00
        49         2         2   -0.12723313253278242807E+00
        49         2         3   -0.55175742441202650646E-01
        49         2         4   -0.14026680549748035687E+00
        49         2         5   -0.61209732514510582779E-01
        49         3         2   -0.89775485187715275970E+00
        49         3         3   -0.75065721303966792544E+00
        49         3         4   -0.64765097822120332172E+00
        49         3         5   -0.69177791282314271548E+00
        49         4         2   -0.10800786112979199327E+01
        49         4         3   -0.11210503184366724660E+01
        49         4         4   -0.87517995311533969272E+00
        49         4         5   -0.11218942470722743643E+01
        49         5         2   -0.80719713600571230128E-01
        49         5         3   -0.11780528617609607733E+00
        49         5         4   -0.13502687786669390069E+00
        49         5         5   -0.19559721342966782109E+00
        50         2         2   -0.73402853907883286455E-01
        50         2         3   -0.15748974461931941615E+00
        50         2         4   -0.13145289996911221908E+00
        50         2         5   -0.14806023823576590359E-01
        50         3         2   -0.85544289474839918519E+00
        50         3         3   -0.12445412310534806899E+01
        50         3         4   -0.79460809630797979430E+00
        50         3         5   -0.57407099147655971105E+00
        50         4         2   -0.68282944758692232234E+00
        50         4         3   -0.72342047625013106149E+00
        50         4         4   -0.48044838596242167572E+00
        50         4         5   -0.60949313504391922081E+00
        50         5         2   -0.24387339128955104472E-01
        50         5         3   -0.18059891094124917721E-01
        50         5         4   -0.33707674511777044324E-01
        50         5         5   -0.16715445772343323627E+00
        51         2         2   -0.43422662129996368596E-01
        51         2         3   -0.11518863789585893909E+00
        51         2         4   -0.17815367131987794314E+00
        51         2         5   -0.70326314694074534839E-01
        51         3         2   -0.53822336933166103901E+00
        51         3         3   -0.10109234130802595697E+01
        51         3         4   -0.11598934204568249751E+01
        51         3         5   -0.63020281934207278418E+00
        51         4         2   -0.58125187922216881020E+00
        51         4         3   -0.74386439981816732114E+00
        51         4         4   -0.66480593345548077977E+00
        51         4         5   -0.77784043206320818697E+00
        51         5         2   -0.64499032011266430042E-01
        51         5         3   -0.74124830165875177368E-01
        51         5         4   -0.14768427745268539186E+00
        51         5         5   -0.26739363961676221315E+00
        52         2         2   -0.75076761007207462595E-01
        52         2         3   -0.16544163446781728899E+00
        52         2         4   -0.16854342261568999728E+00
        52         2         5   -0.16409091497841143958E+00
        52         3         2   -0.81332457703798510806E+00
        52         3         3   -0.10431501703438041950E+01
        52         3         4   -0.87705913398111001733E+00
        52         3         5   -0.89065700721897789194E+00
        52         4         2   -0.56690090665254977420E+00
        52         4         3   -0.88972970695420927623E+00
        52         4         4   -0.75650274261746919269E+00
        52         4         5   -0.78820903577427703368E+00
        52         5         2   -0.12960058121859546754E+00
        52         5         3   -0.50834357127475873761E-01
        52         5         4   -0.10741904091776718899E+00
        52         5         5   -0.23024659036283670610E+00
        53         2         2   -0.82346110472700323468E-01
        53         2         3   -0.22231788405575989009E+00
        53         2         4   -0.19229509398700203593E+00
        53         2         5   -0.84540127704992321100E-01
        53         3         2   -0.75250905210905150167E+00
        53         3         3   -0.10822391766003454094E+01
        53         3         4   -0.73162166430962916053E+00
        53         3         5   -0.63282923443300986843E+00
        53         4         2   -0.85153042436579040597E+00
        53         4         3   -0.86791384776744828766E+00
        53         4         4   -0.60040751368717881764E+00
        53         4         5   -0.41399451845205875733E+00
        53         5         2   -0.14178506511398369927E+00
        53         5         3   -0.12731720300498197695E+00
        53         5         4   -0.29663420891622684777E-01
        53         5         5   -0.10741116136442302453E+00
        54         2         2   -0.29493626213796905744E-01
        54         2         3   -0.77227559709652851549E-01
        54         2         4   -0.70759952766830641613E-01
        54         2         5   -0.66427590189421015232E-01
        54         3         2   -0.50098042326244285327E+00
        54         3         3   -0.75613949849144412863E+00
        54         3         4   -0.12918249131997512347E+01
        54         3         5   -0.60608488116028502724E+00
        54         4         2   -0.67786597755823974065E+00
        54         4         3   -0.58693362832658269035E+00
        54         4         4   -0.79783060403567862551E+00
        54         4         5   -0.50544240565823683742E+00
        54         5         2   -0.75377683805571443765E-01
        54         5         3   -0.55607694967119161711E-01
        54         5         4   -0.17446967496463586245E+00
        54         5         5   -0.12201488976489816007E+00
        55         2         2   -0.67330668520002773247E-01
        55         2         3   -0.82509983785749779761E-01
        55         2         4   -0.10305748836761446929E+00
        55         2         5   -0.17065733936514149161E+00
        55         3         2   -0.56273273075702634483E+00
        55         3         3   -0.62491420079760118256E+00
        55         3         4   -0.79324883543540991582E+00
        55         3         5   -0.99041563283837941167E+00
        55         4         2   -0.10222930689771791979E+01
        55         4         3   -0.92262553246166678633E+00
        55         4         4   -0.94792214661545259879E+00
        55         4         5   -0.71386087565787004205E+00
        55         5         2   -0.21034646132850637334E+00
        55         5         3   -0.12784935623609883226E+00
        55         5         4   -0.22690322777570656743E+00
        55         5         5   -0.87109464434037775504E-01
        56         2         2   -0.12539263566332545241E+00
        56         2         3   -0.56766535174735822944E-01
        56         2         4   -0.12823998672109426789E+00
        56         2         5   -0.13386761716502212916E+00
        56         3         2   -0.58084544842871688175E+00
        56         3         3   -0.42535652830960890558E+00
        56         3         4   -0.73844087042235118101E+00
        56         3         5   -0.78993656173449011693E+00
        56         4         2   -0.69918748497671068254E+00
        56         4         3   -0.71259342042332929346E+00
        56         4         4   -0.10494832442914145965E+01
        56         4         5   -0.93723153210293230764E+00
        56         5         2   -0.22483566752597999860E+00
        56         5         3   -0.95659017566084844630E-01
        56         5         4   -0.28788245176631965805E+00
        56         5         5   -0.23599639590219745333E+00
        57         2         2   -0.56352523694357385675E-01
        57         2         3   -0.69240154710619852829E-01
        57         2         4   -0.11344305192075275490E+00
        57         2         5   -0.31065398374506902890E+00
        57         3         2   -0.69292936044967690101E+00
        57         3         3   -0.51621601837970276794E+00
        57         3         4   -0.48839342494970311437E+00
        57         3         5   -0.12116439794775129002E+01
        57         4         2   -0.66695633323744163423E+00
        57         4         3   -0.94785190659030460480E+00
        57         4         4   -0.51980773780426936526E+00
        57         4         5   -0.58336735398262828944E+00
        57         5         2   -0.39061007485764534519E-01
        57         5         3   -0.72081245647492186990E-01
        57         5         4   -0.66741957328714324182E-01
        57         5         5   -0.29611433044292281153E-01
        58         2         2   -0.10965543299809901723E+00
        58         2         3   -0.10906894873521762179E+00
        58         2         4   -0.13047692355248569074E+00
        58         2         5   -0.15555687593792158485E+00
        58         3         2   -0.75254066755633508556E+00
        58         3         3   -0.59740674513460567674E+00
        58         3         4   -0.68244267450658679941E+00
        58         3         5   -0.12878940571966046580E+01
        58         4         2   -0.65058072053513582578E+00
        58         4         3   -0.79189929472517062159E+00
        58         4         4   -0.55765467912554744778E+00
        58         4         5   -0.40040654292108657231E+00
        58         5         2   -0.30621775313594282869E-01
        58         5         3   -0.15110215105346536113E+00
        58         5         4   -0.84244295970884758296E-01
        58         5         5   -0.16825800495041242505E-01
        59         2         2   -0.44411164707532334306E-01
        59         2         3   -0.31857184774899349744E-01
        59         2         4   -0.16701893200410211637E+00
        59         2         5   -0.60170949697658120126E-01
        59         3         2   -0.42067911111386496747E+00
        59         3         3   -0.52188216209414661773E+00
        59         3         4   -0.86575767349763188552E+00
        59         3         5   -0.85310545627956835268E+00
        59         4         2   -0.49306242507568776023E+00
        59         4         3   -0.67073710926101892671E+00
        59         4         4   -0.51220155090100671913E+00
        59         4         5   -0.45588793636759433747E+00
        59         5         2   -0.11288051621687125725E+00
        59         5         3   -0.56521822038356289708E-01
        59         5         4   -0.12160851529373181701E+00
        59         5         5   -0.47749497238220202366E-01
        60         2         2   -0.55448397880533455140E-01
        60         2         3   -0.12213734511755416912E+00
        60         2         4   -0.20976824261853271869E+00
        60         2         5   -0.22548600848770969374E+00
        60         3         2   -0.45025616021686831747E+00
        60         3         3   -0.69313063723329093602E+00
        60         3         4   -0.12975745969597076712E+01
        60         3         5   -0.99167054065287274511E+00
        60         4         2   -0.76392551927063345740E+00
        60         4         3   -0.42898277083156532985E+00
        60         4         4   -0.11323235293653326483E+01
        60         4         5   -0.82884006189185843727E+00
        60         5         2   -0.11039820003501492340E+00
        60         5         3   -0.15433167084255109205E-01
        60         5         4   -0.11943698487558979116E+00
        60         5         5   -0.49585940079795005897E-01
        61         2         2   -0.13264287426698412320E+00
        61         2         3   -0.13683596894544483580E+00
        61         2         4   -0.60727123807946953304E-01
        61         2         5   -0.12034016614790564448E+00
        61         3         2   -0.72493043261513823161E+00
        61         3         3   -0.85847004340862420602E+00
        61         3         4   -0.72361039695700535290E+00
        61         3         5   -0.83014849136253887618E+00
        61         4         2   -0.37143351458909618090E+00
        61         4         3   -0.56933570657472254428E+00
        61         4         4   -0.11190154937598491003E+01
        61         4         5   -0.65901684542969629632E+00
        61         5         2   -0.14810953201275411234E-01
        61         5         3   -0.98718166707419761213E-02
        61         5         4   -0.15526815290949014248E+00
        61         5         5   -0.63888919883954675694E-01
        62         2         2   -0.76316264630462801732E-01
        62         2         3   -0.69918225435988815009E-01
        62         2         4   -0.95762966349598827032E-01
        62         2         5   -0.19908729160939334091E+00
        62         3         2   -0.78751353604227403160E+00
        62         3         3   -0.78497009577966525562E+00
        62         3         4   -0.58039543853866903955E+00
        62         3         5   -0.12108440850087593965E+01
        62         4         2   -0.48650883038014675064E+00
        62         4         3   -0.77326611154439195417E+00
        62         4         4   -0.68575933782914810788E+00
        62         4         5   -0.81837693166830238756E+00
        62         5         2   -0.64592908466626922093E-01
        62         5         3   -0.16333094938855075018E+00
        62         5         4   -0.15400824526067319331E+00
        62         5         5   -0.15358289705534478031E+00
        63         2         2   -0.11784354395887133848E+00
        63         2         3   -0.67764713337209445121E-01
        63         2         4   -0.20783388440131217445E+00
        63         2         5   -0.20194723050901666750E+00
        63         3         2   -0.10100900347804409041E+01
        63         3         3   -0.80101966630621734833E+00
        63         3         4   -0.91696686006931904522E+00
        63         3         5   -0.10330556384679345783E+01
        63         4         2   -0.78457392772860434782E+00
        63         4         3   -0.53744866494425003189E+00
        63         4         4   -0.68640558879699931083E+00
        63         4         5   -0.61348548452926165986E+00
        63         5         2   -0.10400170040635216273E+00
        63         5         3   -0.75274218401246026366E-01
        63         5         4   -0.94315261179232168232E-01
        63         5         5   -0.10211516115798968674E+00
        64         2         2   -0.38163439679148383754E-01
        64         2         3   -0.11762149110658790679E-01
        64         2         4   -0.83144838546778732091E-01
        64         2         5   -0.13413953973185369084E+00
        64         3         2   -0.70697355709251064049E+00
        64         3         3   -0.65299813828015118577E+00
        64         3         4   -0.94764684991012426707E+00
        64         3         5   -0.80032808239666974881E+00
        64         4         2   -0.87338428464129169715E+00
        64         4         3   -0.68810966929549444160E+00
        64         4         4   -0.65502251298594171836E+00
        64         4         5   -0.49714516956784532420E+00
        64         5         2   -0.13873654327005588427E+00
        64         5         3   -0.82219771142579625711E-01
        64         5         4   -0.85077198570290765711E-01
        64         5         5   -0.74948029218709077970E-01
        65         2         2   -0.12154630304552693776E+00
        65         2         3   -0.24905696985275213584E-01
        65         2         4   -0.86921860122314675845E-01
        65         2         5   -0.10188593916259697236E+00
        65         3         2   -0.89648373311398421581E+00
        65         3         3   -0.85159739512733545475E+00
        65         3         4   -0.69391331673387512957E+00
        65         3         5   -0.80349045856343581651E+00
        65         4         2   -0.83083263726322953424E+00
        65         4         3   -0.86447823108238464052E+00
        65         4         4   -0.61458397902733918894E+00
        65         4         5   -0.66257407118569078275E+00
        65         5         2   -0.54834631172168413205E-01
        65         5         3   -0.12351873686385944628E+00
        65         5         4   -0.12966220657540858396E+00
        65         5         5   -0.94854673897847088804E-01
        66         2         2   -0.27253652401526828886E+00
        66         2         3   -0.13143781754612438029E+00
        66         2         4   -0.97936603268590410876E-01
        66         2         5   -0.52631260126204393313E-01
        66         3         2   -0.12080244536194260085E+01
        66         3         3   -0.72527899136334172958E+00
        66         3         4   -0.85856771733674308589E+00
        66         3         5   -0.83713006015388569114E+00
        66         4         2   -0.65028369658175588786E+00
        66         4         3   -0.11446925127678724277E+01
        66         4         4   -0.85230696192493782259E+00
        66         4         5   -0.88917445106686210377E+00
        66         5         2   -0.26008508542360031512E-01
        66         5         3   -0.29838331680810659119E+00
        66         5         4   -0.19567103864058074669E+00
        66         5         5   -0.80180193739258789898E-01
        67         2         2   -0.15798038876912165462E+00
        67         2         3   -0.19454407858260294728E+00
        67         2         4   -0.13503486605287323696E+00
        67         2         5   -0.27155310384652960737E-01
        67         3         2   -0.87965460829530672804E+00
        67         3         3   -0.96813790145153966193E+00
        67         3         4   -0.62425122976545643905E+00
        67         3         5   -0.38441428809005839806E+00
        67         4         2   -0.45846288145028191163E+00
        67         4         3   -0.95242327771498658251E+00
        67         4         4   -0.91967304139285066533E+00
        67         4         5   -0.78812189705748969537E+00
        67         5         2   -0.42414917677794296280E-01
        67         5         3   -0.18000229851953677973E+00
        67         5         4   -0.10112977673102729881E+00
        67         5         5   -0.10614009356627387981E+00
        68         2         2   -0.12529772613624631794E+00
        68         2         3   -0.10871249404031682606E+00
        68         2         4   -0.10194960659277493842E+00
        68         2         5   -0.36394969541479693653E-01
        68         3         2   -0.76898503719068267426E+00
        68         3         3   -0.13817663011707059795E+01
        68         3         4   -0.91335670359019793807E+00
        68         3         5   -0.61455671896434216350E+00
        68         4         2   -0.76378602791214345036E+00
        68         4         3   -0.14186589730904441975E+01
        68         4         4   -0.10879581502370994084E+01
        68         4         5   -0.96053415743416836747E+00
        68         5         2   -0.33770511007612066812E-01
        68         5         3   -0.19472377283846289964E+00
        68         5         4   -0.12427091197451575755E+00
        68         5         5   -0.10052424958160888213E+00
        69         2         2   -0.70696717552314214394E-01
        69         2         3   -0.15407504408178049338E+00
        69         2         4   -0.96257838672509879463E-01
        69         2         5   -0.11417078756635370973E+00
        69         3         2   -0.53297754801338093067E+00
        69         3         3   -0.10565703963784660591E+01
        69         3         4   -0.11853563454719133752E+01
        69         3         5   -0.80751395781546397856E+00
        69         4         2   -0.34802970883395650814E+00
        69         4         3   -0.93236871577749091955E+00
        69         4         4   -0.13708204295475654444E+01
        69         4         5   -0.64901529806147950641E+00
        69         5         2   -0.61312441039869547410E-01
        69         5         3   -0.21200524252659005975E+00
        69         5         4   -0.17401050142279542166E+00
        69         5         5   -0.92152154630453952944E-01
        70         2         2   -0.90821037272192386980E-01
        70         2         3   -0.13474145668613626836E+00
        70         2         4   -0.10052001739226346100E+00
        70         2         5   -0.60320997305868248595E-01
        70         3         2   -0.81505325666110906013E+00
        70         3         3   -0.10712144615023140304E+01
        70         3         4   -0.99751073727329320207E+00
        70         3         5   -0.72123928676265114390E+00
        70         4         2   -0.75289026653656188071E+00
        70         4         3   -0.10324579456875981887E+01
        70         4         4   -0.14103561156190074222E+01
        70         4         5   -0.74093096219841481087E+00
        70         5         2   -0.11097093880444947045E+00
        70         5         3   -0.24351575196671815249E+00
        70         5         4   -0.16359304853375050692E+00
        70         5         5   -0.95220186515081725598E-01
        71         2         2   -0.52013502130453928562E-01
        71         2         3   -0.12086148849098847513E+00
        71         2         4   -0.64588921270520516238E-01
        71         2         5   -0.56377633972365531756E-01
        71         3         2   -0.87469604370653242231E+00
        71         3         3   -0.11996089471027318041E+01
        71         3         4   -0.89718457939957729774E+00
        71         3         5   -0.81115677690410059597E+00
        71         4         2   -0.12132435536888377392E+01
        71         4         3   -0.81006074003790684568E+00
        71         4         4   -0.13950180611578879564E+01
        71         4         5   -0.12002343822263841222E+01
        71         5         2   -0.19159932231326123886E+00
        71         5         3   -0.13314956634393060320E+00
        71         5         4   -0.31075721610832129915E+00
        71         5         5   -0.27024075434767602655E+00
        72         2         2   -0.78190078647231320286E-01
        72         2         3   -0.21344330049821802486E+00
        72         2         4   -0.10170392708992938291E+00
        72         2         5   -0.68231934115327796952E-01
        72         3         2   -0.58794911183774056784E+00
        72         3         3   -0.12012400411857635518E+01
        72         3         4   -0.10271341748866962273E+01
        72         3         5   -0.57260699342111232024E+00
        72         4         2   -0.34763367743455586556E+00
        72         4         3   -0.72590124286692137012E+00
        72         4         4   -0.88671194171220735214E+00
        72         4         5   -0.10155068022884818912E+01
        72         5         2   -0.51971047184088282195E-02
        72         5         3   -0.55614517961611181773E-01
        72         5         4   -0.21611204131413927487E+00
        72         5         5   -0.19863101589470141817E+00
        73         2         2   -0.12584030608109975091E+00
        73         2         3   -0.14352504475233238135E+00
        73         2         4   -0.14044592882427001101E+00
        73         2         5   -0.97955154133982993980E-01
        73         3         2   -0.64475779957210577198E+00
        73         3         3   -0.72833452815491916965E+00
        73         3         4   -0.97498770050791527808E+00
        73         3         5   -0.69342248335385003877E+00
        73         4         2   -0.55081744410469857254E+00
        73         4         3   -0.90915948531788393083E+00
        73         4         4   -0.10306943897442766289E+01
        73         4         5   -0.94341531674485767933E+00
        73         5         2   -0.88271772215179802878E-01
        73         5         3   -0.14072759765529085918E+00
        73         5         4   -0.18051032216198081848E+00
        73         5         5   -0.16402854833813707014E+00
        74         2         2   -0.23351291271914742520E+00
        74         2         3   -0.18191630877666295496E+00
        74         2         4   -0.10055761939580160069E+00
        74         2         5   -0.88796335699504430616E-01
        74         3         2   -0.90484971961449289779E+00
        74         3         3   -0.81248514793864967665E+00
        74         3         4   -0.98221272651213409333E+00
        74         3         5   -0.66725839767992989326E+00
        74         4         2   -0.69221017058728673277E+00
        74         4         3   -0.79827587202468719418E+00
        74         4         4   -0.12301574669339601087E+01
        74         4         5   -0.92292188732790514383E+00
        74         5         2   -0.14214454865995715394E+00
        74         5         3   -0.87237847516736868880E-01
        74         5         4   -0.13164966647582426740E+00
        74         5         5   -0.41591970304345027287E-01
        75         2         2   -0.16247002984677569315E+00
        75         2         3   -0.13699170922027575914E+00
        75         2         4   -0.91034914643006156765E-01
        75         2         5   -0.96178923303786509336E-01
        75         3         2   -0.83663148385767149851E+00
        75         3         3   -0.12434721979792329183E+01
        75         3         4   -0.57563730512713073839E+00
        75         3         5   -0.82606946041747419951E+00
        75         4         2   -0.74190581107992514820E+00
        75         4         3   -0.10824975476368474681E+01
        75         4         4   -0.76261653535788465064E+00
        75         4         5   -0.68548406391136185167E+00
        75         5         2   -0.23699370875452713259E+00
        75         5         3   -0.12982633923434760970E+00
        75         5         4   -0.55564532615821830841E-01
        75         5         5   -0.81792498994382456523E-01
        76         2         2   -0.16004861817987212080E+00
        76         2         3   -0.11565230515133073652E+00
        76         2         4   -0.15533642103960013103E+00
        76         2         5   -0.55092143678685742691E-01
        76         3         2   -0.90836768752240704128E+00
        76         3         3   -0.80842240326510883541E+00
        76         3         4   -0.61427543969619335940E+00
        76         3         5   -0.55952504956333415365E+00
        76         4         2   -0.59913005929230234159E+00
        76         4         3   -0.87745084156465669167E+00
        76         4         4   -0.55487844691806620379E+00
        76         4         5   -0.59983636108710203239E+00
        76         5         2   -0.40503788402762523624E-01
        76         5         3   -0.61436565774766020709E-01
        76         5         4   -0.88344020463152636569E-01
        76         5         5   -0.16370583561523791016E+00
        77         2         2   -0.14777794484462780655E+00
        77         2         3   -0.25137714341777805949E+00
        77         2         4   -0.11650355209423086944E+00
        77         2         5   -0.15365234912247766053E+00
        77         3         2   -0.76285352130952144289E+00
        77         3         3   -0.12615926022782211202E+01
        77         3         4   -0.96216598227822036637E+00
        77         3         5   -0.13204193933403540751E+01
        77         4         2   -0.41850002760589150030E+00
        77         4         3   -0.66675952124890291994E+00
        77         4         4   -0.91806828245505411878E+00
        77         4         5   -0.66646407927792905568E+00
        77         5         2   -0.29502380620070781103E-01
        77         5         3   -0.36418757393266872578E-03
        77         5         4   -0.88716433737319869146E-01
        77         5         5   -0.11766120494895504489E+00
        78         2         2   -0.11854066545103152108E+00
        78         2         3   -0.17952316935900697326E+00
        78         2         4   -0.91323444916490567613E-01
        78         2         5   -0.13515910050622961802E+00
        78         3         2   -0.72647450888284226256E+00
        78         3         3   -0.99987749420597604733E+00
        78         3         4   -0.10905439974451114349E+01
        78         3         5   -0.11948552069159770195E+01
        78         4         2   -0.52249606376645496564E+00
        78         4         3   -0.68097143672981363949E+00
        78         4         4   -0.11077226080279429787E+01
        78         4         5   -0.77901039654992976224E+00
        78         5         2   -0.33734711090600430494E-01
        78         5         3   -0.39775613465028905602E-01
        78         5         4   -0.13496750608344770805E+00
        78         5         5   -0.12242208783428834562E+00
        79         2         2   -0.15556318038258448722E+00
        79         2         3   -0.15562326488293862226E+00
        79         2         4   -0.14609225841488807096E+00
        79         2         5   -0.17912385092600488501E+00
        79         3         2   -0.72238519550155988469E+00
        79         3         3   -0.11301314227058141260E+01
        79         3         4   -0.13149744121997750668E+01
        79         3         5   -0.88726383438182732100E+00
        79         4         2   -0.82033478888659205897E+00
        79         4         3   -0.79702660725807306097E+00
        79         4         4   -0.10237844080204885344E+01
        79         4         5   -0.53426887901370911926E+00
        79         5         2   -0.11170606632009949521E+00
        79         5         3   -0.76465063677603584136E-01
        79         5         4   -0.11554908924766191247E+00
        79         5         5   -0.12739116215807705368E+00
        80         2         2   -0.14387218118453953819E+00
        80         2         3   -0.16289663312025698394E+00
        80         2         4   -0.15464979602863551666E+00
        80         2         5   -0.15271276146194609491E+00
        80         3         2   -0.75256890631920081436E+00
        80         3         3   -0.82318422058040419120E+00
        80         3         4   -0.11558644106878315228E+01
        80         3         5   -0.99513660112990287576E+00
        80         4         2   -0.11533924759199574162E+01
        80         4         3   -0.81631324009655115148E+00
        80         4         4   -0.11606384887193039734E+01
        80         4         5   -0.79148671092838074337E+00
        80         5         2   -0.11323434546901738063E+00
        80         5         3   -0.11278958572819325346E+00
        80         5         4   -0.11184122648289882007E+00
        80         5         5   -0.13579508374865620346E+00
        81         2         2   -0.13200440887691497482E+00
        81         2         3   -0.18667138062150240296E+00
        81         2         4   -0.92545440332951284246E-01
        81         2         5   -0.23541153570761384761E-01
        81         3         2   -0.68925321978964737557E+00
        81         3         3   -0.11893924888669920037E+01
        81         3         4   -0.86680546108090328339E+00
        81         3         5   -0.44629005377288250012E+00
        81         4         2   -0.10247737583463900624E+01
        81         4         3   -0.10330945908794360033E+01
        81         4         4   -0.10914559083913926152E+01
        81         4         5   -0.74103757572990136548E+00
        81         5         2   -0.11471569586721497291E+00
        81         5         3   -0.15924547003447112048E+00
        81         5         4   -0.18877021712013422605E+00
        81         5         5   -0.14360260218725337533E+00
        82         2         2   -0.20579335088103965778E-01
        82         2         3   -0.10148287561795200917E+00
        82         2         4   -0.10719509488323827884E+00
        82         2         5   -0.54008912708623221799E-01
        82         3         2   -0.53473975218434977030E+00
        82         3         3   -0.72455773332979034329E+00
        82         3         4   -0.96581660335605812318E+00
        82         3         5   -0.69923492534566356049E+00
        82         4         2   -0.92713837968313328464E+00
        82         4         3   -0.69586653702401102262E+00
        82         4         4   -0.86529506684892587565E+00
        82         4         5   -0.11935924558780628413E+01
        82         5         2   -0.12622233379119582319E+00
        82         5         3   -0.11983314634658899511E+00
        82         5         4   -0.16275033319140888577E+00
        82         5         5   -0.16720864149187530945E+00
        83         2         2   -0.77380472950063811099E-01
        83         2         3   -0.26682851464090918958E-01
        83         2         4   -0.14281282319929358704E+00
        83         2         5   -0.12173681800777276518E+00
        83         3         2   -0.69953298530662166854E+00
        83         3         3   -0.64477255728620508357E+00
        83         3         4   -0.96789731283690227936E+00
        83         3         5   -0.75305837927515173469E+00
        83         4         2   -0.10432118887466157453E+01
        83         4         3   -0.79811970856013791931E+00
        83         4         4   -0.67094677515156786463E+00
        83         4         5   -0.79307869491619120694E+00
        83         5         2   -0.12297633120059373035E+00
        83         5         3   -0.12660826395657670540E+00
        83         5         4   -0.77801222835638034203E-01
        83         5         5   -0.11462503991289790806E+00
        84         2         2   -0.51801083417884363769E-01
        84         2         3   -0.89112145489715924307E-01
        84         2         4   -0.10978794769660149555E+00
        84         2         5   -0.17239281287436766799E+00
        84         3         2   -0.75202379279093978237E+00
        84         3         3   -0.71740899004962854768E+00
        84         3         4   -0.91106442425151490383E+00
        84         3         5   -0.91887392103749876426E+00
        84         4         2   -0.78529555329650835294E+00
        84         4         3   -0.10136473849122997759E+01
        84         4         4   -0.10401489391550231556E+01
        84         4         5   -0.88567978085302134783E+00
        84         5         2   -0.94507327589700845794E-01
        84         5         3   -0.11513565027844352429E+00
        84         5         4   -0.11657227293233224374E+00
        84         5         5   -0.89141438463853014951E-01
        85         2         2   -0.25953886130585285263E+00
        85         2         3   -0.93934241826154396549E-01
        85         2         4   -0.97491366051777036961E-01
        85         2         5   -0.14002777438900126938E+00
        85         3         2   -0.99477202204343673220E+00
        85         3         3   -0.60023759110242069781E+00
        85         3         4   -0.80798933763218272475E+00
        85         3         5   -0.83440610009770832534E+00
        85         4         2   -0.70266441482966279786E+00
        85         4         3   -0.94516073628375352200E+00
        85         4         4   -0.12344561667283666662E+01
        85         4         5   -0.64855386134897885508E+00
        85         5         2   -0.10009350645594730644E+00
        85         5         3   -0.16008366422081532487E+00
        85         5         4   -0.30703522525535720256E+00
        85         5         5   -0.94851752116918749969E-01
        86         2         2   -0.19315845084357080585E+00
        86         2         3   -0.14681009944942796652E+00
        86         2         4   -0.15962344297913322322E+00
        86         2         5   -0.13764625635653199298E+00
        86         3         2   -0.87818635574085657236E+00
        86         3         3   -0.80482206560649272031E+00
        86         3         4   -0.72497134315772981950E+00
        86         3         5   -0.72099626169196762149E+00
        86         4         2   -0.47780382942451671280E+00
        86         4         3   -0.90288966627680000698E+00
        86         4         4   -0.90402829436052056788E+00
        86         4         5   -0.61741964391812442781E+00
        86         5         2   -0.44301192342247081024E-01
        86         5         3   -0.96441548463143081382E-01
        86         5         4   -0.16035046084879803208E+00
        86         5         5   -0.29556704642670385275E-01
        87         2         2   -0.64068897086114587336E-01
        87         2         3   -0.39286389889605054238E-01
        87         2         4   -0.12195505254532533479E+00
        87         2         5   -0.14840661912833805203E+00
        87         3         2   -0.63443814573646262200E+00
        87         3         3   -0.60665936133887321535E+00
        87         3         4   -0.74323218364456866691E+00
        87         3         5   -0.78076923122258934384E+00
        87         4         2   -0.33322311952349031872E+00
        87         4         3   -0.99441166959176796603E+00
        87         4         4   -0.10334124881332342749E+01
        87         4         5   -0.52744617354135758802E+00
        87         5         2   -0.63677595215215057611E-01
        87         5         3   -0.18871259275716462112E+00
        87         5         4   -0.27694701234854945948E+00
        87         5         5   -0.11669634137239032201E+00
        88         2         2   -0.12345042060679063678E+00
        88         2         3   -0.13537774207998196085E+00
        88         2         4   -0.18693833409641538723E+00
        88         2         5   -0.15632582832315999877E+00
        88         3         2   -0.63514052807261722755E+00
        88         3         3   -0.75936992551996262968E+00
        88         3         4   -0.79657543995822643890E+00
        88         3         5   -0.77284808748264444134E+00
        88         4         2   -0.58485618234055247733E+00
        88         4         3   -0.91693146781431600356E+00
        88         4         4   -0.10712762404704747610E+01
        88         4         5   -0.11146933345738432308E+01
        88         5         2   -0.12410966320146099573E+00
        88         5         3   -0.12191769467378499314E+00
        88         5         4   -0.12810548227102011576E+00
        88         5         5   -0.98477444830069080228E-01
        89         2         2   -0.73752271881237563278E-01
        89         2         3   -0.46510439137892586881E-01
        89         2         4   -0.13565837728357360570E+00
        89         2         5   -0.23433078903011994587E+00
        89         3         2   -0.64700675470266888478E+00
        89         3         3   -0.61851048209848480397E+00
        89         3         4   -0.78888713860852843762E+00
        89         3         5   -0.76988668634276180569E+00
        89         4         2   -0.99775519581776750400E+00
        89         4         3   -0.91699818253161091697E+00
        89         4         4   -0.96021999746711794721E+00
        89         4         5   -0.89269224608133423970E+00
        89         5         2   -0.27357534937419153431E+00
        89         5         3   -0.18345556827038572711E+00
        89         5         4   -0.22512031832719225921E+00
        89         5         5   -0.97438176952949470677E-01
        90         2         2   -0.14139713698229766647E+00
        90         2         3   -0.13749364060415103506E+00
        90         2         4   -0.97785643838528155114E-01
        90         2         5   -0.17231231955663076083E+00
        90         3         2   -0.55012464913103931163E+00
        90         3         3   -0.69212949810444479581E+00
        90         3         4   -0.93012628629591920237E+00
        90         3         5   -0.11036974266490668928E+01
        90         4         2   -0.67829610892195768557E+00
        90         4         3   -0.90672614626858838438E+00
        90         4         4   -0.97689168341315413269E+00
        90         4         5   -0.99187867630722204026E+00
        90         5         2   -0.13972426842865967589E+00
        90         5         3   -0.12922278196821992968E+00
        90         5         4   -0.19863377054349420914E+00
        90         5         5   -0.10528988134795169707E+00
        91         2         2   -0.84921933446669914392E-01
        91         2         3   -0.18646604302452174373E+00
        91         2         4   -0.57115430134158075293E-01
        91         2         5   -0.10431509729231143446E+00
        91         3         2   -0.77303241448656789814E+00
        91         3         3   -0.13204011397799599870E+01
        91         3         4   -0.98709674408293213155E+00
        91         3         5   -0.95350517729788153432E+00
        91         4         2   -0.73880928302802173491E+00
        91         4         3   -0.11865650338733353397E+01
        91         4         4   -0.93402453249029104843E+00
        91         4         5   -0.48304171115558358629E+00
        91         5         2   -0.12238294324088183629E+00
        91         5         3   -0.16595875954263222818E+00
        91         5         4   -0.11797239565325572108E+00
        91         5         5   -0.21753314926717167571E-01
        92         2         2   -0.10311852291934991976E+00
        92         2         3   -0.74664152993445254136E-01
        92         2         4   -0.88353265814806208889E-01
        92         2         5   -0.13545800165968399642E+00
        92         3         2   -0.64952936022047302878E+00
        92         3         3   -0.75122986143966341555E+00
        92         3         4   -0.61983966340424545560E+00
        92         3         5   -0.85316129170988463937E+00
        92         4         2   -0.84587784973881052775E+00
        92         4         3   -0.71454846348763456643E+00
        92         4         4   -0.80001738362450558473E+00
        92         4         5   -0.63780967702498714278E+00
        92         5         2   -0.18283211977562244255E+00
        92         5         3   -0.11646114286269025617E+00
        92         5         4   -0.12336601764101565171E+00
        92         5         5   -0.99012257900869482530E-01
        93         2         2   -0.16844708402853139639E+00
        93         2         3   -0.10023473735704377385E+00
        93         2         4   -0.12629424008877215835E+00
        93         2         5   -0.88340131306139046963E-01
        93         3         2   -0.84864269030875638666E+00
        93         3         3   -0.77163093725146159052E+00
        93         3         4   -0.84145277822393660383E+00
        93         3         5   -0.80187256485195534950E+00
        93         4         2   -0.50996029824026689603E+00
        93         4         3   -0.12329973884505600612E+01
        93         4         4   -0.99129777342299629783E+00
        93         4         5   -0.81831560866939068166E+00
        93         5         2   -0.92911030787889800631E-01
        93         5         3   -0.23700559329725748303E+00
        93         5         4   -0.11810663526177866967E+00
        93         5         5   -0.85689400830016637656E-01
        94         2         2   -0.14463011785379759067E+00
        94         2         3   -0.19893879096942407303E+00
        94         2         4   -0.25776928273452720530E+00
        94         2         5   -0.13448019967715665879E+00
        94         3         2   -0.91098105532877571289E+00
        94         3         3   -0.10629277429882144634E+01
        94         3         4   -0.13056084353812604792E+01
        94         3         5   -0.82051703833824296552E+00
        94         4         2   -0.57935946685898442876E+00
        94         4         3   -0.84506828585893989381E+00
        94         4         4   -0.11219049019347748786E+01
        94         4         5   -0.89052100717606508251E+00
        94         5         2   -0.11364228322163055784E+00
        94         5         3   -0.12381268566236755535E+00
        94         5         4   -0.13744974286432745658E+00
        94         5         5   -0.70866776467571571119E-01
        95         2         2   -0.44390919510697367245E-01
        95         2         3   -0.18823627567209375022E+00
        95         2         4   -0.15662176259966184566E+00
        95         2         5   -0.15845958726562228702E+00
        95         3         2   -0.61099044118920853297E+00
        95         3         3   -0.11938645537651382256E+01
        95         3         4   -0.78249854045532207802E+00
        95         3         5   -0.68423593253303505168E+00
        95         4         2   -0.10747277256605123341E+01
        95         4         3   -0.13914373759489264692E+01
        95         4         4   -0.96786916606415107633E+00
        95         4         5   -0.52277815839458607883E+00
        95         5         2   -0.25230580851460909786E+00
        95         5         3   -0.12541871438810597850E+00
        95         5         4   -0.17790590869022507303E+00
        95         5         5   -0.93045199553899962663E-01
        96         2         2   -0.30408498105133900669E-01
        96         2         3   -0.72583679160280079046E-01
        96         2         4   -0.88480809711585853283E-01
        96         2         5   -0.23365449808476582150E+00
        96         3         2   -0.45712691589567783224E+00
        96         3         3   -0.94919879252445649165E+00
        96         3         4   -0.10254605996156291869E+01
        96         3         5   -0.86213425210523486619E+00
        96         4         2   -0.64558098924363749305E+00
        96         4         3   -0.12054133522172856274E+01
        96         4         4   -0.83674844783473689702E+00
        96         4         5   -0.74237476714897931984E+00
        96         5         2   -0.11944240568448734330E+00
        96         5         3   -0.93127626779622940667E-01
        96         5         4   -0.91891756086130732539E-01
        96         5         5   -0.12699199225430810034E+00
        97         2         2   -0.15954509354637000373E+00
        97         2         3   -0.80824797445820689701E-01
        97         2         4   -0.11587371746041527643E+00
        97         2         5   -0.16838794288506492292E+00
        97         3         2   -0.56929352133070276754E+00
        97         3         3   -0.75051058354693078734E+00
        97         3         4   -0.12634036415622280636E+01
        97         3         5   -0.98854961202350977167E+00
        97         4         2   -0.44559901852959915569E+00
        97         4         3   -0.95301601035273841855E+00
        97         4         4   -0.10170294822592751416E+01
        97         4         5   -0.71952312341866886403E+00
        97         5         2   -0.39202055882306095780E-01
        97         5         3   -0.59249228142794048424E-01
        97         5         4   -0.22162219211739486724E+00
        97         5         5   -0.16636614507947067310E+00
        98         2         2   -0.31399462495942398466E+00
        98         2         3   -0.21211225601709518540E+00
        98         2         4   -0.12282801009475340093E+00
        98         2         5   -0.16857269469742783286E+00
        98         3         2   -0.11910384506836151353E+01
        98         3         3   -0.93380213389997646090E+00
        98         3         4   -0.53028470186424947475E+00
        98         3         5   -0.57106295489954961297E+00
        98         4         2   -0.65345139312077349381E+00
        98         4         3   -0.76308180665461933234E+00
        98         4         4   -0.55772124263588473969E+00
        98         4         5   -0.67594992301096179510E+00
        98         5         2   -0.12874645876993451310E+00
        98         5         3   -0.11563475319357963134E+00
        98         5         4   -0.49658964061510477150E-01
        98         5         5   -0.73628607107482452188E-01
        99         2         2   -0.20943168020029720444E+00
        99         2         3   -0.17767371390785857699E+00
        99         2         4   -0.43750263231223718297E-01
        99         2         5   -0.12029978814733703618E+00
        99         3         2   -0.84733014846717757962E+00
        99         3         3   -0.71069177348519707582E+00
        99         3         4   -0.28944915278642968648E+00
        99         3         5   -0.48872825450029944161E+00
        99         4         2   -0.47456308103975958224E+00
        99         4         3   -0.53066555299051709760E+00
        99         4         4   -0.67756579599777178036E+00
        99         4         5   -0.89595529887042069106E+00
        99         5         2   -0.10564551856251029605E+00
        99         5         3   -0.18693768433705310050E+00
        99         5         4   -0.12499345589689042635E+00
        99         5         5   -0.92016265990997617163E-01
       100         2         2   -0.12204547491856396202E+00
       100         2         3   -0.64622312002199172598E-01
       100         2         4   -0.99901556936745447568E-01
       100         2         5   -0.11892917012853990166E+00
       100         3         2   -0.40836876044321385182E+00
       100         3         3   -0.50912413126393041285E+00
       100         3         4   -0.54599056943368562411E+00
       100         3         5   -0.63545152792037695733E+00
       100         4         2   -0.62205371459385694344E+00
       100         4         3   -0.49442366953482280723E+00
       100         4         4   -0.87567949418029034092E+00
       100         4         5   -0.58308247514291389191E+00
       100         5         2   -0.39745952757921809706E-01
       100         5         3   -0.78356926436402060676E-01
       100         5         4   -0.24639037444156905443E+00
       100         5         5   -0.14320935194451739347E+00
       101         2         2   -0.13524371039670032846E+00
       101         2         3   -0.71595953362934797171E-01
       101         2         4   -0.14681837661475499734E+00
       101         2         5   -0.26938951312073827760E+00
       101         3         2   -0.11782253228584629312E+01
       101         3         3   -0.72451583628495586087E+00
       101         3         4   -0.91476037275246580016E+00
       101         3         5   -0.66329951804627074186E+00
       101         4         2   -0.92499268619181063134E+00
       101         4         3   -0.55399558278495564245E+00
       101         4         4   -0.69242637925326622206E+00
       101         4         5   -0.64008186911278597275E+00
       101         5         2   -0.13750117116218069091E+00
       101         5         3   -0.53964945276099386684E-01
       101         5         4   -0.16521645190678313497E+00
       101         5         5   -0.10391738215867028783E+00
