         2         2         2   -0.20417951193700911716E+00
         2         2         3   -0.13424473241502632437E+00
         2         2         4   -0.71233727992414327956E-01
         2         2         5   -0.38064975595844374734E-01
         2         3         2   -0.98765581966725102259E+00
         2         3         3   -0.59492954943704501325E+00
         2         3         4   -0.53009187996612994187E+00
         2         3         5   -0.33136581556073657628E+00
         2         4         2   -0.69604354850696159573E+00
         2         4         3   -0.74793284340576859925E+00
         2         4         4   -0.64381474421249329509E+00
         2         4         5   -0.83060864700390701909E+00
         2         5         2   -0.61811831652845233842E-01
         2         5         3   -0.13028223619001200184E+00
         2         5         4   -0.42050017304664122353E-01
         2         5         5   -0.11326039177200236674E+00
         3         2         2   -0.97393092070652040326E-01
         3         2         3   -0.19434614433695879265E+00
         3         2         4   -0.94883887064892397101E-01
         3         2         5   -0.12281766590926007643E+00
         3         3         2   -0.10634855932986422289E+01
         3         3         3   -0.81723004142191468802E+00
         3         3         4   -0.67375600881573294298E+00
         3         3         5   -0.65010997856876695522E+00
         3         4         2   -0.86725587578994389748E+00
         3         4         3   -0.59936001558516704968E+00
         3         4         4   -0.11230769803626265979E+01
         3         4         5   -0.56178146084998592524E+00
         3         5         2   -0.44474106792354341222E-01
         3         5         3   -0.52322985731836503531E-01
         3         5         4   -0.19882494791434976444E+00
         3         5         5   -0.94016306143326303091E-01
         4         2         2   -0.35386163660130379172E-01
         4         2         3   -0.13368320620866905313E+00
         4         2         4   -0.15085958713406688592E+00
         4         2         5   -0.54516074207887330050E-01
         4         3         2   -0.38406629711018713813E+00
         4         3         3   -0.94723672791008983740E+00
         4         3         4   -0.82029045855686955058E+00
         4         3         5   -0.83054947860559025230E+00
         4         4         2   -0.80624250384895723709E+00
         4         4         3   -0.76589845688952662428E+00
         4         4         4   -0.97956631016444573046E+00
         4         4         5   -0.79931228915186003370E+00
         4         5         2   -0.60388340464625323012E-01
         4         5         3   -0.12114273768050311253E+00
         4         5         4   -0.20491808300412148180E+00
         4         5         5   -0.69909493640473593934E-01
         5         2         2   -0.18573030482968801158E-01
         5         2         3   -0.98173671265633880023E-01
         5         2         4   -0.10442306091156348946E+00
         5         2         5   -0.92083253945513351968E-01
         5         3         2   -0.48792738528438606149E+00
         5         3         3   -0.64848829077570890878E+00
         5         3         4   -0.84536112057594048341E+00
         5         3         5   -0.39000769118217465392E+00
         5         4         2   -0.52155330627130913612E+00
         5         4         3   -0.77313518268198555550E+00
         5         4         4   -0.76525577944802458674E+00
         5         4         5   -0.31210185534251128070E+00
         5         5         2   -0.93500664366805666394E-01
         5         5         3   -0.14767910262887323780E+00
         5         5         4   -0.16437798139502110550E+00
         5         5         5   -0.34514302587492481922E-01
         6         2         2   -0.25470931329242461894E-01
         6         2         3   -0.13343337599732812970E+00
         6         2         4   -0.30669251575176297020E-01
         6         2         5   -0.81175592315179373459E-01
         6         3         2   -0.61211008759352814046E+00
         6         3         3   -0.90549950242432886149E+00
         6         3         4   -0.38114153131532024776E+00
         6         3         5   -0.38263818013018718878E+00
         6         4         2   -0.95762044803349954947E+00
         6         4         3   -0.10680392724748559719E+01
         6         4         4   -0.71256919029651066833E+00
         6         4         5   -0.49095427012611231321E+00
         6         5         2   -0.18432563601283874499E+00
         6         5         3   -0.24208389532268728694E+00
         6         5         4   -0.15635306019850628290E+00
         6         5         5   -0.55353872586494559660E-01
         7         2         2   -0.44784139944041796710E-01
         7         2         3   -0.10988062247526016874E-01
         7         2         4   -0.14014144996281100233E-01
         7         2         5   -0.99423143482875508958E-01
         7         3         2   -0.79253638463296571803E+00
         7         3         3   -0.54526124302896084028E+00
         7         3         4   -0.69159552709543825610E+00
         7         3         5   -0.74159517031071708892E+00
         7         4         2   -0.93361545690090341765E+00
         7         4         3   -0.10919091767728204001E+01
         7         4         4   -0.92595129302651391079E+00
         7         4         5   -0.74071376538045985427E+00
         7         5         2   -0.73071462268941914098E-01
         7         5         3   -0.21585119095273724854E+00
         7         5         4   -0.13412452670954899681E+00
         7         5         5   -0.93268152841252144336E-01
         8         2         2   -0.17030217003243933171E+00
         8         2         3   -0.12536816304659254007E+00
         8         2         4   -0.59840019296485975897E-01
         8         2         5   -0.25540315196035300038E-01
         8         3         2   -0.71674094427292911469E+00
         8         3         3   -0.93458846159434427747E+00
         8         3         4   -0.62812216849608915048E+00
         8         3         5   -0.65869037937601893073E+00
         8         4         2   -0.86649351158859899691E+00
         8         4         3   -0.10754582699190033956E+01
         8         4         4   -0.96352627388429445965E+00
         8         4         5   -0.77086563949994835188E+00
         8         5         2   -0.88456467046840736579E-01
         8         5         3   -0.52894855346728240908E-01
         8         5         4   -0.11939547296110494812E+00
         8         5         5   -0.17007883477111476744E+00
         9         2         2   -0.12912984033048377497E+00
         9         2         3   -0.85435445389669004146E-01
         9         2         4   -0.60420346493233113849E-01
         9         2         5   -0.12715950285051413893E+00
         9         3         2   -0.71816152711816616527E+00
         9         3         3   -0.93121268248985444860E+00
         9         3         4   -0.68814148821226628350E+00
         9         3         5   -0.68223657462320397293E+00
         9         4         2   -0.11758347857622453159E+01
         9         4         3   -0.11165224037484782205E+01
         9         4         4   -0.73490724883449998206E+00
         9         4         5   -0.87173708019433060468E+00
         9         5         2   -0.17351262899395120121E+00
         9         5         3   -0.15104028812936881598E+00
         9         5         4   -0.53219937922415021248E-01
         9         5         5   -0.13403200444694218785E+00
        10         2         2   -0.27299795453715115789E-01
        10         2         3   -0.56750629216633520502E-01
        10         2         4   -0.70740483015404198586E-01
        10         2         5   -0.93188820117272253007E-01
        10         3         2   -0.48696895773283366271E+00
        10         3         3   -0.45919332368969495439E+00
        10         3         4   -0.77534010954687904160E+00
        10         3         5   -0.64949128759554086709E+00
        10         4         2   -0.65867264910355804997E+00
        10         4         3   -0.72687821420238207804E+00
        10         4         4   -0.96690496261183556115E+00
        10         4         5   -0.53965033482339175297E+00
        10         5         2   -0.13306889739940716555E+00
        10         5         3   -0.17560742457565262087E+00
        10         5         4   -0.16805295736629302650E+00
        10         5         5   -0.89422943945648411534E-01
        11         2         2   -0.46083734926532497755E-01
        11         2         3   -0.71125448727109824576E-01
        11         2         4   -0.90655762564955499894E-01
        11         2         5   -0.15959296361530758701E+00
        11         3         2   -0.67194616425330677689E+00
        11         3         3   -0.82039125825142211745E+00
        11         3         4   -0.10387364494521997837E+01
        11         3         5   -0.15497404398091279010E+01
        11         4         2   -0.41497430457640605006E+00
        11         4         3   -0.48824097059959553624E+00
        11         4         4   -0.91026375260593428429E+00
        11         4         5   -0.90712986737503820134E+00
        11         5         2   -0.32396010955476575721E-01
        11         5         3   -0.43298357635856411785E-01
        11         5         4   -0.16002979824729421376E+00
        11         5         5   -0.21782757908963354399E+00
        12         2         2   -0.19509965430324716085E+00
        12         2         3   -0.16019436519971724797E+00
        12         2         4   -0.11881816636683903421E+00
        12         2         5   -0.19955122882898129744E+00
        12         3         2   -0.89828887950538649498E+00
        12         3         3   -0.87330888117981719798E+00
        12         3         4   -0.57080418296343982121E+00
        12         3         5   -0.83208117438658146803E+00
        12         4         2   -0.47439965057861138709E+00
        12         4         3   -0.56328480070029030014E+00
        12         4         4   -0.83371391064492927914E+00
        12         4         5   -0.67852568287991765761E+00
        12         5         2   -0.75927416082494120220E-01
        12         5         3   -0.12204556769669436256E+00
        12         5         4   -0.16767727128066473030E+00
        12         5         5   -0.11603838222160156590E+00
        13         2         2   -0.12100403880283351621E+00
        13         2         3   -0.21942481614534750656E+00
        13         2         4   -0.65654965164912634790E-01
        13         2         5   -0.19751251691187104997E+00
        13         3         2   -0.61824385974307827230E+00
        13         3         3   -0.11430974193236242975E+01
        13         3         4   -0.73174436330480185919E+00
        13         3         5   -0.92792198433224304388E+00
        13         4         2   -0.56636660223860502139E+00
        13         4         3   -0.56757412554209296651E+00
        13         4         4   -0.46008657395405855306E+00
        13         4         5   -0.50642058695670522095E+00
        13         5         2   -0.90306697388537721105E-01
        13         5         3   -0.71814370786303066696E-01
        13         5         4   -0.62570004345960730796E-01
        13         5         5   -0.86962846086264602996E-01
        14         2         2   -0.65144509392862037789E-01
        14         2         3   -0.13945194372884642253E+00
        14         2         4   -0.78126862072203859255E-01
        14         2         5   -0.45553804009422389776E-01
        14         3         2   -0.86644622456767805829E+00
        14         3         3   -0.72447374958174126647E+00
        14         3         4   -0.82855655479853940193E+00
        14         3         5   -0.69726987173635401884E+00
        14         4         2   -0.68349390825635014668E+00
        14         4         3   -0.10606664824726967922E+01
        14         4         4   -0.72781398744836445225E+00
        14         4         5   -0.43572325757563362680E+00
        14         5         2   -0.49175210710837774508E-01
        14         5         3   -0.16319752972076362330E+00
        14         5         4   -0.53580943723503263176E-01
        14         5         5   -0.61950877380962901531E-01
        15         2         2   -0.86134592878903321056E-01
        15         2         3   -0.58639226591943122147E-01
        15         2         4   -0.36775693342025558841E-01
        15         2         5   -0.30779464948004894506E-02
        15         3         2   -0.91903102895611743506E+00
        15         3         3   -0.57918707843481787023E+00
        15         3         4   -0.56775969082690469492E+00
        15         3         5   -0.48373988085368357925E+00
        15         4         2   -0.72970133101983991608E+00
        15         4         3   -0.89385628234578407003E+00
        15         4         4   -0.11726778797434531665E+01
        15         4         5   -0.94724238492127255107E+00
        15         5         2   -0.68423521873624174039E-01
        15         5         3   -0.12335732630546682176E+00
        15         5         4   -0.22423055816203868451E+00
        15         5         5   -0.17854947115970662419E+00
        16         2         2   -0.56636105406707513976E-01
        16         2         3   -0.11218439039993045869E+00
        16         2         4   -0.14335904703599577914E+00
        16         2         5   -0.80834546133150678160E-01
        16         3         2   -0.57362013405406453437E+00
        16         3         3   -0.95945223984971406139E+00
        16         3         4   -0.86148791008436531591E+00
        16         3         5   -0.29804165439600277532E+00
        16         4         2   -0.57587090811103625043E+00
        16         4         3   -0.71411256170149250977E+00
        16         4         4   -0.81528802807128875063E+00
        16         4         5   -0.48222499907729704516E+00
        16         5         2   -0.25956592221838437062E-01
        16         5         3   -0.19279247663807917712E-01
        16         5         4   -0.14175954558640233016E+00
        16         5         5   -0.80022113165148747727E-01
        17         2         2   -0.43046196532120863110E-01
        17         2         3   -0.94184936916801118012E-01
        17         2         4   -0.18518072893564299641E+00
        17         2         5   -0.10889435319746874897E+00
        17         3         2   -0.74556295679291706424E+00
        17         3         3   -0.11026427895750094965E+01
        17         3         4   -0.87940192183881327193E+00
        17         3         5   -0.49610778479945127906E+00
        17         4         2   -0.94228949094496949890E+00
        17         4         3   -0.90118785119391875416E+00
        17         4         4   -0.80723138107488279225E+00
        17         4         5   -0.10298607517257172272E+01
        17         5         2   -0.42158716387301654882E-01
        17         5         3   -0.57726789063996870877E-01
        17         5         4   -0.11098234225087007243E+00
        17         5         5   -0.19164148425137098042E+00
        18         2         2   -0.46779716947646220876E-02
        18         2         3   -0.63950682075263734494E-01
        18         2         4   -0.10191686902591572117E+00
        18         2         5   -0.26540902094810199519E-01
        18         3         2   -0.97895639121088229295E+00
        18         3         3   -0.86695382146119059907E+00
        18         3         4   -0.10751669529431020500E+01
        18         3         5   -0.56002150737603462183E+00
        18         4         2   -0.95988764046960328713E+00
        18         4         3   -0.10564405371652947352E+01
        18         4         4   -0.10557498907778102293E+01
        18         4         5   -0.71307286768541122690E+00
        18         5         2   -0.12876043564233777272E+00
        18         5         3   -0.16167354954128448918E+00
        18         5         4   -0.12357500771671034445E+00
        18         5         5   -0.88826907105901561912E-01
        19         2         2   -0.45189815137633503050E-01
        19         2         3   -0.15931142365064326905E+00
        19         2         4   -0.48989090604278265340E-01
        19         2         5   -0.11788570570101700175E+00
        19         3         2   -0.11706194435905359352E+01
        19         3         3   -0.70266820794670070693E+00
        19         3         4   -0.68784724356388382560E+00
        19         3         5   -0.79635113842862381706E+00
        19         4         2   -0.97553415745148097660E+00
        19         4         3   -0.56798393076904662991E+00
        19         4         4   -0.69585915821983301832E+00
        19         4         5   -0.73065672887052424134E+00
        19         5         2   -0.61607468134030715645E-01
        19         5         3   -0.13215920987333526493E+00
        19         5         4   -0.51493107125027984261E-01
        19         5         5   -0.54430691243096351872E-01
        20         2         2   -0.18116733960952927096E+00
        20         2         3   -0.15328474593750873733E+00
        20         2         4   -0.80678131441371522814E-01
        20         2         5   -0.20172519841545469288E+00
        20         3         2   -0.82454146344581469297E+00
        20         3         3   -0.69793743838744115582E+00
        20         3         4   -0.62587316009284965634E+00
        20         3         5   -0.95340261896776590245E+00
        20         4         2   -0.58626320940050313801E+00
        20         4         3   -0.84097651015456709178E+00
        20         4         4   -0.47512089770826693158E+00
        20         4         5   -0.69628137862800021374E+00
        20         5         2   -0.60621624166135951173E-01
        20         5         3   -0.11647976181999086798E+00
        20         5         4   -0.26316900130335482699E-01
        20         5         5   -0.55828364986203499187E-01
        21         2         2   -0.38076444436037448771E+00
        21         2         3   -0.16208649041611761232E+00
        21         2         4   -0.10696071854835639825E+00
        21         2         5   -0.82230701045490448009E-01
        21         3         2   -0.12735820403930289135E+01
        21         3         3   -0.10176654597018499615E+01
        21         3         4   -0.11997445427686859176E+01
        21         3         5   -0.10391406683342647721E+01
        21         4         2   -0.95536077855783541057E+00
        21         4         3   -0.78829671504906673185E+00
        21         4         4   -0.82896811370519052353E+00
        21         4         5   -0.10642194110709450872E+01
        21         5         2   -0.11978989851299000347E+00
        21         5         3   -0.83250102445012061358E-01
        21         5         4   -0.16186648011641477374E+00
        21         5         5   -0.13185584260993374328E+00
        22         2         2   -0.98196109216225818672E-01
        22         2         3   -0.10776226962068366499E+00
        22         2         4   -0.70204926028885950018E-01
        22         2         5   -0.38193537623303040751E-01
        22         3         2   -0.85890828083279369132E+00
        22         3         3   -0.88460213776396134921E+00
        22         3         4   -0.11470264093811752826E+01
        22         3         5   -0.79642942006137096289E+00
        22         4         2   -0.12731497228500194829E+01
        22         4         3   -0.87167410154712221537E+00
        22         4         4   -0.11998634821451492627E+01
        22         4         5   -0.14116151334270965467E+01
        22         5         2   -0.16684119601067642913E+00
        22         5         3   -0.75522705867222303389E-01
        22         5         4   -0.23540121935125973840E+00
        22         5         5   -0.29591622206581352783E+00
        23         2         2   -0.16191336575235146245E+00
        23         2         3   -0.32850284073609437030E+00
        23         2         4   -0.50342725049629409584E-01
        23         2         5   -0.43173748851179763464E-01
        23         3         2   -0.94110853642308689437E+00
        23         3         3   -0.15393474658792583032E+01
        23         3         4   -0.75058543336201777318E+00
        23         3         5   -0.79387519659411531769E+00
        23         4         2   -0.39601017156989287704E+00
        23         4         3   -0.10340054853887645780E+01
        23         4         4   -0.12012812974332225391E+01
        23         4         5   -0.10778701002832045130E+01
        23         5         2   -0.25269202231769483102E-01
        23         5         3   -0.97968258860250151399E-01
        23         5         4   -0.15117434746088467823E+00
        23         5         5   -0.18896850961646713407E+00
        24         2         2   -0.17286922208978602877E+00
        24         2         3   -0.16855885982017143609E+00
        24         2         4   -0.73617813715636123972E-01
        24         2         5   -0.14103928195755521813E+00
        24         3         2   -0.89901956098427271424E+00
        24         3         3   -0.87537666340844433321E+00
        24         3         4   -0.46927501692053930071E+00
        24         3         5   -0.40124893375791237382E+00
        24         4         2   -0.40443657072847227774E+00
        24         4         3   -0.52416550472086009815E+00
        24         4         4   -0.12451198623765988849E+01
        24         4         5   -0.88131444436786898766E+00
        24         5         2   -0.17795046369355659033E-01
        24         5         3   -0.15374261292344294783E-01
        24         5         4   -0.16180886610223421673E+00
        24         5         5   -0.17613952958627804302E+00
        25         2         2   -0.55947761710403429158E-01
        25         2         3   -0.55439614742772584666E-01
        25         2         4   -0.15943814767983241487E+00
        25         2         5   -0.10784404920518531057E+00
        25         3         2   -0.60928818785061933383E+00
        25         3         3   -0.57732517535413963028E+00
        25         3         4   -0.10408487472180765199E+01
        25         3         5   -0.62782067617186765318E+00
        25         4         2   -0.91272004648551363637E+00
        25         4         3   -0.98670466756932351249E+00
        25         4         4   -0.95555870089841721260E+00
        25         4         5   -0.63163974122353705454E+00
        25         5         2   -0.93044816822009171475E-01
        25         5         3   -0.78210023181318644170E-01
        25         5         4   -0.65464641465604017645E-01
        25         5         5   -0.67013031229582326054E-01
        26         2         2   -0.21668628895523994043E-01
        26         2         3   -0.10195272466270646761E+00
        26         2         4   -0.10869002464147484166E+00
        26         2         5   -0.93244541370834058136E-01
        26         3         2   -0.60676599139014442130E+00
        26         3         3   -0.75684843384386213394E+00
        26         3         4   -0.81680697053028206156E+00
        26         3         5   -0.51959292492435449340E+00
        26         4         2   -0.47709422766005837868E+00
        26         4         3   -0.10943667058319477281E+01
        26         4         4   -0.96526079121771346525E+00
        26         4         5   -0.47267896371757534002E+00
        26         5         2   -0.85174030029831523936E-01
        26         5         3   -0.14208197347544421207E+00
        26         5         4   -0.18634280111748591224E+00
        26         5         5   -0.67228118840644196519E-01
        27         2         2   -0.13155877217202882612E+00
        27         2         3   -0.28260987737276060949E+00
        27         2         4   -0.13717139266857317215E+00
        27         2         5   -0.11743025869767065306E+00
        27         3         2   -0.95860513041114547850E+00
        27         3         3   -0.98381160289017288711E+00
        27         3         4   -0.12615599650132474085E+01
        27         3         5   -0.45701050225252620729E+00
        27         4         2   -0.66974206617570042344E+00
        27         4         3   -0.11904196493585732508E+01
        27         4         4   -0.11417360945846342091E+01
        27         4         5   -0.27091368555597694634E+00
        27         5         2   -0.43246715699308324599E-01
        27         5         3   -0.20618042927961294231E+00
        27         5         4   -0.96318145750127356908E-01
        27         5         5   -0.16950704829369011434E-01
        28         2         2   -0.61806012719490495411E-01
        28         2         3   -0.89657915414908140317E-01
        28         2         4   -0.12785333415839200688E+00
        28         2         5   -0.69089759913977449868E-01
        28         3         2   -0.61669214495649038454E+00
        28         3         3   -0.10042283605618895770E+01
        28         3         4   -0.11229889382372848505E+01
        28         3         5   -0.54817659394445550358E+00
        28         4         2   -0.82992901795582563196E+00
        28         4         3   -0.87015597234608088595E+00
        28         4         4   -0.86829774226265543646E+00
        28         4         5   -0.59949002039531651409E+00
        28         5         2   -0.15517801015973112233E+00
        28         5         3   -0.16164236035250334478E+00
        28         5         4   -0.87568726034824392879E-01
        28         5         5   -0.39612218539033239306E-01
        29         2         2   -0.15722034979957405509E+00
        29         2         3   -0.14979551506185043164E+00
        29         2         4   -0.16859648123374237905E+00
        29         2         5   -0.42281965243752078765E-01
        29         3         2   -0.10248579805203597015E+01
        29         3         3   -0.10686171600168874463E+01
        29         3         4   -0.80220158103941929806E+00
        29         3         5   -0.51280045857373268703E+00
        29         4         2   -0.80493960400256125975E+00
        29         4         3   -0.59615259367064943330E+00
        29         4         4   -0.92426467524474720250E+00
        29         4         5   -0.70369361522990847568E+00
        29         5         2   -0.31581208484935702208E-01
        29         5         3   -0.49569885460950084688E-01
        29         5         4   -0.13413051858809274530E+00
        29         5         5   -0.12569161782629892365E+00
        30         2         2   -0.17475288964263518965E+00
        30         2         3   -0.34730451083885761909E-01
        30         2         4   -0.10166494439799808602E+00
        30         2         5   -0.11358170622250701731E+00
        30         3         2   -0.76346797770115915061E+00
        30         3         3   -0.10664578009801264358E+01
        30         3         4   -0.80649993181281376398E+00
        30         3         5   -0.94097508105492233543E+00
        30         4         2   -0.53390954835298698455E+00
        30         4         3   -0.78822537589292640536E+00
        30         4         4   -0.10815795053491581434E+01
        30         4         5   -0.75686536913736990329E+00
        30         5         2   -0.35501184457526369087E-01
        30         5         3   -0.75283324720723063250E-01
        30         5         4   -0.13207169410939625931E+00
        30         5         5   -0.10038910871276329750E+00
        31         2         2   -0.79008544799938476566E-01
        31         2         3   -0.43518414315305294082E-01
        31         2         4   -0.66065571222249486194E-01
        31         2         5   -0.50258934913605661510E-01
        31         3         2   -0.47085479456254364372E+00
        31         3         3   -0.83848746090760617466E+00
        31         3         4   -0.68646689134844307567E+00
        31         3         5   -0.41268022083833622027E+00
        31         4         2   -0.73705189479947874620E+00
        31         4         3   -0.76680109500719628723E+00
        31         4         4   -0.95216345732426144188E+00
        31         4         5   -0.88389749025657149417E+00
        31         5         2   -0.14375616609002703217E+00
        31         5         3   -0.14934142061424177106E+00
        31         5         4   -0.72894968800144094301E-01
        31         5         5   -0.11910871639102997566E+00
        32         2         2   -0.88461608334667984899E-01
        32         2         3   -0.17488561951851869236E+00
        32         2         4   -0.17656148918123254488E+00
        32         2         5   -0.13172894293087988871E+00
        32         3         2   -0.65782222954701863316E+00
        32         3         3   -0.94639503568618676965E+00
        32         3         4   -0.93133646871579778281E+00
        32         3         5   -0.61663637154437489496E+00
        32         4         2   -0.55673550309616248732E+00
        32         4         3   -0.50866379414182227858E+00
        32         4         4   -0.12429067925554688756E+01
        32         4         5   -0.86049530647208705147E+00
        32         5         2   -0.82526122060248105483E-01
        32         5         3   -0.86578640711311299905E-01
        32         5         4   -0.24467290045184941771E+00
        32         5         5   -0.16968392454735301000E+00
        33         2         2   -0.16582394585768003847E+00
        33         2         3   -0.98526229460505015956E-01
        33         2         4   -0.10092654533351314017E+00
        33         2         5   -0.55096266965566464968E-01
        33         3         2   -0.14681099494229039593E+01
        33         3         3   -0.10037668730900581870E+01
        33         3         4   -0.76015811935250698905E+00
        33         3         5   -0.60064542542441401451E+00
        33         4         2   -0.68496006908433715310E+00
        33         4         3   -0.11410015118635885578E+01
        33         4         4   -0.12116801780563082325E+01
        33         4         5   -0.10032643231536630957E+01
        33         5         2   -0.77792260973315541239E-01
        33         5         3   -0.11719554152069286412E+00
        33         5         4   -0.23835518605583166929E+00
        33         5         5   -0.26785813764976357243E+00
        34         2         2   -0.20400153193924078221E+00
        34         2         3   -0.81510778353144144881E-01
        34         2         4   -0.36561077894998184057E-01
        34         2         5   -0.19498031502206910476E-01
        34         3         2   -0.11911147082607229652E+01
        34         3         3   -0.61310978493585555071E+00
        34         3         4   -0.27852719740188802700E+00
        34         3         5   -0.58786200399284216367E+00
        34         4         2   -0.89098421538493322025E+00
        34         4         3   -0.11714669514986182364E+01
        34         4         4   -0.76394505456866368398E+00
        34         4         5   -0.65259448380572793180E+00
        34         5         2   -0.16681498414857440227E+00
        34         5         3   -0.16538160693696712933E+00
        34         5         4   -0.14181447502814956141E+00
        34         5         5   -0.14276269029051236181E+00
        35         2         2   -0.51006835123680496769E-01
        35         2         3   -0.13523962200721079130E+00
        35         2         4   -0.61708288073197642420E-01
        35         2         5   -0.15558589279138637651E+00
        35         3         2   -0.52976447243395463627E+00
        35         3         3   -0.50562128009878892776E+00
        35         3         4   -0.43604194256250650152E+00
        35         3         5   -0.69113448269238741961E+00
        35         4         2   -0.46825498344704341580E+00
        35         4         3   -0.58120303067914991235E+00
        35         4         4   -0.91516272353488192781E+00
        35         4         5   -0.89540622568437888695E+00
        35         5         2   -0.97625839500690383965E-01
        35         5         3   -0.15119962654610449859E+00
        35         5         4   -0.18999151645048253934E+00
        35         5         5   -0.20031903923783586641E+00
        36         2         2   -0.12878635001475959368E-01
        36         2         3   -0.71242936664361447563E-01
        36         2         4   -0.22700409717268679732E-01
        36         2         5   -0.91446121963741078265E-01
        36         3         2   -0.52437837698680878074E+00
        36         3         3   -0.64244730742159661396E+00
        36         3         4   -0.77310931557656847879E+00
        36         3         5   -0.88231341102189941861E+00
        36         4         2   -0.76900838070470389773E+00
        36         4         3   -0.74608821941377589937E+00
        36         4         4   -0.81888108729175479450E+00
        36         4         5   -0.75934605875362060079E+00
        36         5         2   -0.75437542988871161831E-01
        36         5         3   -0.10032317669702243979E+00
        36         5         4   -0.13077070211347488482E+00
        36         5         5   -0.14461558406558697176E+00
        37         2         2   -0.46355219607607689447E-01
        37         2         3   -0.10099530887931276735E+00
        37         2         4   -0.26942658121182402192E-01
        37         2         5   -0.31887697613100125793E-01
        37         3         2   -0.11818622738291304497E+01
        37         3         3   -0.96058261763603636219E+00
        37         3         4   -0.83141603830928112462E+00
        37         3         5   -0.87947449822322176782E+00
        37         4         2   -0.86382065618368342186E+00
        37         4         3   -0.62964360345392367257E+00
        37         4         4   -0.11508986763480855142E+01
        37         4         5   -0.97166784191422894690E+00
        37         5         2   -0.42001623167380743029E-01
        37         5         3   -0.96481754810651937371E-01
        37         5         4   -0.19437331990034600882E+00
        37         5         5   -0.13292675289710742526E+00
        38         2         2   -0.77131371218291402969E-01
        38         2         3   -0.27371535104647532616E-01
        38         2         4   -0.10448445376310709631E+00
        38         2         5   -0.91954093056979005483E-01
        38         3         2   -0.82752683756585088126E+00
        38         3         3   -0.58985331323142387028E+00
        38         3         4   -0.76754547982412224538E+00
        38         3         5   -0.95395673607037179131E+00
        38         4         2   -0.73969937720171263784E+00
        38         4         3   -0.63865551392386510354E+00
        38         4         4   -0.12249379477584203535E+01
        38         4         5   -0.55744424698825834064E+00
        38         5         2   -0.74049510844579696789E-01
        38         5         3   -0.63581451445048522975E-01
        38         5         4   -0.14541181677578213227E+00
        38         5         5   -0.67846486125750476992E-01
        39         2         2   -0.20362482806630936849E-01
        39         2         3   -0.76675875973977528077E-01
        39         2         4   -0.91001245960156657011E-01
        39         2         5   -0.10918080429454145308E+00
        39         3         2   -0.60874185085092225034E+00
        39         3         3   -0.71448240744962188131E+00
        39         3         4   -0.11081249714859984223E+01
        39         3         5   -0.66476796825545503289E+00
        39         4         2   -0.81560805262759161760E+00
        39         4         3   -0.98395029574634873537E+00
        39         4         4   -0.11835918838944534670E+01
        39         4         5   -0.86969413554579999559E+00
        39         5         2   -0.86573183026531372319E-01
        39         5         3   -0.14565130465951867111E+00
        39         5         4   -0.17603868902892960691E+00
        39         5         5   -0.19070377665091645114E+00
        40         2         2   -0.64811990775738598236E-01
        40         2         3   -0.98711746353300808265E-01
        40         2         4   -0.14748754192977889255E+00
        40         2         5   -0.30600996654793277685E+00
        40         3         2   -0.90600300279026602102E+00
        40         3         3   -0.14830881030781568608E+01
        40         3         4   -0.10059438458977683073E+01
        40         3         5   -0.95884534154612000023E+00
        40         4         2   -0.85618886105579816714E+00
        40         4         3   -0.12132666512280203541E+01
        40         4         4   -0.95521194351991467464E+00
        40         4         5   -0.68475256625249858455E+00
        40         5         2   -0.80726074638546641005E-01
        40         5         3   -0.79820342345129746686E-01
        40         5         4   -0.14619947943113886790E+00
        40         5         5   -0.52149868336887165998E-01
        41         2         2   -0.41907169178066284998E-01
        41         2         3   -0.47630115244326406976E-01
        41         2         4   -0.14358922999222401007E+00
        41         2         5   -0.13102250958369471290E+00
        41         3         2   -0.64963556663241639466E+00
        41         3         3   -0.10072292879337707561E+01
        41         3         4   -0.10561546941220107954E+01
        41         3         5   -0.88039488619547778825E+00
        41         4         2   -0.62687539858284724303E+00
        41         4         3   -0.94325785673598672165E+00
        41         4         4   -0.11299974312831535528E+01
        41         4         5   -0.10403154776974434803E+01
        41         5         2   -0.51671260801432035425E-01
        41         5         3   -0.35481665879013954412E-01
        41         5         4   -0.10025680775619182084E+00
        41         5         5   -0.88347587121188994597E-01
        42         2         2   -0.24843695341063817827E+00
        42         2         3   -0.19197434741044264173E+00
        42         2         4   -0.12857300464923632211E+00
        42         2         5   -0.40508767470368321761E-01
        42         3         2   -0.90234427585181020692E+00
        42         3         3   -0.90307123104419995130E+00
        42         3         4   -0.81682625658079699438E+00
        42         3         5   -0.73575063224747716539E+00
        42         4         2   -0.39762332102571329440E+00
        42         4         3   -0.68731288037199844698E+00
        42         4         4   -0.11058972219414608951E+01
        42         4         5   -0.75406848685513672148E+00
        42         5         2   -0.81588356552870597294E-01
        42         5         3   -0.18619648241926033821E-01
        42         5         4   -0.22021613742803133884E+00
        42         5         5   -0.12230733245208702531E+00
        43         2         2   -0.17529327427867405498E+00
        43         2         3   -0.18331850973940802541E+00
        43         2         4   -0.12973241435931903709E+00
        43         2         5   -0.95281841967076535971E-01
        43         3         2   -0.86179137011259709933E+00
        43         3         3   -0.10242610043288222776E+01
        43         3         4   -0.96588760386025573901E+00
        43         3         5   -0.72837262548315928612E+00
        43         4         2   -0.95238051829274539273E+00
        43         4         3   -0.91151312643653548129E+00
        43         4         4   -0.83006681963150141801E+00
        43         4         5   -0.91099261740709747137E+00
        43         5         2   -0.18192539895521622761E+00
        43         5         3   -0.11300475053543572457E+00
        43         5         4   -0.75821035713163786873E-01
        43         5         5   -0.98505709838185226412E-01
        44         2         2   -0.12153116370691359471E+00
        44         2         3   -0.10804158122921944662E+00
        44         2         4   -0.12151598562761176114E+00
        44         2         5   -0.20792111302087329383E+00
        44         3         2   -0.51018465029458681670E+00
        44         3         3   -0.10082723757560434485E+01
        44         3         4   -0.90068800048537578373E+00
        44         3         5   -0.95455143229991479270E+00
        44         4         2   -0.71697159197679383169E+00
        44         4         3   -0.14142462104760240571E+01
        44         4         4   -0.58656279641839625949E+00
        44         4         5   -0.61969420961843324491E+00
        44         5         2   -0.16496322554690323603E+00
        44         5         3   -0.11985562245516499791E+00
        44         5         4   -0.53120411555659385883E-01
        44         5         5   -0.16434970946593260854E+00
        45         2         2   -0.79977950174623405055E-01
        45         2         3   -0.10191433402512692363E+00
        45         2         4   -0.32688268464362776888E-01
        45         2         5   -0.67377674633103776247E-01
        45         3         2   -0.73318064061220766803E+00
        45         3         3   -0.81238223819710320139E+00
        45         3         4   -0.49241851670267972052E+00
        45         3         5   -0.48413994035072893674E+00
        45         4         2   -0.47586778260047507549E+00
        45         4         3   -0.10255618286324921229E+01
        45         4         4   -0.56813153883635858499E+00
        45         4         5   -0.73442642370019151077E+00
        45         5         2   -0.82789819413060988795E-01
        45         5         3   -0.55804599675169916373E-01
        45         5         4   -0.11529032684213878085E-01
        45         5         5   -0.11938675596921789757E+00
        46         2         2   -0.20303895125225260299E+00
        46         2         3   -0.83202911594446454790E-01
        46         2         4   -0.12523720841529048520E+00
        46         2         5   -0.85848001893993691747E-01
        46         3         2   -0.63039243949077838902E+00
        46         3         3   -0.63951756532129222510E+00
        46         3         4   -0.61908793693381047873E+00
        46         3         5   -0.44985080300172258783E+00
        46         4         2   -0.54486842909373967014E+00
        46         4         3   -0.80727331222017384427E+00
        46         4         4   -0.92745321471011021863E+00
        46         4         5   -0.66263777766570131078E+00
        46         5         2   -0.73765811845714929218E-01
        46         5         3   -0.15451319122306675369E+00
        46         5         4   -0.14402890270061494138E+00
        46         5         5   -0.15386931787720919962E+00
        47         2         2   -0.21290354782405312983E+00
        47         2         3   -0.48307493366231184229E-01
        47         2         4   -0.10123523311659345103E+00
        47         2         5   -0.61238861738737111751E-01
        47         3         2   -0.13419113980762693572E+01
        47         3         3   -0.89064214018310317034E+00
        47         3         4   -0.67014621746623637133E+00
        47         3         5   -0.59216666459032629710E+00
        47         4         2   -0.83438615321619347132E+00
        47         4         3   -0.11277446975498652826E+01
        47         4         4   -0.41705778609989463401E+00
        47         4         5   -0.36190027550818426594E+00
        47         5         2   -0.61208977133034705997E-01
        47         5         3   -0.20184873070837575093E+00
        47         5         4   -0.11046576850445972984E+00
        47         5         5   -0.50719029782975960652E-01
        48         2         2   -0.24063426185172528959E+00
        48         2         3   -0.10778628948951070321E+00
        48         2         4   -0.23894886102413173679E+00
        48         2         5   -0.90210128446396448121E-01
        48         3         2   -0.12348315848623565572E+01
        48         3         3   -0.64007889608688017802E+00
        48         3         4   -0.92948961047650313638E+00
        48         3         5   -0.76116286301921409763E+00
        48         4         2   -0.88714821530640730618E+00
        48         4         3   -0.64323297652350408526E+00
        48         4         4   -0.51161359816498730435E+00
        48         4         5   -0.98570833922399581084E+00
        48         5         2   -0.95522021816859134513E-01
        48         5         3   -0.11917472440576272474E+00
        48         5         4   -0.95166667428786697047E-01
        48         5         5   -0.17772846922341947740E+00
        49         2         2   -0.12723194102182400211E+00
        49         2         3   -0.55175615775101383154E-01
        49         2         4   -0.14026532873743532970E+00
        49         2         5   -0.61209210396968138923E-01
        49         3         2   -0.89775365684453878323E+00
        49         3         3   -0.75065962134685204621E+00
        49         3         4   -0.64764683082177998408E+00
        49         3         5   -0.69177549039502983508E+00
        49         4         2   -0.10800810736125565636E+01
        49         4         3   -0.11210523565563892401E+01
        49         4         4   -0.87517840369832067271E+00
        49         4         5   -0.11218867740449725012E+01
        49         5         2   -0.80718481815165762927E-01
        49         5         3   -0.11780477236835065757E+00
        49         5         4   -0.13502696508585299018E+00
        49         5         5   -0.19559707937959966428E+00
        50         2         2   -0.73402713843485858924E-01
        50         2         3   -0.15749085661740380715E+00
        50         2         4   -0.13145429716123274710E+00
        50         2         5   -0.14806202546491521385E-01
        50         3         2   -0.85544247727241384815E+00
        50         3         3   -0.12445440274182710816E+01
        50         3         4   -0.79461483025623536047E+00
        50         3         5   -0.57407200232951149932E+00
        50         4         2   -0.68282447424693570870E+00
        50         4         3   -0.72341561052808367460E+00
        50         4         4   -0.48044905254031011754E+00
        50         4         5   -0.60949403855421713239E+00
        50         5         2   -0.24387533159474839017E-01
        50         5         3   -0.18059486654796216842E-01
        50         5         4   -0.33707306877836844261E-01
        50         5         5   -0.16715496001255930603E+00
        51         2         2   -0.43422470153925175895E-01
        51         2         3   -0.11518707417048223984E+00
        51         2         4   -0.17815313301088128717E+00
        51         2         5   -0.70326889347673574027E-01
        51         3         2   -0.53822260069268024196E+00
        51         3         3   -0.10109166905123141422E+01
        51         3         4   -0.11598881948715800139E+01
        51         3         5   -0.63020255081908493899E+00
        51         4         2   -0.58125436750277570397E+00
        51         4         3   -0.74386635546673351982E+00
        51         4         4   -0.66480642371572984395E+00
        51         4         5   -0.77784352500971032374E+00
        51         5         2   -0.64499608117741705215E-01
        51         5         3   -0.74125358785740363965E-01
        51         5         4   -0.14768539087354023986E+00
        51         5         5   -0.26739466268482775524E+00
        52         2         2   -0.75077010099798613396E-01
        52         2         3   -0.16544341218253466597E+00
        52         2         4   -0.16854355265550022280E+00
        52         2         5   -0.16409072517396952606E+00
        52         3         2   -0.81332561956414339832E+00
        52         3         3   -0.10431573183833020568E+01
        52         3         4   -0.87705946528711153931E+00
        52         3         5   -0.89065805816576371079E+00
        52         4         2   -0.56689892803046570968E+00
        52         4         3   -0.88973219254515056864E+00
        52         4         4   -0.75650249430036586862E+00
        52         4         5   -0.78820403950686324102E+00
        52         5         2   -0.12960051642661923887E+00
        52         5         3   -0.50834257195473596391E-01
        52         5         4   -0.10741766848107203725E+00
        52         5         5   -0.23024483243709770175E+00
        53         2         2   -0.82345871221836244858E-01
        53         2         3   -0.22231736068779558990E+00
        53         2         4   -0.19229451125115651355E+00
        53         2         5   -0.84539865605979327978E-01
        53         3         2   -0.75250887243711184205E+00
        53         3         3   -0.10822348872769309569E+01
        53         3         4   -0.73162111311497990407E+00
        53         3         5   -0.63282712372341154428E+00
        53         4         2   -0.85153386513528517288E+00
        53         4         3   -0.86790996791693042489E+00
        53         4         4   -0.60040533197883938499E+00
        53         4         5   -0.41399386751238137494E+00
        53         5         2   -0.14178525400436750581E+00
        53         5         3   -0.12731768721485930973E+00
        53         5         4   -0.29664066127417142160E-01
        53         5         5   -0.10741052446959875599E+00
        54         2         2   -0.29493544058305166261E-01
        54         2         3   -0.77226923094325466979E-01
        54         2         4   -0.70759864892035395645E-01
        54         2         5   -0.66428288335217924865E-01
        54         3         2   -0.50097904507907442540E+00
        54         3         3   -0.75613967553542094091E+00
        54         3         4   -0.12918297930227327086E+01
        54         3         5   -0.60608756664954988036E+00
        54         4         2   -0.67786513300313733232E+00
        54         4         3   -0.58693497008831652106E+00
        54         4         4   -0.79783560506163431203E+00
        54         4         5   -0.50544479513869589038E+00
        54         5         2   -0.75377659065498828217E-01
        54         5         3   -0.55606861097972554164E-01
        54         5         4   -0.17447040874297478630E+00
        54         5         5   -0.12201550519758727620E+00
        55         2         2   -0.67331332740972263395E-01
        55         2         3   -0.82509445015500476606E-01
        55         2         4   -0.10305759563834850090E+00
        55         2         5   -0.17065703060394574186E+00
        55         3         2   -0.56273251388509348825E+00
        55         3         3   -0.62491048188593256718E+00
        55         3         4   -0.79324413833763052217E+00
        55         3         5   -0.99041614135991151713E+00
        55         4         2   -0.10222913648140607989E+01
        55         4         3   -0.92262570325516601866E+00
        55         4         4   -0.94792176920499515713E+00
        55         4         5   -0.71386506131309190870E+00
        55         5         2   -0.21034666809292529299E+00
        55         5         3   -0.12785057286345327676E+00
        55         5         4   -0.22690412547495680817E+00
        55         5         5   -0.87110599396216376045E-01
        56         2         2   -0.12539209077562216144E+00
        56         2         3   -0.56766922031894165301E-01
        56         2         4   -0.12824039404126816311E+00
        56         2         5   -0.13386853316495173072E+00
        56         3         2   -0.58084495765818178192E+00
        56         3         3   -0.42535736921375599806E+00
        56         3         4   -0.73844003296387561441E+00
        56         3         5   -0.78993649723917236383E+00
        56         4         2   -0.69918821823835231033E+00
        56         4         3   -0.71259263853859611260E+00
        56         4         4   -0.10494804617837647509E+01
        56         4         5   -0.93722531540552711515E+00
        56         5         2   -0.22483609670134163672E+00
        56         5         3   -0.95658031535363022280E-01
        56         5         4   -0.28788076761771191903E+00
        56         5         5   -0.23599449508662723174E+00
        57         2         2   -0.56352759981920158561E-01
        57         2         3   -0.69240254666821654528E-01
        57         2         4   -0.11344251006195668618E+00
        57         2         5   -0.31065408892006279862E+00
        57         3         2   -0.69293280184089589557E+00
        57         3         3   -0.51621719031179491566E+00
        57         3         4   -0.48839165829415803755E+00
        57         3         5   -0.12116456608481021018E+01
        57         4         2   -0.66695654105634583075E+00
        57         4         3   -0.94785485310167960638E+00
        57         4         4   -0.51980647533276935768E+00
        57         4         5   -0.58336879629331483965E+00
        57         5         2   -0.39059620231207105301E-01
        57         5         3   -0.72081645690933116022E-01
        57         5         4   -0.66741396731923585683E-01
        57         5         5   -0.29611591495605084357E-01
        58         2         2   -0.10965528815412388386E+00
        58         2         3   -0.10906870805896216881E+00
        58         2         4   -0.13047730839307034034E+00
        58         2         5   -0.15555577210874149685E+00
        58         3         2   -0.75253598403330290711E+00
        58         3         3   -0.59740474714917368715E+00
        58         3         4   -0.68244777644145948603E+00
        58         3         5   -0.12878948416297413271E+01
        58         4         2   -0.65057803340442443840E+00
        58         4         3   -0.79189576407310913186E+00
        58         4         4   -0.55765487378350886427E+00
        58         4         5   -0.40040428640956227113E+00
        58         5         2   -0.30622339677979150407E-01
        58         5         3   -0.15110220167801660662E+00
        58         5         4   -0.84244855196996523694E-01
        58         5         5   -0.16825895158138634566E-01
        59         2         2   -0.44410683655908389511E-01
        59         2         3   -0.31857129533380088016E-01
        59         2         4   -0.16701876956226496818E+00
        59         2         5   -0.60171494971154412812E-01
        59         3         2   -0.42068016501596966483E+00
        59         3         3   -0.52188510126989873239E+00
        59         3         4   -0.86575824915620080979E+00
        59         3         5   -0.85310310354271001732E+00
        59         4         2   -0.49306447090287697232E+00
        59         4         3   -0.67073785953003384197E+00
        59         4         4   -0.51220435596497482234E+00
        59         4         5   -0.45589107428148017975E+00
        59         5         2   -0.11288014774679311358E+00
        59         5         3   -0.56521179308387251017E-01
        59         5         4   -0.12160882129985518818E+00
        59         5         5   -0.47749642255916664724E-01
        60         2         2   -0.55449315876812579895E-01
        60         2         3   -0.12213823828458622578E+00
        60         2         4   -0.20976885792824637167E+00
        60         2         5   -0.22548607108951682076E+00
        60         3         2   -0.45025586333695488683E+00
        60         3         3   -0.69313046459431226776E+00
        60         3         4   -0.12975737988177160620E+01
        60         3         5   -0.99166908771765094333E+00
        60         4         2   -0.76392469194677514732E+00
        60         4         3   -0.42898057045077203631E+00
        60         4         4   -0.11323258899840418223E+01
        60         4         5   -0.82884158752102521373E+00
        60         5         2   -0.11039865613476185224E+00
        60         5         3   -0.15432887553203654060E-01
        60         5         4   -0.11943719804130013828E+00
        60         5         5   -0.49585979740964153395E-01
        61         2         2   -0.13264267714640312623E+00
        61         2         3   -0.13683529009851375102E+00
        61         2         4   -0.60725668330297577491E-01
        61         2         5   -0.12033996743177254041E+00
        61         3         2   -0.72493215684354872508E+00
        61         3         3   -0.85847101181814156057E+00
        61         3         4   -0.72360692321902164714E+00
        61         3         5   -0.83014956970878317488E+00
        61         4         2   -0.37143288632969073682E+00
        61         4         3   -0.56933834017660178706E+00
        61         4         4   -0.11190103814886254163E+01
        61         4         5   -0.65901306883507893009E+00
        61         5         2   -0.14810724941027728768E-01
        61         5         3   -0.98725991549180013018E-02
        61         5         4   -0.15526731437539226244E+00
        61         5         5   -0.63888713431646246277E-01
        62         2         2   -0.76315853021631213648E-01
        62         2         3   -0.69918117025025663946E-01
        62         2         4   -0.95764313849605042783E-01
        62         2         5   -0.19908717297618980235E+00
        62         3         2   -0.78751640532197808575E+00
        62         3         3   -0.78496925070338596786E+00
        62         3         4   -0.58039747594500756822E+00
        62         3         5   -0.12108478163307685449E+01
        62         4         2   -0.48650877811988962884E+00
        62         4         3   -0.77326435032926821300E+00
        62         4         4   -0.68575995534036493506E+00
        62         4         5   -0.81838188248524990076E+00
        62         5         2   -0.64592445699709344353E-01
        62         5         3   -0.16333082162817005867E+00
        62         5         4   -0.15400864137993977576E+00
        62         5         5   -0.15358398830481295727E+00
        63         2         2   -0.11784402360597978632E+00
        63         2         3   -0.67764461263841821448E-01
        63         2         4   -0.20783331544716712735E+00
        63         2         5   -0.20194763258406395190E+00
        63         3         2   -0.10100885915211752497E+01
        63         3         3   -0.80101972361703521752E+00
        63         3         4   -0.91696645396119158544E+00
        63         3         5   -0.10330499291127461792E+01
        63         4         2   -0.78457670763071807318E+00
        63         4         3   -0.53744900560622343999E+00
        63         4         4   -0.68640630836443405904E+00
        63         4         5   -0.61348077009102219836E+00
        63         5         2   -0.10400275499850694660E+00
        63         5         3   -0.75274431588470275267E-01
        63         5         4   -0.94315044794770847014E-01
        63         5         5   -0.10211443313339670091E+00
        64         2         2   -0.38162561336294253955E-01
        64         2         3   -0.11761907183459915927E-01
        64         2         4   -0.83144270404541906205E-01
        64         2         5   -0.13413923880904637942E+00
        64         3         2   -0.70697261343087813845E+00
        64         3         3   -0.65299765000780707336E+00
        64         3         4   -0.94764767207848310537E+00
        64         3         5   -0.80032997392347771104E+00
        64         4         2   -0.87338428095735953782E+00
        64         4         3   -0.68810928752649380691E+00
        64         4         4   -0.65502262860327820082E+00
        64         4         5   -0.49714626367337066970E+00
        64         5         2   -0.13873618678178717412E+00
        64         5         3   -0.82219142425177832445E-01
        64         5         4   -0.85077634168057039710E-01
        64         5         5   -0.74948143817170742587E-01
        65         2         2   -0.12154793492513768505E+00
        65         2         3   -0.24905911462326041361E-01
        65         2         4   -0.86922137103429289451E-01
        65         2         5   -0.10188533552693239403E+00
        65         3         2   -0.89648785180315737620E+00
        65         3         3   -0.85159879330922605423E+00
        65         3         4   -0.69391224953004426723E+00
        65         3         5   -0.80349035092476495112E+00
        65         4         2   -0.83083074420109492841E+00
        65         4         3   -0.86448375429200119413E+00
        65         4         4   -0.61458369708234661388E+00
        65         4         5   -0.66257635297012495990E+00
        65         5         2   -0.54833898963007922378E-01
        65         5         3   -0.12351976404582554192E+00
        65         5         4   -0.12966179090476159796E+00
        65         5         5   -0.94854503178666255137E-01
        66         2         2   -0.27253680658950230065E+00
        66         2         3   -0.13143910922838530908E+00
        66         2         4   -0.97937320743819319957E-01
        66         2         5   -0.52631024499218137525E-01
        66         3         2   -0.12080227830219281149E+01
        66         3         3   -0.72527839110349712204E+00
        66         3         4   -0.85856793757810778711E+00
        66         3         5   -0.83712811398199926671E+00
        66         4         2   -0.65028312294772072644E+00
        66         4         3   -0.11446892455281640899E+01
        66         4         4   -0.85230695333630535071E+00
        66         4         5   -0.88917216216903582904E+00
        66         5         2   -0.26008776286875381900E-01
        66         5         3   -0.29838436562760467519E+00
        66         5         4   -0.19567175612523377004E+00
        66         5         5   -0.80179721931611602770E-01
        67         2         2   -0.15797921227827210755E+00
        67         2         3   -0.19454366714126228310E+00
        67         2         4   -0.13503434450701226610E+00
        67         2         5   -0.27155061467905437789E-01
        67         3         2   -0.87965289026678861184E+00
        67         3         3   -0.96814165431395737826E+00
        67         3         4   -0.62424993122582750349E+00
        67         3         5   -0.38441081958805400909E+00
        67         4         2   -0.45846292124457377337E+00
        67         4         3   -0.95242608376184234587E+00
        67         4         4   -0.91967647992734657958E+00
        67         4         5   -0.78812530753444842713E+00
        67         5         2   -0.42414892699665161790E-01
        67         5         3   -0.18000101955222561068E+00
        67         5         4   -0.10112904737144665090E+00
        67         5         5   -0.10614107880709697240E+00
        68         2         2   -0.12529819142716666636E+00
        68         2         3   -0.10871209795599767745E+00
        68         2         4   -0.10194909562911003142E+00
        68         2         5   -0.36395237980015204826E-01
        68         3         2   -0.76898356012744573107E+00
        68         3         3   -0.13817645721579208118E+01
        68         3         4   -0.91336056216957783871E+00
        68         3         5   -0.61456108411052823293E+00
        68         4         2   -0.76378671365354811051E+00
        68         4         3   -0.14186612229999990831E+01
        68         4         4   -0.10879582450592422127E+01
        68         4         5   -0.96053152955955156678E+00
        68         5         2   -0.33770710550965171715E-01
        68         5         3   -0.19472487937814672576E+00
        68         5         4   -0.12427125943375370853E+00
        68         5         5   -0.10052338544510112939E+00
        69         2         2   -0.70696237182064178284E-01
        69         2         3   -0.15407548076820379301E+00
        69         2         4   -0.96258439806039208797E-01
        69         2         5   -0.11417145924344636321E+00
        69         3         2   -0.53297905876193307773E+00
        69         3         3   -0.10565701836182213036E+01
        69         3         4   -0.11853550928771283690E+01
        69         3         5   -0.80751460911660299935E+00
        69         4         2   -0.34802891227692500653E+00
        69         4         3   -0.93236499960757435179E+00
        69         4         4   -0.13708221304016181552E+01
        69         4         5   -0.64901437427743968733E+00
        69         5         2   -0.61312768942519371707E-01
        69         5         3   -0.21200425781179577100E+00
        69         5         4   -0.17401035774484527319E+00
        69         5         5   -0.92152501233593211993E-01
        70         2         2   -0.90820686982229198447E-01
        70         2         3   -0.13474110301768632558E+00
        70         2         4   -0.10051963511906211735E+00
        70         2         5   -0.60320241908046905166E-01
        70         3         2   -0.81505223643446700343E+00
        70         3         3   -0.10712142986200929862E+01
        70         3         4   -0.99751008309484656689E+00
        70         3         5   -0.72123873674456673299E+00
        70         4         2   -0.75289624112966058167E+00
        70         4         3   -0.10324569081575813989E+01
        70         4         4   -0.14103565233874704177E+01
        70         4         5   -0.74093507339125586064E+00
        70         5         2   -0.11097178478859143214E+00
        70         5         3   -0.24351597599289381835E+00
        70         5         4   -0.16359441112382966388E+00
        70         5         5   -0.95221532903898703504E-01
        71         2         2   -0.52013391053658278307E-01
        71         2         3   -0.12086162089279205156E+00
        71         2         4   -0.64588955989636931410E-01
        71         2         5   -0.56377852437601232161E-01
        71         3         2   -0.87469675421077319744E+00
        71         3         3   -0.11996112109822698599E+01
        71         3         4   -0.89718495159272959594E+00
        71         3         5   -0.81115717107664775387E+00
        71         4         2   -0.12132376986248321060E+01
        71         4         3   -0.81006014146328642056E+00
        71         4         4   -0.13950149987238023019E+01
        71         4         5   -0.12002357268584393779E+01
        71         5         2   -0.19159775314820429171E+00
        71         5         3   -0.13314912997212322021E+00
        71         5         4   -0.31075692384219372189E+00
        71         5         5   -0.27024020152495326075E+00
        72         2         2   -0.78190607609993939553E-01
        72         2         3   -0.21344369408675406552E+00
        72         2         4   -0.10170463479616970170E+00
        72         2         5   -0.68232288780401273431E-01
        72         3         2   -0.58794876875206125710E+00
        72         3         3   -0.12012374478151637280E+01
        72         3         4   -0.10271367517884815168E+01
        72         3         5   -0.57260375038901833999E+00
        72         4         2   -0.34763278735411323739E+00
        72         4         3   -0.72590016304705340389E+00
        72         4         4   -0.88670859817238534273E+00
        72         4         5   -0.10155016926948303713E+01
        72         5         2   -0.51969474286838492072E-02
        72         5         3   -0.55613553966174705812E-01
        72         5         4   -0.21611080857897851937E+00
        72         5         5   -0.19863100733580665858E+00
        73         2         2   -0.12584055685393188972E+00
        73         2         3   -0.14352473683232197521E+00
        73         2         4   -0.14044504352924502832E+00
        73         2         5   -0.97955289632332964711E-01
        73         3         2   -0.64475681930330508429E+00
        73         3         3   -0.72833342321194716185E+00
        73         3         4   -0.97498599238811678447E+00
        73         3         5   -0.69342565603446704170E+00
        73         4         2   -0.55081873137595693812E+00
        73         4         3   -0.90916245853559218837E+00
        73         4         4   -0.10307010725062570877E+01
        73         4         5   -0.94341831601373749017E+00
        73         5         2   -0.88273180897200903550E-01
        73         5         3   -0.14072877591997662305E+00
        73         5         4   -0.18051103165273840734E+00
        73         5         5   -0.16402804702794090974E+00
        74         2         2   -0.23351356150633778563E+00
        74         2         3   -0.18191682333228126334E+00
        74         2         4   -0.10055804801748934041E+00
        74         2         5   -0.88795478065222019359E-01
        74         3         2   -0.90485296918670199418E+00
        74         3         3   -0.81248679521113675861E+00
        74         3         4   -0.98221145123369069108E+00
        74         3         5   -0.66725796767480183291E+00
        74         4         2   -0.69221152683209086209E+00
        74         4         3   -0.79827314388047687643E+00
        74         4         4   -0.12301512450620728512E+01
        74         4         5   -0.92292071729875235775E+00
        74         5         2   -0.14214435755732174327E+00
        74         5         3   -0.87237303111271272127E-01
        74         5         4   -0.13164871208755776766E+00
        74         5         5   -0.41591550618995838662E-01
        75         2         2   -0.16246910657417429347E+00
        75         2         3   -0.13699072703732692591E+00
        75         2         4   -0.91035497480800198211E-01
        75         2         5   -0.96179879938973242282E-01
        75         3         2   -0.83662978503089491245E+00
        75         3         3   -0.12434712060158099600E+01
        75         3         4   -0.57563639765797380843E+00
        75         3         5   -0.82606906105903132875E+00
        75         4         2   -0.74190456295073192727E+00
        75         4         3   -0.10825024193899339675E+01
        75         4         4   -0.76261748606870305434E+00
        75         4         5   -0.68548208075675920448E+00
        75         5         2   -0.23699342641012788313E+00
        75         5         3   -0.12982677026687847177E+00
        75         5         4   -0.55564508147788661818E-01
        75         5         5   -0.81793116056307083039E-01
        76         2         2   -0.16004894371721223312E+00
        76         2         3   -0.11565374580117132597E+00
        76         2         4   -0.15533599900083769341E+00
        76         2         5   -0.55091958419735707897E-01
        76         3         2   -0.90836725390148964632E+00
        76         3         3   -0.80842389583030682676E+00
        76         3         4   -0.61427514999584487132E+00
        76         3         5   -0.55952581444142968081E+00
        76         4         2   -0.59912948067187199452E+00
        76         4         3   -0.87744574430046151647E+00
        76         4         4   -0.55487770265224811705E+00
        76         4         5   -0.59983711232549641323E+00
        76         5         2   -0.40503075398777101113E-01
        76         5         3   -0.61435581020383191186E-01
        76         5         4   -0.88344283401249432131E-01
        76         5         5   -0.16370597197556788216E+00
        77         2         2   -0.14777765620318922268E+00
        77         2         3   -0.25137607132304728985E+00
        77         2         4   -0.11650295371632929387E+00
        77         2         5   -0.15365264808235767902E+00
        77         3         2   -0.76285396131782112761E+00
        77         3         3   -0.12615920646611438194E+01
        77         3         4   -0.96216941692383550766E+00
        77         3         5   -0.13204232237648774184E+01
        77         4         2   -0.41849972435447235775E+00
        77         4         3   -0.66676023058802613708E+00
        77         4         4   -0.91807059505451960035E+00
        77         4         5   -0.66646501899719645667E+00
        77         5         2   -0.29502567843124785640E-01
        77         5         3   -0.36417396443290682472E-03
        77         5         4   -0.88716194381499594024E-01
        77         5         5   -0.11766107547500745389E+00
        78         2         2   -0.11854075736337285618E+00
        78         2         3   -0.17952323727839919476E+00
        78         2         4   -0.91324065677892612980E-01
        78         2         5   -0.13515874486783197028E+00
        78         3         2   -0.72647277816791444582E+00
        78         3         3   -0.99987750502749661585E+00
        78         3         4   -0.10905425640340744575E+01
        78         3         5   -0.11948520384284178064E+01
        78         4         2   -0.52249427244620172406E+00
        78         4         3   -0.68097161319155607995E+00
        78         4         4   -0.11077215941331255422E+01
        78         4         5   -0.77900698849739991037E+00
        78         5         2   -0.33734394939759160259E-01
        78         5         3   -0.39776062585305041464E-01
        78         5         4   -0.13496812108673397756E+00
        78         5         5   -0.12242148532247897064E+00
        79         2         2   -0.15556367788031930099E+00
        79         2         3   -0.15562330724738407395E+00
        79         2         4   -0.14609215627134344850E+00
        79         2         5   -0.17912509563403533619E+00
        79         3         2   -0.72238665762036002871E+00
        79         3         3   -0.11301299121614716281E+01
        79         3         4   -0.13149782415226021204E+01
        79         3         5   -0.88726593582117130321E+00
        79         4         2   -0.82034074979275206640E+00
        79         4         3   -0.79702698849889930255E+00
        79         4         4   -0.10237884189389738765E+01
        79         4         5   -0.53427264554707476485E+00
        79         5         2   -0.11170702039651038417E+00
        79         5         3   -0.76465435835410128229E-01
        79         5         4   -0.11554857633763566949E+00
        79         5         5   -0.12739184181360882486E+00
        80         2         2   -0.14387174834281687974E+00
        80         2         3   -0.16289694531784520981E+00
        80         2         4   -0.15465017053945212533E+00
        80         2         5   -0.15271120088938194836E+00
        80         3         2   -0.75256858896500100631E+00
        80         3         3   -0.82318485019828557814E+00
        80         3         4   -0.11558606120345413792E+01
        80         3         5   -0.99513221010071895023E+00
        80         4         2   -0.11533940346064917026E+01
        80         4         3   -0.81631501275975903997E+00
        80         4         4   -0.11606336978418456685E+01
        80         4         5   -0.79148559426415210361E+00
        80         5         2   -0.11323424092036124544E+00
        80         5         3   -0.11278948282494577482E+00
        80         5         4   -0.11184138916954765308E+00
        80         5         5   -0.13579528517581232472E+00
        81         2         2   -0.13200364836343220221E+00
        81         2         3   -0.18667105372978268218E+00
        81         2         4   -0.92544952462487561906E-01
        81         2         5   -0.23540774447039579387E-01
        81         3         2   -0.68925147296085642612E+00
        81         3         3   -0.11893930348642656192E+01
        81         3         4   -0.86680637770358437422E+00
        81         3         5   -0.44628870910361095881E+00
        81         4         2   -0.10247711918338207049E+01
        81         4         3   -0.10330935917949832792E+01
        81         4         4   -0.10914597885418040324E+01
        81         4         5   -0.74104074432511157777E+00
        81         5         2   -0.11471603849722078472E+00
        81         5         3   -0.15924627643131905597E+00
        81         5         4   -0.18877087009113258098E+00
        81         5         5   -0.14360249578905348589E+00
        82         2         2   -0.20579114926771186617E-01
        82         2         3   -0.10148209866696739079E+00
        82         2         4   -0.10719519127667344327E+00
        82         2         5   -0.54009395926932171617E-01
        82         3         2   -0.53474196722805622528E+00
        82         3         3   -0.72455464782142420255E+00
        82         3         4   -0.96581550651834802146E+00
        82         3         5   -0.69923783246630477617E+00
        82         4         2   -0.92713892093234884229E+00
        82         4         3   -0.69586580312725065944E+00
        82         4         4   -0.86529108195779935730E+00
        82         4         5   -0.11935901588491508729E+01
        82         5         2   -0.12622186370432972313E+00
        82         5         3   -0.11983276130681060068E+00
        82         5         4   -0.16274947224222896525E+00
        82         5         5   -0.16720880786397598894E+00
        83         2         2   -0.77381054467001650354E-01
        83         2         3   -0.26682733375354483751E-01
        83         2         4   -0.14281303039691994883E+00
        83         2         5   -0.12173726078239399673E+00
        83         3         2   -0.69953240287176632339E+00
        83         3         3   -0.64477421391959111041E+00
        83         3         4   -0.96789901656303622968E+00
        83         3         5   -0.75305905745812007357E+00
        83         4         2   -0.10432103993661072661E+01
        83         4         3   -0.79811958017910644703E+00
        83         4         4   -0.67094559460905833781E+00
        83         4         5   -0.79307801002233369037E+00
        83         5         2   -0.12297633270523836146E+00
        83         5         3   -0.12660749590540693044E+00
        83         5         4   -0.77800448640652969390E-01
        83         5         5   -0.11462414916388535824E+00
        84         2         2   -0.51801556323328834530E-01
        84         2         3   -0.89112734953479294520E-01
        84         2         4   -0.10978746268660218022E+00
        84         2         5   -0.17239351035213695829E+00
        84         3         2   -0.75202546109248735728E+00
        84         3         3   -0.71740735250888010288E+00
        84         3         4   -0.91105849355495527320E+00
        84         3         5   -0.91887322655386649561E+00
        84         4         2   -0.78529532554152281509E+00
        84         4         3   -0.10136501187746960184E+01
        84         4         4   -0.10401566482574780004E+01
        84         4         5   -0.88567044478958689702E+00
        84         5         2   -0.94507733563824650180E-01
        84         5         3   -0.11513685416379627890E+00
        84         5         4   -0.11657545221395082535E+00
        84         5         5   -0.89139751169913086781E-01
        85         2         2   -0.25953955880875367868E+00
        85         2         3   -0.93934138371110753596E-01
        85         2         4   -0.97492421584595409523E-01
        85         2         5   -0.14002682735771013189E+00
        85         3         2   -0.99477325605413269294E+00
        85         3         3   -0.60023870140254464989E+00
        85         3         4   -0.80799571770712741436E+00
        85         3         5   -0.83440518360131910036E+00
        85         4         2   -0.70266295571751569149E+00
        85         4         3   -0.94515792287208888478E+00
        85         4         4   -0.12344561912117795188E+01
        85         4         5   -0.64855704306973072093E+00
        85         5         2   -0.10009243786023573619E+00
        85         5         3   -0.16008256686209226816E+00
        85         5         4   -0.30703482037447238362E+00
        85         5         5   -0.94851655700096862422E-01
        86         2         2   -0.19315766869972841868E+00
        86         2         3   -0.14681002505122703328E+00
        86         2         4   -0.15962279207616936194E+00
        86         2         5   -0.13764673393677850921E+00
        86         3         2   -0.87818127687327607322E+00
        86         3         3   -0.80482159830279664803E+00
        86         3         4   -0.72496646514312979015E+00
        86         3         5   -0.72099775320852277360E+00
        86         4         2   -0.47780168360195990340E+00
        86         4         3   -0.90289287934064388352E+00
        86         4         4   -0.90402581116693792040E+00
        86         4         5   -0.61741574934068499392E+00
        86         5         2   -0.44301814564348493408E-01
        86         5         3   -0.96442269432089958170E-01
        86         5         4   -0.16035017592903244577E+00
        86         5         5   -0.29556489731509365260E-01
        87         2         2   -0.64068752004191431570E-01
        87         2         3   -0.39286581405876958017E-01
        87         2         4   -0.12195597075918084007E+00
        87         2         5   -0.14840591466664571074E+00
        87         3         2   -0.63444104204240892031E+00
        87         3         3   -0.60665882236294910168E+00
        87         3         4   -0.74323575758327020679E+00
        87         3         5   -0.78076743371539036875E+00
        87         4         2   -0.33322419261490265896E+00
        87         4         3   -0.99440966046843792814E+00
        87         4         4   -0.10334135690986776535E+01
        87         4         5   -0.52744839573533541799E+00
        87         5         2   -0.63677381292710208416E-01
        87         5         3   -0.18871247212120459413E+00
        87         5         4   -0.27694668185777504554E+00
        87         5         5   -0.11669656129347522056E+00
        88         2         2   -0.12345018931673128193E+00
        88         2         3   -0.13537716900381804863E+00
        88         2         4   -0.18693676996587663131E+00
        88         2         5   -0.15632717558131023483E+00
        88         3         2   -0.63514098737339641509E+00
        88         3         3   -0.75936980673785481333E+00
        88         3         4   -0.79657195277822590018E+00
        88         3         5   -0.77284931008010915310E+00
        88         4         2   -0.58485864748913585220E+00
        88         4         3   -0.91693034646445770175E+00
        88         4         4   -0.10712764272523955800E+01
        88         4         5   -0.11146978907445588280E+01
        88         5         2   -0.12411066526769420904E+00
        88         5         3   -0.12191726273481311160E+00
        88         5         4   -0.12810507606839455219E+00
        88         5         5   -0.98478123130481848291E-01
        89         2         2   -0.73751991921319287604E-01
        89         2         3   -0.46510895605588763180E-01
        89         2         4   -0.13565994125734665010E+00
        89         2         5   -0.23433085497536743080E+00
        89         3         2   -0.64700325629320054599E+00
        89         3         3   -0.61851157143560053786E+00
        89         3         4   -0.78889090034793940553E+00
        89         3         5   -0.76988808804472230740E+00
        89         4         2   -0.99775594407447898426E+00
        89         4         3   -0.91700082841742114326E+00
        89         4         4   -0.96022048667706161318E+00
        89         4         5   -0.89268889822879970986E+00
        89         5         2   -0.27357574479374824339E+00
        89         5         3   -0.18345651197000223398E+00
        89         5         4   -0.22512190989546509989E+00
        89         5         5   -0.97437496769754189385E-01
        90         2         2   -0.14139357577414746192E+00
        90         2         3   -0.13749689052618724316E+00
        90         2         4   -0.97784171906989597600E-01
        90         2         5   -0.17231128657002281468E+00
        90         3         2   -0.55012208757408509463E+00
        90         3         3   -0.69213421072394787359E+00
        90         3         4   -0.93012445753194339382E+00
        90         3         5   -0.11036973607712552425E+01
        90         4         2   -0.67829397673664482138E+00
        90         4         3   -0.90672376144377486717E+00
        90         4         4   -0.97689012405462838373E+00
        90         4         5   -0.99187689248818877719E+00
        90         5         2   -0.13972302890134388753E+00
        90         5         3   -0.12922203598264025981E+00
        90         5         4   -0.19863249308921229752E+00
        90         5         5   -0.10528976099241353637E+00
        91         2         2   -0.84917863165982238050E-01
        91         2         3   -0.18646592783527773940E+00
        91         2         4   -0.57115838446603194034E-01
        91         2         5   -0.10431445097247353526E+00
        91         3         2   -0.77302556692968049656E+00
        91         3         3   -0.13204022186450543597E+01
        91         3         4   -0.98709660764200812810E+00
        91         3         5   -0.95350343652398050764E+00
        91         4         2   -0.73881019212609111424E+00
        91         4         3   -0.11865684697564462535E+01
        91         4         4   -0.93402379902998100558E+00
        91         4         5   -0.48304075163071080734E+00
        91         5         2   -0.12238320719892371857E+00
        91         5         3   -0.16595912666432818816E+00
        91         5         4   -0.11797205802801187524E+00
        91         5         5   -0.21753005011398655194E-01
        92         2         2   -0.10311973610106865695E+00
        92         2         3   -0.74664538835419347329E-01
        92         2         4   -0.88353157369748969163E-01
        92         2         5   -0.13545865372274554228E+00
        92         3         2   -0.64953384219337129135E+00
        92         3         3   -0.75122862720624483668E+00
        92         3         4   -0.61983848361044691089E+00
        92         3         5   -0.85316277717085975407E+00
        92         4         2   -0.84587820309049821521E+00
        92         4         3   -0.71454540049175174765E+00
        92         4         4   -0.80001859387693008419E+00
        92         4         5   -0.63781367626596363607E+00
        92         5         2   -0.18283220289615950693E+00
        92         5         3   -0.11646063673278951589E+00
        92         5         4   -0.12336641333086505179E+00
        92         5         5   -0.99013350995723559134E-01
        93         2         2   -0.16844691750389123586E+00
        93         2         3   -0.10023524063476145496E+00
        93         2         4   -0.12629491738987436156E+00
        93         2         5   -0.88339783705684349346E-01
        93         3         2   -0.84864020483234914316E+00
        93         3         3   -0.77163111298834696772E+00
        93         3         4   -0.84145604221329994843E+00
        93         3         5   -0.80187104113617158063E+00
        93         4         2   -0.50995755192505431985E+00
        93         4         3   -0.12329979362626053430E+01
        93         4         4   -0.99129758206909746043E+00
        93         4         5   -0.81831360599603586437E+00
        93         5         2   -0.92910904304862401704E-01
        93         5         3   -0.23700666798269026669E+00
        93         5         4   -0.11810591078710323820E+00
        93         5         5   -0.85688350401455656846E-01
        94         2         2   -0.14462977248999586699E+00
        94         2         3   -0.19893964044848305717E+00
        94         2         4   -0.25777030705738429583E+00
        94         2         5   -0.13448081100368325380E+00
        94         3         2   -0.91098356754324305573E+00
        94         3         3   -0.10629327468790787936E+01
        94         3         4   -0.13056091995232559366E+01
        94         3         5   -0.82051753039526087452E+00
        94         4         2   -0.57936544515864074611E+00
        94         4         3   -0.84507003779225764450E+00
        94         4         4   -0.11219063405453770788E+01
        94         4         5   -0.89051950710457061788E+00
        94         5         2   -0.11364282757919297318E+00
        94         5         3   -0.12381125328566562616E+00
        94         5         4   -0.13745118106359979770E+00
        94         5         5   -0.70867459836100613058E-01
        95         2         2   -0.44390360516919691314E-01
        95         2         3   -0.18823489650467498113E+00
        95         2         4   -0.15661991162853261539E+00
        95         2         5   -0.15846001695525915864E+00
        95         3         2   -0.61098717603137064902E+00
        95         3         3   -0.11938609156530948230E+01
        95         3         4   -0.78249447671646610303E+00
        95         3         5   -0.68423545157433995900E+00
        95         4         2   -0.10747232944827795897E+01
        95         4         3   -0.13914393690029729367E+01
        95         4         4   -0.96786657646839080460E+00
        95         4         5   -0.52277990548677455429E+00
        95         5         2   -0.25230552195616867683E+00
        95         5         3   -0.12541925348668006568E+00
        95         5         4   -0.17790470848017186922E+00
        95         5         5   -0.93044802739735879560E-01
        96         2         2   -0.30408995436885029318E-01
        96         2         3   -0.72584042478646221275E-01
        96         2         4   -0.88481593926016510743E-01
        96         2         5   -0.23365425710214993149E+00
        96         3         2   -0.45712505033135814037E+00
        96         3         3   -0.94919746287646733496E+00
        96         3         4   -0.10254691042836232562E+01
        96         3         5   -0.86213687747229772462E+00
        96         4         2   -0.64557977089676965576E+00
        96         4         3   -0.12054105961696004456E+01
        96         4         4   -0.83675262916477655128E+00
        96         4         5   -0.74237403406296009756E+00
        96         5         2   -0.11944160833403996702E+00
        96         5         3   -0.93127313460673849521E-01
        96         5         4   -0.91893185075939451401E-01
        96         5         5   -0.12699281899432385279E+00
        97         2         2   -0.15954516407382612897E+00
        97         2         3   -0.80824415380840536338E-01
        97         2         4   -0.11587326240764760088E+00
        97         2         5   -0.16838808420585973935E+00
        97         3         2   -0.56929797570021556385E+00
        97         3         3   -0.75051234132141808608E+00
        97         3         4   -0.12633951722281195895E+01
        97         3         5   -0.98854633086409982035E+00
        97         4         2   -0.44560196916823108237E+00
        97         4         3   -0.95301453880201436597E+00
        97         4         4   -0.10170232359032709279E+01
        97         4         5   -0.71952341937475694511E+00
        97         5         2   -0.39202491656565231770E-01
        97         5         3   -0.59249214994652167621E-01
        97         5         4   -0.22162069686265611912E+00
        97         5         5   -0.16636551760235476771E+00
        98         2         2   -0.31399622792311970843E+00
        98         2         3   -0.21211338667322740537E+00
        98         2         4   -0.12282799610496843157E+00
        98         2         5   -0.16857199192300054147E+00
        98         3         2   -0.11910412264718441833E+01
        98         3         3   -0.93379953300645623937E+00
        98         3         4   -0.53028242485369991854E+00
        98         3         5   -0.57106187399734320564E+00
        98         4         2   -0.65344778813239301485E+00
        98         4         3   -0.76308156727378562145E+00
        98         4         4   -0.55772213938369674668E+00
        98         4         5   -0.67595117361973655612E+00
        98         5         2   -0.12874633707163313234E+00
        98         5         3   -0.11563581954405406649E+00
        98         5         4   -0.49658724900802655999E-01
        98         5         5   -0.73628621966086132966E-01
        99         2         2   -0.20942993588935510108E+00
        99         2         3   -0.17767289033110056362E+00
        99         2         4   -0.43749995964817454952E-01
        99         2         5   -0.12029985213390552434E+00
        99         3         2   -0.84732397386884272805E+00
        99         3         3   -0.71069134240398923463E+00
        99         3         4   -0.28945010276831872886E+00
        99         3         5   -0.48872823164662720918E+00
        99         4         2   -0.47456447780538052461E+00
        99         4         3   -0.53066204529223948150E+00
        99         4         4   -0.67756646014135257783E+00
        99         4         5   -0.89595326137857878024E+00
        99         5         2   -0.10564519360438012763E+00
        99         5         3   -0.18693632619136704709E+00
        99         5         4   -0.12499464494664049019E+00
        99         5         5   -0.92015790970669766868E-01
       100         2         2   -0.12204591201503217635E+00
       100         2         3   -0.64622199934216889572E-01
       100         2         4   -0.99902138773731788413E-01
       100         2         5   -0.11893019633047506589E+00
       100         3         2   -0.40837035737342114450E+00
       100         3         3   -0.50912516114372763365E+00
       100         3         4   -0.54599339384471867742E+00
       100         3         5   -0.63545356113853146418E+00
       100         4         2   -0.62205479621374015764E+00
       100         4         3   -0.49442550546341029749E+00
       100         4         4   -0.87568106709690285427E+00
       100         4         5   -0.58308327666022441438E+00
       100         5         2   -0.39746213116352908934E-01
       100         5         3   -0.78357284619718858831E-01
       100         5         4   -0.24639080734929355576E+00
       100         5         5   -0.14321069675053896275E+00
       101         2         2   -0.13524324685169789029E+00
       101         2         3   -0.71595426778793949674E-01
       101         2         4   -0.14681785485496165466E+00
       101         2         5   -0.26938857000411109421E+00
       101         3         2   -0.11782286900844254340E+01
       101         3         3   -0.72451299375100619571E+00
       101         3         4   -0.91475841510903055376E+00
       101         3         5   -0.66329549471714366327E+00
       101         4         2   -0.92499230382015751317E+00
       101         4         3   -0.55399440088822426986E+00
       101         4         4   -0.69242265930066126955E+00
       101         4         5   -0.64007983158065717699E+00
       101         5         2   -0.13750105842811982670E+00
       101         5         3   -0.53964718217786013243E-01
       101         5         4   -0.16521532736028063382E+00
       101         5         5   -0.10391603854307454591E+00
