         2         2         2   -0.20418032182368031635E+00
         2         2         3   -0.13424508480605848448E+00
         2         2         4   -0.71232669128155998162E-01
         2         2         5   -0.38063716373316243413E-01
         2         3         2   -0.98764999699767885843E+00
         2         3         3   -0.59492724624899018249E+00
         2         3         4   -0.53008343013238334862E+00
         2         3         5   -0.33135771064812385989E+00
         2         4         2   -0.69603716271638305102E+00
         2         4         3   -0.74793011916124951810E+00
         2         4         4   -0.64380586044723675521E+00
         2         4         5   -0.83059897137045646254E+00
         2         5         2   -0.61811646752829442486E-01
         2         5         3   -0.13028284651881727463E+00
         2         5         4   -0.42049188148429755829E-01
         2         5         5   -0.11325891242658725488E+00
         3         2         2   -0.97393877258626387894E-01
         3         2         3   -0.19345593445115913389E+00
         3         2         4   -0.94794493387909573023E-01
         3         2         5   -0.12281838609362726034E+00
         3         3         2   -0.10634938352745253454E+01
         3         3         3   -0.80545828395010787837E+00
         3         3         4   -0.67257854149585083459E+00
         3         3         5   -0.65011353214710154713E+00
         3         4         2   -0.86725607727797682234E+00
         3         4         3   -0.59935938420529244475E+00
         3         4         4   -0.11230808683297266448E+01
         3         4         5   -0.56178467287126876428E+00
         3         5         2   -0.44473964122794119869E-01
         3         5         3   -0.52322987404774284892E-01
         3         5         4   -0.19882380799028537277E+00
         3         5         5   -0.94016487087287048396E-01
         4         2         2   -0.35386097327840627946E-01
         4         2         3   -0.12179679910614032989E+00
         4         2         4   -0.14966497084017654773E+00
         4         2         5   -0.54515359742619839967E-01
         4         3         2   -0.38406639986250790120E+00
         4         3         3   -0.79002678830032657675E+00
         4         3         4   -0.80450238623520720083E+00
         4         3         5   -0.83054521865632890965E+00
         4         4         2   -0.80624661515248496890E+00
         4         4         3   -0.76589735924497404085E+00
         4         4         4   -0.97956224709700989717E+00
         4         4         5   -0.79931595012263789712E+00
         4         5         2   -0.60388452862433696089E-01
         4         5         3   -0.12114133919325402455E+00
         4         5         4   -0.20491816542688504055E+00
         4         5         5   -0.69910903467682652956E-01
         5         2         2   -0.18573258580551428587E-01
         5         2         3   -0.98173249951475874409E-01
         5         2         4   -0.10442535113869515218E+00
         5         2         5   -0.92083824781641523960E-01
         5         3         2   -0.48792565128006265551E+00
         5         3         3   -0.64848924394732498921E+00
         5         3         4   -0.84537155091231641624E+00
         5         3         5   -0.39001415384174570322E+00
         5         4         2   -0.52154924279419290212E+00
         5         4         3   -0.77313567180416964408E+00
         5         4         4   -0.76526377486280972029E+00
         5         4         5   -0.31210258965165621481E+00
         5         5         2   -0.93499291491954017452E-01
         5         5         3   -0.14768030220657399343E+00
         5         5         4   -0.16437923815536661931E+00
         5         5         5   -0.34513698741681295146E-01
         6         2         2   -0.25470317415404827854E-01
         6         2         3   -0.13343451229695055260E+00
         6         2         4   -0.30669289068962282685E-01
         6         2         5   -0.81174958005640396319E-01
         6         3         2   -0.61210702666374572356E+00
         6         3         3   -0.90549975655990044832E+00
         6         3         4   -0.38113925144789984056E+00
         6         3         5   -0.38263492249501734888E+00
         6         4         2   -0.95762144796150427961E+00
         6         4         3   -0.10680348401312711459E+01
         6         4         4   -0.71256433784671280307E+00
         6         4         5   -0.49095079106691758009E+00
         6         5         2   -0.18432630048394593736E+00
         6         5         3   -0.24208180275634089140E+00
         6         5         4   -0.15635252516289990798E+00
         6         5         5   -0.55353924954922320567E-01
         7         2         2   -0.44784841849432342753E-01
         7         2         3   -0.10988511383505830676E-01
         7         2         4   -0.14014393127131282921E-01
         7         2         5   -0.99424091315600746088E-01
         7         3         2   -0.79254046858676296949E+00
         7         3         3   -0.54526131683535694616E+00
         7         3         4   -0.69159397946315714911E+00
         7         3         5   -0.74158972689413493740E+00
         7         4         2   -0.93361524484950786373E+00
         7         4         3   -0.10919108666837205046E+01
         7         4         4   -0.92594782264116071158E+00
         7         4         5   -0.74071015895189040723E+00
         7         5         2   -0.73072641241196181761E-01
         7         5         3   -0.21585290178078675449E+00
         7         5         4   -0.13412400120803097403E+00
         7         5         5   -0.93266514747060880186E-01
         8         2         2   -0.17029971154649045650E+00
         8         2         3   -0.12536633391731538678E+00
         8         2         4   -0.59839121451004957664E-01
         8         2         5   -0.25539883565023478729E-01
         8         3         2   -0.71673863224168621322E+00
         8         3         3   -0.93458572233430114995E+00
         8         3         4   -0.62812393676330391390E+00
         8         3         5   -0.65869686279423944608E+00
         8         4         2   -0.86649344309629783289E+00
         8         4         3   -0.10754607773228643808E+01
         8         4         4   -0.96353395561961086013E+00
         8         4         5   -0.77087256105895152203E+00
         8         5         2   -0.88454806353422829601E-01
         8         5         3   -0.52895597112127143435E-01
         8         5         4   -0.11939727138877932744E+00
         8         5         5   -0.17008032485150983981E+00
         9         2         2   -0.12913161946387319290E+00
         9         2         3   -0.85436553316784499823E-01
         9         2         4   -0.60420501264007893394E-01
         9         2         5   -0.12715944446743612795E+00
         9         3         2   -0.71816184119521608853E+00
         9         3         3   -0.93121481138369222030E+00
         9         3         4   -0.68813860666830461987E+00
         9         3         5   -0.68223317529015414795E+00
         9         4         2   -0.11758296224298989685E+01
         9         4         3   -0.11165166086738598228E+01
         9         4         4   -0.73490163736739266831E+00
         9         4         5   -0.87173109979686913551E+00
         9         5         2   -0.17351228435469692735E+00
         9         5         3   -0.15103816843057057961E+00
         9         5         4   -0.53218660822303802405E-01
         9         5         5   -0.13403120406799318154E+00
        10         2         2   -0.27300174200168229183E-01
        10         2         3   -0.56750559747243543851E-01
        10         2         4   -0.70740048421921011834E-01
        10         2         5   -0.93187957685009800701E-01
        10         3         2   -0.48697181580016685176E+00
        10         3         3   -0.45919662873516253754E+00
        10         3         4   -0.77533634492883130029E+00
        10         3         5   -0.64948794694037215169E+00
        10         4         2   -0.65868260704935266414E+00
        10         4         3   -0.72688871190497572616E+00
        10         4         4   -0.96690475790904895081E+00
        10         4         5   -0.53965195740290461401E+00
        10         5         2   -0.13307063042101216488E+00
        10         5         3   -0.17560969166180837031E+00
        10         5         4   -0.16805207260699250860E+00
        10         5         5   -0.89422192071389849932E-01
        11         2         2   -0.46082330070558258361E-01
        11         2         3   -0.71125424943893830743E-01
        11         2         4   -0.90656061328108869524E-01
        11         2         5   -0.15959344611808554126E+00
        11         3         2   -0.67193877540698399020E+00
        11         3         3   -0.82038599304020942693E+00
        11         3         4   -0.10387421055177588070E+01
        11         3         5   -0.15497394361195893087E+01
        11         4         2   -0.41497170028903579420E+00
        11         4         3   -0.48823898254489928039E+00
        11         4         4   -0.91026421355900877241E+00
        11         4         5   -0.90712794418291442522E+00
        11         5         2   -0.32395567982357591219E-01
        11         5         3   -0.43298113023445133907E-01
        11         5         4   -0.16003097697800097721E+00
        11         5         5   -0.21782826546833486403E+00
        12         2         2   -0.19510027606366536768E+00
        12         2         3   -0.16019317056685006273E+00
        12         2         4   -0.11881814421108884139E+00
        12         2         5   -0.19954917020767082292E+00
        12         3         2   -0.89829367019189232391E+00
        12         3         3   -0.87330670051594683212E+00
        12         3         4   -0.57080439569138774480E+00
        12         3         5   -0.83208287686282444984E+00
        12         4         2   -0.47440018768626340817E+00
        12         4         3   -0.56328448657509422315E+00
        12         4         4   -0.83371783040531588505E+00
        12         4         5   -0.67853159521222461414E+00
        12         5         2   -0.75927635144054206329E-01
        12         5         3   -0.12204538183591798206E+00
        12         5         4   -0.16767692729011490771E+00
        12         5         5   -0.11603877659080286122E+00
        13         2         2   -0.12100369428556843887E+00
        13         2         3   -0.21942438596317406785E+00
        13         2         4   -0.65654656005059361390E-01
        13         2         5   -0.19751476582688354267E+00
        13         3         2   -0.61824181830102065138E+00
        13         3         3   -0.11430998283795481552E+01
        13         3         4   -0.73174109311242618858E+00
        13         3         5   -0.92792508034664433758E+00
        13         4         2   -0.56636849667402533459E+00
        13         4         3   -0.56757426135298050252E+00
        13         4         4   -0.46008855975323365017E+00
        13         4         5   -0.50641911993388366575E+00
        13         5         2   -0.90306688773393664627E-01
        13         5         3   -0.71814550385348313588E-01
        13         5         4   -0.62571241651096551339E-01
        13         5         5   -0.86962859152967864063E-01
        14         2         2   -0.65144736711953768471E-01
        14         2         3   -0.13945397402691692146E+00
        14         2         4   -0.78127923891215755869E-01
        14         2         5   -0.45554863839506860856E-01
        14         3         2   -0.86644693196660216294E+00
        14         3         3   -0.72447709057484299677E+00
        14         3         4   -0.82855956486635717884E+00
        14         3         5   -0.69726807540086943593E+00
        14         4         2   -0.68348934355409629582E+00
        14         4         3   -0.10606593530514880630E+01
        14         4         4   -0.72780624842317531709E+00
        14         4         5   -0.43572253609997035895E+00
        14         5         2   -0.49175077182089188543E-01
        14         5         3   -0.16319571860889059423E+00
        14         5         4   -0.53580221759523295744E-01
        14         5         5   -0.61951589316286297116E-01
        15         2         2   -0.86135816055597516638E-01
        15         2         3   -0.58638354278265032715E-01
        15         2         4   -0.36774394044841063334E-01
        15         2         5   -0.30778904548423298253E-02
        15         3         2   -0.91903206534127768190E+00
        15         3         3   -0.57918401027932864267E+00
        15         3         4   -0.56775820627360862325E+00
        15         3         5   -0.48374759213640539102E+00
        15         4         2   -0.72970349994283201234E+00
        15         4         3   -0.89386178453802056509E+00
        15         4         4   -0.11726788111229402567E+01
        15         4         5   -0.94724044894133041517E+00
        15         5         2   -0.68423741151452777132E-01
        15         5         3   -0.12335941287110474551E+00
        15         5         4   -0.22422893673926960756E+00
        15         5         5   -0.17854803287699455572E+00
        16         2         2   -0.56635015478307272618E-01
        16         2         3   -0.11218497162372834119E+00
        16         2         4   -0.14335882215024711717E+00
        16         2         5   -0.80833001797715992032E-01
        16         3         2   -0.57362078288886020339E+00
        16         3         3   -0.95945160600422230157E+00
        16         3         4   -0.86148842362064759204E+00
        16         3         5   -0.29803842169807659435E+00
        16         4         2   -0.57586969610819127574E+00
        16         4         3   -0.71411194703124059036E+00
        16         4         4   -0.81529220824759729425E+00
        16         4         5   -0.48222863436340657195E+00
        16         5         2   -0.25957081181918872231E-01
        16         5         3   -0.19279513904398203755E-01
        16         5         4   -0.14176091244984670436E+00
        16         5         5   -0.80023081201962151243E-01
        17         2         2   -0.43047178861530831229E-01
        17         2         3   -0.94184906350999603175E-01
        17         2         4   -0.18518043733477113078E+00
        17         2         5   -0.10889559207829854759E+00
        17         3         2   -0.74556022400312327303E+00
        17         3         3   -0.11026439565995433956E+01
        17         3         4   -0.87939943226038286284E+00
        17         3         5   -0.49610777864308136520E+00
        17         4         2   -0.94228727875110751544E+00
        17         4         3   -0.90118432247370072741E+00
        17         4         4   -0.80722937466419053543E+00
        17         4         5   -0.10298537973032646509E+01
        17         5         2   -0.42157649975825182975E-01
        17         5         3   -0.57725544539226292251E-01
        17         5         4   -0.11098304874411900334E+00
        17         5         5   -0.19164024406100557685E+00
        18         2         2   -0.46775035634474462082E-02
        18         2         3   -0.63950058488397923395E-01
        18         2         4   -0.10191833359859815700E+00
        18         2         5   -0.26540859769273780072E-01
        18         3         2   -0.97895140555272130989E+00
        18         3         3   -0.86695376439707094729E+00
        18         3         4   -0.10751677335514377987E+01
        18         3         5   -0.56001823842716857982E+00
        18         4         2   -0.95988681301701794801E+00
        18         4         3   -0.10564435973493522258E+01
        18         4         4   -0.10557489692115020752E+01
        18         4         5   -0.71307793681695885724E+00
        18         5         2   -0.12876031410870197869E+00
        18         5         3   -0.16167316166175091374E+00
        18         5         4   -0.12357452000987570462E+00
        18         5         5   -0.88828756731354333032E-01
        19         2         2   -0.45190283396388891690E-01
        19         2         3   -0.15931166975204674729E+00
        19         2         4   -0.48988739167660159957E-01
        19         2         5   -0.11788402931362668147E+00
        19         3         2   -0.11706266554595803342E+01
        19         3         3   -0.70267012266136807952E+00
        19         3         4   -0.68785017015820271169E+00
        19         3         5   -0.79634991160084389605E+00
        19         4         2   -0.97553578857075462505E+00
        19         4         3   -0.56798557143113415080E+00
        19         4         4   -0.69586194777498699970E+00
        19         4         5   -0.73065586088009060184E+00
        19         5         2   -0.61607931323775538823E-01
        19         5         3   -0.13215997227786283053E+00
        19         5         4   -0.51493762099561385392E-01
        19         5         5   -0.54429897073672760255E-01
        20         2         2   -0.18116267983301101441E+00
        20         2         3   -0.15328327161932248091E+00
        20         2         4   -0.80677614717055964877E-01
        20         2         5   -0.20172590004774793027E+00
        20         3         2   -0.82453266678225367592E+00
        20         3         3   -0.69793212365729417890E+00
        20         3         4   -0.62586894914931412437E+00
        20         3         5   -0.95340112114719310910E+00
        20         4         2   -0.58626673075818613867E+00
        20         4         3   -0.84097545237769788518E+00
        20         4         4   -0.47512268958499787042E+00
        20         4         5   -0.69627759232007779833E+00
        20         5         2   -0.60622036378197567685E-01
        20         5         3   -0.11648033091148390916E+00
        20         5         4   -0.26316868417159321181E-01
        20         5         5   -0.55829152092562776832E-01
        21         2         2   -0.38076758897166124163E+00
        21         2         3   -0.16208856400425955546E+00
        21         2         4   -0.10696100547861293883E+00
        21         2         5   -0.82231692734350894658E-01
        21         3         2   -0.12735902690736375931E+01
        21         3         3   -0.10176705901449640823E+01
        21         3         4   -0.11997409026954535261E+01
        21         3         5   -0.10391428046601596247E+01
        21         4         2   -0.95535235595129641695E+00
        21         4         3   -0.78829391497134582156E+00
        21         4         4   -0.82895913062958204165E+00
        21         4         5   -0.10642170174259457660E+01
        21         5         2   -0.11978818288913108125E+00
        21         5         3   -0.83249408304824995541E-01
        21         5         4   -0.16186329415807448884E+00
        21         5         5   -0.13185231849819514793E+00
        22         2         2   -0.98196302661284859403E-01
        22         2         3   -0.10775993791608695638E+00
        22         2         4   -0.70205501360949829071E-01
        22         2         5   -0.38193348901939982998E-01
        22         3         2   -0.85890495165551716816E+00
        22         3         3   -0.88459561238362538482E+00
        22         3         4   -0.11470313293837657298E+01
        22         3         5   -0.79642741629705648965E+00
        22         4         2   -0.12731549189957320767E+01
        22         4         3   -0.87167686651332354497E+00
        22         4         4   -0.11998683388721917975E+01
        22         4         5   -0.14116148667076335865E+01
        22         5         2   -0.16684218841481746054E+00
        22         5         3   -0.75522600965829772557E-01
        22         5         4   -0.23540311320815179852E+00
        22         5         5   -0.29591784325262843192E+00
        23         2         2   -0.16191322983185962858E+00
        23         2         3   -0.32850362563748819467E+00
        23         2         4   -0.50342537524951415373E-01
        23         2         5   -0.43173706438449491185E-01
        23         3         2   -0.94111094506559833661E+00
        23         3         3   -0.15393476514057526927E+01
        23         3         4   -0.75058922016698381707E+00
        23         3         5   -0.79388093305409290767E+00
        23         4         2   -0.39601690319727628209E+00
        23         4         3   -0.10340025307408635680E+01
        23         4         4   -0.12012738892437695437E+01
        23         4         5   -0.10778738224402895085E+01
        23         5         2   -0.25270220383567965072E-01
        23         5         3   -0.97968965633584370600E-01
        23         5         4   -0.15117411020050447457E+00
        23         5         5   -0.18896857881084697106E+00
        24         2         2   -0.17286870464893092092E+00
        24         2         3   -0.16855997902911615260E+00
        24         2         4   -0.73617330176954320908E-01
        24         2         5   -0.14103851338569933782E+00
        24         3         2   -0.89901710678335056137E+00
        24         3         3   -0.87538286060215486639E+00
        24         3         4   -0.46927263005961633580E+00
        24         3         5   -0.40125052318652437711E+00
        24         4         2   -0.40443111285570626512E+00
        24         4         3   -0.52416914348811083357E+00
        24         4         4   -0.12451286071520151211E+01
        24         4         5   -0.88131867076178005416E+00
        24         5         2   -0.17794362165855739932E-01
        24         5         3   -0.15374808737850374774E-01
        24         5         4   -0.16181009190497350203E+00
        24         5         5   -0.17614059250066224638E+00
        25         2         2   -0.55949648165081682094E-01
        25         2         3   -0.55440764538949291462E-01
        25         2         4   -0.15943769447334665834E+00
        25         2         5   -0.10784462133826894226E+00
        25         3         2   -0.60929463506811687434E+00
        25         3         3   -0.57732952849121854655E+00
        25         3         4   -0.10408500863104648282E+01
        25         3         5   -0.62781578946445337763E+00
        25         4         2   -0.91272051422710231972E+00
        25         4         3   -0.98670168325453566638E+00
        25         4         4   -0.95555660826887867110E+00
        25         4         5   -0.63163837598961181108E+00
        25         5         2   -0.93044400523914216894E-01
        25         5         3   -0.78207822870516321978E-01
        25         5         4   -0.65464078977298584272E-01
        25         5         5   -0.67013424102926391623E-01
        26         2         2   -0.21667720451556730932E-01
        26         2         3   -0.10194919184795780964E+00
        26         2         4   -0.10868953761126962099E+00
        26         2         5   -0.93243704691763726333E-01
        26         3         2   -0.60676101490558942420E+00
        26         3         3   -0.75683797558550602869E+00
        26         3         4   -0.81680093422523558644E+00
        26         3         5   -0.51959518901928791745E+00
        26         4         2   -0.47709538493383674140E+00
        26         4         3   -0.10943637767218825640E+01
        26         4         4   -0.96525889212219662117E+00
        26         4         5   -0.47268304351687068232E+00
        26         5         2   -0.85174824846574972992E-01
        26         5         3   -0.14208361113128842312E+00
        26         5         4   -0.18634246578932134319E+00
        26         5         5   -0.67228677653852333962E-01
        27         2         2   -0.13155848348001755732E+00
        27         2         3   -0.28261261281273963863E+00
        27         2         4   -0.13717299729429494048E+00
        27         2         5   -0.11743106563060071168E+00
        27         3         2   -0.95860698135124478014E+00
        27         3         3   -0.98381630219700788587E+00
        27         3         4   -0.12615607517354181510E+01
        27         3         5   -0.45701051561410499513E+00
        27         4         2   -0.66974205523832919251E+00
        27         4         3   -0.11904209788443955720E+01
        27         4         4   -0.11417382387983279202E+01
        27         4         5   -0.27091395873970397501E+00
        27         5         2   -0.43246087378379920174E-01
        27         5         3   -0.20617751360901606650E+00
        27         5         4   -0.96319129705369641026E-01
        27         5         5   -0.16950636074767065631E-01
        28         2         2   -0.61806180529158608050E-01
        28         2         3   -0.89656476328558776245E-01
        28         2         4   -0.12785106733776435695E+00
        28         2         5   -0.69090427022943448621E-01
        28         3         2   -0.61669269470442111825E+00
        28         3         3   -0.10042236140664173583E+01
        28         3         4   -0.11229908766125833441E+01
        28         3         5   -0.54817793788560265078E+00
        28         4         2   -0.82992443641729662929E+00
        28         4         3   -0.87016197926153737718E+00
        28         4         4   -0.86830236274016181497E+00
        28         4         5   -0.59948712038260942858E+00
        28         5         2   -0.15517759413726439632E+00
        28         5         3   -0.16164575717442059011E+00
        28         5         4   -0.87568370967314665410E-01
        28         5         5   -0.39611795744858173396E-01
        29         2         2   -0.15721894348028439548E+00
        29         2         3   -0.14979752763710629804E+00
        29         2         4   -0.16859811347070233212E+00
        29         2         5   -0.42281195977225800864E-01
        29         3         2   -0.10248526010430549782E+01
        29         3         3   -0.10686201573953970634E+01
        29         3         4   -0.80220342152035650773E+00
        29         3         5   -0.51279409246356677521E+00
        29         4         2   -0.80494514977767883668E+00
        29         4         3   -0.59615173909098162497E+00
        29         4         4   -0.92425439298262290766E+00
        29         4         5   -0.70369001296350297547E+00
        29         5         2   -0.31582466240266809931E-01
        29         5         3   -0.49569363990233573924E-01
        29         5         4   -0.13412958196465407656E+00
        29         5         5   -0.12569063718789724726E+00
        30         2         2   -0.17475383265764307672E+00
        30         2         3   -0.34730092295729549090E-01
        30         2         4   -0.10166508512839117495E+00
        30         2         5   -0.11358190475223410576E+00
        30         3         2   -0.76347417486369884010E+00
        30         3         3   -0.10664580897600861586E+01
        30         3         4   -0.80650193126046809677E+00
        30         3         5   -0.94098006946940371265E+00
        30         4         2   -0.53390834587019364577E+00
        30         4         3   -0.78822113839411467318E+00
        30         4         4   -0.10815872641374191243E+01
        30         4         5   -0.75686656086963022272E+00
        30         5         2   -0.35500363652595026687E-01
        30         5         3   -0.75283391527213347483E-01
        30         5         4   -0.13207287791283581213E+00
        30         5         5   -0.10039010399445776056E+00
        31         2         2   -0.79009684659308992982E-01
        31         2         3   -0.43517474165043243395E-01
        31         2         4   -0.66065763777845940008E-01
        31         2         5   -0.50259241542412326498E-01
        31         3         2   -0.47085693556458863007E+00
        31         3         3   -0.83848679139693016449E+00
        31         3         4   -0.68646623177357879442E+00
        31         3         5   -0.41268121719200756559E+00
        31         4         2   -0.73705137887523552997E+00
        31         4         3   -0.76680723899230984753E+00
        31         4         4   -0.95216054013150130952E+00
        31         4         5   -0.88389618654131318909E+00
        31         5         2   -0.14375577547442858206E+00
        31         5         3   -0.14934025481387952494E+00
        31         5         4   -0.72893408289468081263E-01
        31         5         5   -0.11910719744383595209E+00
        32         2         2   -0.88459852296860666532E-01
        32         2         3   -0.17488605427238354539E+00
        32         2         4   -0.17656047720604958751E+00
        32         2         5   -0.13172764235704650937E+00
        32         3         2   -0.65781279515420909565E+00
        32         3         3   -0.94639509281981570865E+00
        32         3         4   -0.93133339655447033856E+00
        32         3         5   -0.61663373050990566426E+00
        32         4         2   -0.55673394469127346351E+00
        32         4         3   -0.50865901236523936024E+00
        32         4         4   -0.12429011882260834199E+01
        32         4         5   -0.86049682735109611631E+00
        32         5         2   -0.82526224739713702205E-01
        32         5         3   -0.86579653068572917651E-01
        32         5         4   -0.24467206167864566368E+00
        32         5         5   -0.16968472645709614666E+00
        33         2         2   -0.16582498855145061389E+00
        33         2         3   -0.98526310941939129751E-01
        33         2         4   -0.10092740763257167236E+00
        33         2         5   -0.55097723715696579616E-01
        33         3         2   -0.14681086273723431557E+01
        33         3         3   -0.10037673465583738519E+01
        33         3         4   -0.76016245436495433196E+00
        33         3         5   -0.60064653808010803893E+00
        33         4         2   -0.68496312888097565796E+00
        33         4         3   -0.11409958031776656906E+01
        33         4         4   -0.12116890359490573026E+01
        33         4         5   -0.10032615726710403248E+01
        33         5         2   -0.77793031823943620262E-01
        33         5         3   -0.11719436648994409345E+00
        33         5         4   -0.23835717586017665659E+00
        33         5         5   -0.26785614009410191327E+00
        34         2         2   -0.20400084841975452132E+00
        34         2         3   -0.81510383541154793341E-01
        34         2         4   -0.36561389364603041896E-01
        34         2         5   -0.19498195521498319638E-01
        34         3         2   -0.11911214922142960848E+01
        34         3         3   -0.61311516915329722366E+00
        34         3         4   -0.27852961492640665453E+00
        34         3         5   -0.58786290098778370972E+00
        34         4         2   -0.89098051189126847849E+00
        34         4         3   -0.11714765383902048246E+01
        34         4         4   -0.76394200429976899525E+00
        34         4         5   -0.65259875994019966861E+00
        34         5         2   -0.16681328751972943070E+00
        34         5         3   -0.16538247257228275156E+00
        34         5         4   -0.14181341269825153972E+00
        34         5         5   -0.14276547322785737570E+00
        35         2         2   -0.51008515429907468064E-01
        35         2         3   -0.13524018687910163705E+00
        35         2         4   -0.61708628802089243726E-01
        35         2         5   -0.15558365547571026410E+00
        35         3         2   -0.52977029671552577916E+00
        35         3         3   -0.50562343561329092800E+00
        35         3         4   -0.43604074650571322813E+00
        35         3         5   -0.69112960822839752950E+00
        35         4         2   -0.46825956735290047428E+00
        35         4         3   -0.58120355300649617636E+00
        35         4         4   -0.91516579590984359349E+00
        35         4         5   -0.89540207708623187344E+00
        35         5         2   -0.97626850022898281622E-01
        35         5         3   -0.15119931918118029168E+00
        35         5         4   -0.18999276821522043113E+00
        35         5         5   -0.20031663394178397808E+00
        36         2         2   -0.12878427523272126601E-01
        36         2         3   -0.71242479972078776029E-01
        36         2         4   -0.22700434217487890781E-01
        36         2         5   -0.91448081434670314138E-01
        36         3         2   -0.52436916876436756585E+00
        36         3         3   -0.64243759683549506168E+00
        36         3         4   -0.77310584411768279445E+00
        36         3         5   -0.88231560095759675733E+00
        36         4         2   -0.76900138905231940623E+00
        36         4         3   -0.74608324678445736566E+00
        36         4         4   -0.81887857663643681683E+00
        36         4         5   -0.75934906027380744131E+00
        36         5         2   -0.75437983789075652163E-01
        36         5         3   -0.10032311824636720721E+00
        36         5         4   -0.13076976634515316555E+00
        36         5         5   -0.14461774322691942074E+00
        37         2         2   -0.46354641526697382137E-01
        37         2         3   -0.10099626188114224634E+00
        37         2         4   -0.26942226315133852715E-01
        37         2         5   -0.31886967331955964888E-01
        37         3         2   -0.11818627914402772827E+01
        37         3         3   -0.96058721223888043905E+00
        37         3         4   -0.83141464316831270587E+00
        37         3         5   -0.87946896050193279493E+00
        37         4         2   -0.86382378319751496054E+00
        37         4         3   -0.62964813799727414878E+00
        37         4         4   -0.11508935512988314187E+01
        37         4         5   -0.97166848372659819777E+00
        37         5         2   -0.42001626114806407675E-01
        37         5         3   -0.96482853391041567548E-01
        37         5         4   -0.19437306953407704202E+00
        37         5         5   -0.13292704687388642859E+00
        38         2         2   -0.77131899617923577184E-01
        38         2         3   -0.27371604929612738250E-01
        38         2         4   -0.10448381575695074586E+00
        38         2         5   -0.91954508620087929693E-01
        38         3         2   -0.82753071267777766895E+00
        38         3         3   -0.58985700924172645987E+00
        38         3         4   -0.76754518673149474406E+00
        38         3         5   -0.95396509275412688655E+00
        38         4         2   -0.73968407838611327509E+00
        38         4         3   -0.63868400088112742274E+00
        38         4         4   -0.12249290456720491882E+01
        38         4         5   -0.55744341566998656390E+00
        38         5         2   -0.74044408259872643296E-01
        38         5         3   -0.63590508364100115091E-01
        38         5         4   -0.14540784710413329206E+00
        38         5         5   -0.67845662663823552707E-01
        39         2         2   -0.20362108296583483757E-01
        39         2         3   -0.76674885894893379801E-01
        39         2         4   -0.91001367111957665035E-01
        39         2         5   -0.10918042497805720281E+00
        39         3         2   -0.60873894745049106358E+00
        39         3         3   -0.71447333849651639692E+00
        39         3         4   -0.11081242812118206054E+01
        39         3         5   -0.66476480639216395385E+00
        39         4         2   -0.81558921551398699812E+00
        39         4         3   -0.98398565114912750484E+00
        39         4         4   -0.11835682184984266385E+01
        39         4         5   -0.86969442820641362779E+00
        39         5         2   -0.86566361181967796390E-01
        39         5         3   -0.14566422044549987014E+00
        39         5         4   -0.17603137843230057258E+00
        39         5         5   -0.19070387050150150454E+00
        40         2         2   -0.64812184316486026736E-01
        40         2         3   -0.98712257500633990293E-01
        40         2         4   -0.14748672868714507445E+00
        40         2         5   -0.30600759424006607201E+00
        40         3         2   -0.90600614527604028670E+00
        40         3         3   -0.14830848849057574057E+01
        40         3         4   -0.10059404863984313661E+01
        40         3         5   -0.95884036624056467879E+00
        40         4         2   -0.85618884510333825855E+00
        40         4         3   -0.12132670192250460950E+01
        40         4         4   -0.95521193049667385555E+00
        40         4         5   -0.68474993654482141370E+00
        40         5         2   -0.80726453326922839593E-01
        40         5         3   -0.79821577536680982101E-01
        40         5         4   -0.14619989158545271257E+00
        40         5         5   -0.52150428888252609028E-01
        41         2         2   -0.41906183278056216568E-01
        41         2         3   -0.47630144042583082153E-01
        41         2         4   -0.14359028701613288370E+00
        41         2         5   -0.13102576657785128256E+00
        41         3         2   -0.64963520884651593246E+00
        41         3         3   -0.10072392107625314228E+01
        41         3         4   -0.10561619797485410910E+01
        41         3         5   -0.88040105002812529822E+00
        41         4         2   -0.62687860055837607565E+00
        41         4         3   -0.94326395572466803507E+00
        41         4         4   -0.11299999285254671566E+01
        41         4         5   -0.10403167262279668925E+01
        41         5         2   -0.51671315774570743262E-01
        41         5         3   -0.35481754360765206668E-01
        41         5         4   -0.10025663468511465670E+00
        41         5         5   -0.88346885605365327310E-01
        42         2         2   -0.24843645938815586693E+00
        42         2         3   -0.19197309190258898814E+00
        42         2         4   -0.12857205169261298749E+00
        42         2         5   -0.40508444326233572497E-01
        42         3         2   -0.90234521649201304694E+00
        42         3         3   -0.90306948808673548346E+00
        42         3         4   -0.81682157423847534528E+00
        42         3         5   -0.73575084583730665511E+00
        42         4         2   -0.39762155847171304357E+00
        42         4         3   -0.68730993143573060333E+00
        42         4         4   -0.11058936142474997677E+01
        42         4         5   -0.75406837758561195972E+00
        42         5         2   -0.81587576659681651514E-01
        42         5         3   -0.18619679985260345623E-01
        42         5         4   -0.22021605422174886368E+00
        42         5         5   -0.12230728892112632811E+00
        43         2         2   -0.17529291421094830850E+00
        43         2         3   -0.18331827495897770608E+00
        43         2         4   -0.12973272192336807174E+00
        43         2         5   -0.95280792501685890317E-01
        43         3         2   -0.86178693845966702902E+00
        43         3         3   -0.10242528035975468903E+01
        43         3         4   -0.96589008899746764403E+00
        43         3         5   -0.72837072652074330570E+00
        43         4         2   -0.95237604674312559272E+00
        43         4         3   -0.91150966767278573943E+00
        43         4         4   -0.83007507014866699357E+00
        43         4         5   -0.91099411615626202376E+00
        43         5         2   -0.18192433776135627510E+00
        43         5         3   -0.11300326565708818105E+00
        43         5         4   -0.75821605564489719109E-01
        43         5         5   -0.98505150036158520277E-01
        44         2         2   -0.12153300822584840735E+00
        44         2         3   -0.10804373132459618723E+00
        44         2         4   -0.12151731976838114901E+00
        44         2         5   -0.20792072362910649086E+00
        44         3         2   -0.51019093538495363660E+00
        44         3         3   -0.10082828381632755743E+01
        44         3         4   -0.90069085873029830491E+00
        44         3         5   -0.95455159846876924679E+00
        44         4         2   -0.71697705681363499419E+00
        44         4         3   -0.14142424051106634586E+01
        44         4         4   -0.58656192754035385573E+00
        44         4         5   -0.61969321821486278434E+00
        44         5         2   -0.16496487760370825981E+00
        44         5         3   -0.11985662123955202751E+00
        44         5         4   -0.53121423360921501966E-01
        44         5         5   -0.16435047818421949506E+00
        45         2         2   -0.79977440899953872178E-01
        45         2         3   -0.10191296528848801939E+00
        45         2         4   -0.32688166891859202212E-01
        45         2         5   -0.67379043623651380113E-01
        45         3         2   -0.73317678168462596666E+00
        45         3         3   -0.81238175778313015396E+00
        45         3         4   -0.49241863445474037819E+00
        45         3         5   -0.48414402448324606043E+00
        45         4         2   -0.47586841596122531062E+00
        45         4         3   -0.10255711646914136281E+01
        45         4         4   -0.56812905100685107129E+00
        45         4         5   -0.73442961509200244130E+00
        45         5         2   -0.82789825274281164669E-01
        45         5         3   -0.55804385623329233468E-01
        45         5         4   -0.11528787198502681716E-01
        45         5         5   -0.11938715142207312336E+00
        46         2         2   -0.20303766744480300499E+00
        46         2         3   -0.83165125672578069094E-01
        46         2         4   -0.12523169668315922709E+00
        46         2         5   -0.85847512717403401394E-01
        46         3         2   -0.63038794003189391191E+00
        46         3         3   -0.63959440795879807240E+00
        46         3         4   -0.61909412267718744172E+00
        46         3         5   -0.44985048960869994383E+00
        46         4         2   -0.54486647724123749015E+00
        46         4         3   -0.80723025092616496057E+00
        46         4         4   -0.92744935136603179338E+00
        46         4         5   -0.66263712651963924127E+00
        46         5         2   -0.73765924886897968338E-01
        46         5         3   -0.15451244413971462754E+00
        46         5         4   -0.14402729108602244090E+00
        46         5         5   -0.15386883810608165124E+00
        47         2         2   -0.21290325072269164486E+00
        47         2         3   -0.48297889267964078108E-01
        47         2         4   -0.10123534784945761866E+00
        47         2         5   -0.61239343227042268569E-01
        47         3         2   -0.13419107921376225434E+01
        47         3         3   -0.89065953079394932779E+00
        47         3         4   -0.67015038954520911307E+00
        47         3         5   -0.59216591755676295517E+00
        47         4         2   -0.83438319132650196064E+00
        47         4         3   -0.11277377338967720100E+01
        47         4         4   -0.41706324148793139095E+00
        47         4         5   -0.36190401734385757582E+00
        47         5         2   -0.61209042440582797640E-01
        47         5         3   -0.20184875893846071504E+00
        47         5         4   -0.11046732856271168632E+00
        47         5         5   -0.50719866523779341683E-01
        48         2         2   -0.24063416412752547391E+00
        48         2         3   -0.10778612848651893119E+00
        48         2         4   -0.23894693846329848053E+00
        48         2         5   -0.90209584502692979902E-01
        48         3         2   -0.12348337672410938382E+01
        48         3         3   -0.64008051090510620362E+00
        48         3         4   -0.92948346575825069316E+00
        48         3         5   -0.76115910718131518653E+00
        48         4         2   -0.88714913168511444486E+00
        48         4         3   -0.64323144262060871768E+00
        48         4         4   -0.51160688522955943824E+00
        48         4         5   -0.98569360103426717501E+00
        48         5         2   -0.95520824431094386586E-01
        48         5         3   -0.11917494819008424278E+00
        48         5         4   -0.95165890998926375155E-01
        48         5         5   -0.17772712098504878098E+00
        49         2         2   -0.12723373514621313940E+00
        49         2         3   -0.55175809210864582011E-01
        49         2         4   -0.14026755955961334177E+00
        49         2         5   -0.61209993234587194155E-01
        49         3         2   -0.89775540696352695846E+00
        49         3         3   -0.75065601359383749003E+00
        49         3         4   -0.64765301380610496018E+00
        49         3         5   -0.69177913329004059317E+00
        49         4         2   -0.10800773806092223150E+01
        49         4         3   -0.11210493267610461832E+01
        49         4         4   -0.87518073647495886469E+00
        49         4         5   -0.11218979804381390419E+01
        49         5         2   -0.80720332274169623310E-01
        49         5         3   -0.11780553908630719828E+00
        49         5         4   -0.13502682907447965954E+00
        49         5         5   -0.19559728504246676195E+00
        50         2         2   -0.73402915592569312198E-01
        50         2         3   -0.15748919041838266297E+00
        50         2         4   -0.13145220848031369254E+00
        50         2         5   -0.14805931398387865705E-01
        50         3         2   -0.85544314604654858591E+00
        50         3         3   -0.12445397964699838056E+01
        50         3         4   -0.79460471852320146979E+00
        50         3         5   -0.57407050673334369950E+00
        50         4         2   -0.68283199172326025650E+00
        50         4         3   -0.72342289474219989565E+00
        50         4         4   -0.48044806036700921092E+00
        50         4         5   -0.60949266722998851620E+00
        50         5         2   -0.24387230838585509385E-01
        50         5         3   -0.18060093340489337399E-01
        50         5         4   -0.33707854265843543995E-01
        50         5         5   -0.16715421175194578041E+00
        51         2         2   -0.43422749376845974634E-01
        51         2         3   -0.11518940766325060088E+00
        51         2         4   -0.17815394735526488001E+00
        51         2         5   -0.70326029110276994105E-01
        51         3         2   -0.53822375797942312303E+00
        51         3         3   -0.10109267926520186798E+01
        51         3         4   -0.11598959986771426589E+01
        51         3         5   -0.63020293565985185946E+00
        51         4         2   -0.58125062536226668186E+00
        51         4         3   -0.74386342927987580964E+00
        51         4         4   -0.66480569779308040790E+00
        51         4         5   -0.77783890496858487662E+00
        51         5         2   -0.64498742192347649493E-01
        51         5         3   -0.74124568516230629478E-01
        51         5         4   -0.14768371654897863299E+00
        51         5         5   -0.26739312173401863504E+00
        52         2         2   -0.75076637706766993774E-01
        52         2         3   -0.16544073865425265590E+00
        52         2         4   -0.16854335906774378651E+00
        52         2         5   -0.16409100814078217412E+00
        52         3         2   -0.81332404557380888477E+00
        52         3         3   -0.10431465992604258552E+01
        52         3         4   -0.87705898539761473209E+00
        52         3         5   -0.89065649694802107028E+00
        52         4         2   -0.56690188055686097091E+00
        52         4         3   -0.88972845865744965010E+00
        52         4         4   -0.75650285951355500380E+00
        52         4         5   -0.78821152710140451880E+00
        52         5         2   -0.12960061431606201277E+00
        52         5         3   -0.50834413217363219606E-01
        52         5         4   -0.10741973576727892326E+00
        52         5         5   -0.23024746758321046336E+00
        53         2         2   -0.82346231405357975253E-01
        53         2         3   -0.22231816486161432023E+00
        53         2         4   -0.19229537832335533154E+00
        53         2         5   -0.84540261415912990040E-01
        53         3         2   -0.75250914575221916625E+00
        53         3         3   -0.10822413021844552450E+01
        53         3         4   -0.73162197171785692262E+00
        53         3         5   -0.63283027241041978073E+00
        53         4         2   -0.85152866849189723375E+00
        53         4         3   -0.86791579085655889969E+00
        53         4         4   -0.60040857175448592020E+00
        53         4         5   -0.41399485680395364806E+00
        53         5         2   -0.14178497630203279467E+00
        53         5         3   -0.12731696645697340720E+00
        53         5         4   -0.29663109214715446815E-01
        53         5         5   -0.10741148022811694562E+00
        54         2         2   -0.29493671586060969669E-01
        54         2         3   -0.77227860014847340975E-01
        54         2         4   -0.70760001920807794051E-01
        54         2         5   -0.66427253903704783222E-01
        54         3         2   -0.50098112884527623567E+00
        54         3         3   -0.75613942146379842235E+00
        54         3         4   -0.12918224424256634641E+01
        54         3         5   -0.60608354797582586482E+00
        54         4         2   -0.67786640105182782712E+00
        54         4         3   -0.58693295708555615064E+00
        54         4         4   -0.79782814029147464119E+00
        54         4         5   -0.50544119178698865280E+00
        54         5         2   -0.75377687736928294937E-01
        54         5         3   -0.55608106262078765836E-01
        54         5         4   -0.17446930991672074396E+00
        54         5         5   -0.12201456774230892699E+00
        55         2         2   -0.67330330366068988357E-01
        55         2         3   -0.82510251805891388077E-01
        55         2         4   -0.10305742344268606359E+00
        55         2         5   -0.17065749387417680771E+00
        55         3         2   -0.56273282249937650601E+00
        55         3         3   -0.62491608891809424797E+00
        55         3         4   -0.79325121161198053343E+00
        55         3         5   -0.99041536232893001568E+00
        55         4         2   -0.10222939251451683695E+01
        55         4         3   -0.92262544682124303375E+00
        55         4         4   -0.94792228299726721819E+00
        55         4         5   -0.71385878727049356662E+00
        55         5         2   -0.21034637739315795169E+00
        55         5         3   -0.12784876282694487837E+00
        55         5         4   -0.22690278012254341822E+00
        55         5         5   -0.87108915712661466602E-01
        56         2         2   -0.12539292436890500659E+00
        56         2         3   -0.56766339431578320684E-01
        56         2         4   -0.12823977909209022252E+00
        56         2         5   -0.13386715256821979381E+00
        56         3         2   -0.58084568820169013570E+00
        56         3         3   -0.42535609090910958541E+00
        56         3         4   -0.73844129688274517953E+00
        56         3         5   -0.78993663102393052444E+00
        56         4         2   -0.69918712264488658281E+00
        56         4         3   -0.71259377494969156075E+00
        56         4         4   -0.10494847142614769364E+01
        56         4         5   -0.93723459450618185063E+00
        56         5         2   -0.22483545242486274729E+00
        56         5         3   -0.95659517230512011721E-01
        56         5         4   -0.28788324991936536934E+00
        56         5         5   -0.23599735639212401916E+00
        57         2         2   -0.56352394191744606400E-01
        57         2         3   -0.69240109554321693786E-01
        57         2         4   -0.11344331699560347704E+00
        57         2         5   -0.31065394040986260560E+00
        57         3         2   -0.69292765992270077824E+00
        57         3         3   -0.51621543287064164396E+00
        57         3         4   -0.48839430277435535999E+00
        57         3         5   -0.12116431072749753728E+01
        57         4         2   -0.66695623177206320165E+00
        57         4         3   -0.94785045066845807771E+00
        57         4         4   -0.51980836851788669861E+00
        57         4         5   -0.58336664304491880895E+00
        57         5         2   -0.39061696552224495216E-01
        57         5         3   -0.72081031843996321018E-01
        57         5         4   -0.66742246580646383269E-01
        57         5         5   -0.29611352868373245345E-01
        58         2         2   -0.10965547934103693495E+00
        58         2         3   -0.10906907803481077912E+00
        58         2         4   -0.13047671667218846414E+00
        58         2         5   -0.15555744595161560828E+00
        58         3         2   -0.75254300894955827861E+00
        58         3         3   -0.59740776597928935132E+00
        58         3         4   -0.68244012717022695114E+00
        58         3         5   -0.12878936492657819812E+01
        58         4         2   -0.65058205253436141025E+00
        58         4         3   -0.79190108466588826630E+00
        58         4         4   -0.55765455085813608882E+00
        58         4         5   -0.40040767994185899603E+00
        58         5         2   -0.30621493680069621773E-01
        58         5         3   -0.15110209366786067631E+00
        58         5         4   -0.84244046320846144305E-01
        58         5         5   -0.16825759333894192704E-01
        59         2         2   -0.44411418040501596249E-01
        59         2         3   -0.31857213445020376996E-01
        59         2         4   -0.16701898661333827723E+00
        59         2         5   -0.60170676675763798413E-01
        59         3         2   -0.42067856884575549614E+00
        59         3         3   -0.52188070591326685133E+00
        59         3         4   -0.86575741368095215922E+00
        59         3         5   -0.85310662276186499664E+00
        59         4         2   -0.49306141991393492852E+00
        59         4         3   -0.67073672288844610190E+00
        59         4         4   -0.51220013585426338310E+00
        59         4         5   -0.45588637666496012457E+00
        59         5         2   -0.11288070884148421191E+00
        59         5         3   -0.56522145770329559888E-01
        59         5         4   -0.12160835683948401087E+00
        59         5         5   -0.47749422700084906412E-01
        60         2         2   -0.55447934444966283374E-01
        60         2         3   -0.12213690285891930232E+00
        60         2         4   -0.20976795935141284710E+00
        60         2         5   -0.22548598219382279262E+00
        60         3         2   -0.45025632042956809098E+00
        60         3         3   -0.69313071251522373473E+00
        60         3         4   -0.12975749575778474654E+01
        60         3         5   -0.99167125790024301946E+00
        60         4         2   -0.76392594736024677093E+00
        60         4         3   -0.42898385383633996781E+00
        60         4         4   -0.11323223664966675095E+01
        60         4         5   -0.82883930912652836742E+00
        60         5         2   -0.11039796203043776568E+00
        60         5         3   -0.15433298838917563697E-01
        60         5         4   -0.11943688399649698972E+00
        60         5         5   -0.49585919014427048968E-01
        61         2         2   -0.13264297933577046118E+00
        61         2         3   -0.13683629696740121084E+00
        61         2         4   -0.60727851240960528667E-01
        61         2         5   -0.12034024989077420076E+00
        61         3         2   -0.72492957330386498249E+00
        61         3         3   -0.85846957383387578755E+00
        61         3         4   -0.72361212812315245380E+00
        61         3         5   -0.83014796403071478004E+00
        61         4         2   -0.37143381748546694388E+00
        61         4         3   -0.56933437994726665554E+00
        61         4         4   -0.11190180892279713021E+01
        61         4         5   -0.65901872822719242961E+00
        61         5         2   -0.14811070974545261295E-01
        61         5         3   -0.98714393501217120863E-02
        61         5         4   -0.15526855556544200132E+00
        61         5         5   -0.63889022654256943934E-01
        62         2         2   -0.76316465950403741814E-01
        62         2         3   -0.69918279516051229372E-01
        62         2         4   -0.95762296568368585059E-01
        62         2         5   -0.19908734090991125898E+00
        62         3         2   -0.78751210167615914859E+00
        62         3         3   -0.78497052322522709034E+00
        62         3         4   -0.58039441594473129005E+00
        62         3         5   -0.12108422219170145162E+01
        62         4         2   -0.48650883859907534390E+00
        62         4         3   -0.77326698842985897020E+00
        62         4         4   -0.68575902113529096926E+00
        62         4         5   -0.81837446864326068852E+00
        62         5         2   -0.64593137420278792793E-01
        62         5         3   -0.16333101602908189909E+00
        62         5         4   -0.15400804367440554254E+00
        62         5         5   -0.15358235618835780478E+00
        63         2         2   -0.11784329768594384302E+00
        63         2         3   -0.67764828842391516828E-01
        63         2         4   -0.20783417537731879721E+00
        63         2         5   -0.20194703375515737909E+00
        63         3         2   -0.10100907591645913453E+01
        63         3         3   -0.80101965324750301622E+00
        63         3         4   -0.91696706640978264957E+00
        63         3         5   -0.10330585127573925774E+01
        63         4         2   -0.78457254754716787559E+00
        63         4         3   -0.53744848774158215932E+00
        63         4         4   -0.68640523486629123617E+00
        63         4         5   -0.61348781121356776858E+00
        63         5         2   -0.10400116677648377217E+00
        63         5         3   -0.75274112822569516634E-01
        63         5         4   -0.94315372289386759097E-01
        63         5         5   -0.10211551713194547131E+00
        64         2         2   -0.38163884830786379276E-01
        64         2         3   -0.11762265081516383100E-01
        64         2         4   -0.83145125219780569026E-01
        64         2         5   -0.13413967216614375300E+00
        64         3         2   -0.70697404380293826787E+00
        64         3         3   -0.65299835766337288590E+00
        64         3         4   -0.94764644586744184451E+00
        64         3         5   -0.80032713366741958794E+00
        64         4         2   -0.87338428030132075897E+00
        64         4         3   -0.68810986659716688596E+00
        64         4         4   -0.65502244862949576820E+00
        64         4         5   -0.49714464847580869256E+00
        64         5         2   -0.13873672996497646293E+00
        64         5         3   -0.82220088667387641879E-01
        64         5         4   -0.85076974886662312669E-01
        64         5         5   -0.74947967763923956097E-01
        65         2         2   -0.12154547541471899530E+00
        65         2         3   -0.24905590207134984532E-01
        65         2         4   -0.86921721397783979768E-01
        65         2         5   -0.10188624047009552098E+00
        65         3         2   -0.89648170842699714811E+00
        65         3         3   -0.85159668830940082884E+00
        65         3         4   -0.69391384901656660844E+00
        65         3         5   -0.80349051532681725618E+00
        65         4         2   -0.83083358807914253763E+00
        65         4         3   -0.86447545120974811361E+00
        65         4         4   -0.61458411601847595662E+00
        65         4         5   -0.66257291084500513634E+00
        65         5         2   -0.54834994051562738204E-01
        65         5         3   -0.12351822200303133603E+00
        65         5         4   -0.12966243812117159151E+00
        65         5         5   -0.94854758343176998059E-01
        66         2         2   -0.27253640065013468030E+00
        66         2         3   -0.13143716584367554079E+00
        66         2         4   -0.97936230752140140954E-01
        66         2         5   -0.52631399263379022302E-01
        66         3         2   -0.12080252779386178030E+01
        66         3         3   -0.72527929618119268973E+00
        66         3         4   -0.85856762074458004008E+00
        66         3         5   -0.83713102109376491544E+00
        66         4         2   -0.65028395073726341646E+00
        66         4         3   -0.11446941884653758503E+01
        66         4         4   -0.85230695086337437960E+00
        66         4         5   -0.88917561816174628397E+00
        66         5         2   -0.26008396548692171157E-01
        66         5         3   -0.29838277227558263061E+00
        66         5         4   -0.19567066157308207752E+00
        66         5         5   -0.80180430698270035994E-01
        67         2         2   -0.15798097567829147425E+00
        67         2         3   -0.19454427857741402041E+00
        67         2         4   -0.13503513491415639058E+00
        67         2         5   -0.27155434175549501147E-01
        67         3         2   -0.87965547199487226226E+00
        67         3         3   -0.96813602703003820427E+00
        67         3         4   -0.62425185352842016417E+00
        67         3         5   -0.38441601021939447724E+00
        67         4         2   -0.45846286026884575104E+00
        67         4         3   -0.95242190853000363582E+00
        67         4         4   -0.91967136621855927192E+00
        67         4         5   -0.78812018548224871406E+00
        67         5         2   -0.42414915169474085022E-01
        67         5         3   -0.18000293029574349069E+00
        67         5         4   -0.10113013421246690171E+00
        67         5         5   -0.10613958700514480871E+00
        68         2         2   -0.12529749795287509206E+00
        68         2         3   -0.10871268437645970062E+00
        68         2         4   -0.10194986350602844305E+00
        68         2         5   -0.36394835234078791453E-01
        68         3         2   -0.76898576643682914344E+00
        68         3         3   -0.13817671417645636112E+01
        68         3         4   -0.91335480127765589220E+00
        68         3         5   -0.61455454558783439989E+00
        68         4         2   -0.76378568578991434812E+00
        68         4         3   -0.14186578680641828143E+01
        68         4         4   -0.10879580758280376074E+01
        68         4         5   -0.96053546903016218117E+00
        68         5         2   -0.33770407499631421855E-01
        68         5         3   -0.19472322534370437030E+00
        68         5         4   -0.12427074024890895354E+00
        68         5         5   -0.10052468044818414772E+00
        69         2         2   -0.70696941624981260444E-01
        69         2         3   -0.15407482680499015593E+00
        69         2         4   -0.96257535803567037536E-01
        69         2         5   -0.11417044328649042506E+00
        69         3         2   -0.53297681930727525135E+00
        69         3         3   -0.10565705115543024828E+01
        69         3         4   -0.11853569851864089735E+01
        69         3         5   -0.80751364008972503772E+00
        69         4         2   -0.34803009261748674152E+00
        69         4         3   -0.93237058925411475663E+00
        69         4         4   -0.13708195314626736572E+01
        69         4         5   -0.64901574552883012359E+00
        69         5         2   -0.61312272615379581620E-01
        69         5         3   -0.21200572982630300212E+00
        69         5         4   -0.17401059261391438326E+00
        69         5         5   -0.92152001397498697899E-01
        70         2         2   -0.90821216706829535625E-01
        70         2         3   -0.13474163673827471710E+00
        70         2         4   -0.10052019917716117914E+00
        70         2         5   -0.60321374587458821692E-01
        70         3         2   -0.81505373751835608065E+00
        70         3         3   -0.10712145533657031482E+01
        70         3         4   -0.99751107785914483461E+00
        70         3         5   -0.72123956284174228770E+00
        70         4         2   -0.75288731090781768618E+00
        70         4         3   -0.10324584473293900722E+01
        70         4         4   -0.14103559205323255021E+01
        70         4         5   -0.74092890905500530252E+00
        70         5         2   -0.11097050067929843664E+00
        70         5         3   -0.24351564187166407915E+00
        70         5         4   -0.16359235373257627333E+00
        70         5         5   -0.95219513957922871650E-01
        71         2         2   -0.52013557889604392082E-01
        71         2         3   -0.12086142920327359873E+00
        71         2         4   -0.64588911987923616764E-01
        71         2         5   -0.56377543697300316894E-01
        71         3         2   -0.87469570588664435906E+00
        71         3         3   -0.11996078061421320271E+01
        71         3         4   -0.89718439716238762571E+00
        71         3         5   -0.81115656697799198849E+00
        71         4         2   -0.12132464816587045231E+01
        71         4         3   -0.81006101806917452102E+00
        71         4         4   -0.13950195549042341270E+01
        71         4         5   -0.12002336939489519629E+01
        71         5         2   -0.19160010844313518641E+00
        71         5         3   -0.13314978754730849575E+00
        71         5         4   -0.31075736601341780174E+00
        71         5         5   -0.27024107280526893371E+00
        72         2         2   -0.78189807725707383135E-01
        72         2         3   -0.21344310830532664536E+00
        72         2         4   -0.10170356878431970060E+00
        72         2         5   -0.68231754748382750231E-01
        72         3         2   -0.58794926690237381273E+00
        72         3         3   -0.12012413425708017289E+01
        72         3         4   -0.10271328992759469756E+01
        72         3         5   -0.57260859663598462355E+00
        72         4         2   -0.34763413364221090740E+00
        72         4         3   -0.72590179611048566422E+00
        72         4         4   -0.88671362465161085442E+00
        72         4         5   -0.10155093636016705450E+01
        72         5         2   -0.51971836567085601122E-02
        72         5         3   -0.55615001793764370919E-01
        72         5         4   -0.21611264747063402281E+00
        72         5         5   -0.19863100701310348883E+00
        73         2         2   -0.12584017795164714748E+00
        73         2         3   -0.14352520307115784748E+00
        73         2         4   -0.14044638323491462351E+00
        73         2         5   -0.97955085231769947751E-01
        73         3         2   -0.64475830227306518694E+00
        73         3         3   -0.72833504888914557540E+00
        73         3         4   -0.97498857902144586696E+00
        73         3         5   -0.69342091991269405593E+00
        73         4         2   -0.55081681594317022377E+00
        73         4         3   -0.90915798047039164675E+00
        73         4         4   -0.10306910512205400554E+01
        73         4         5   -0.94341381495839626847E+00
        73         5         2   -0.88271071675888698738E-01
        73         5         3   -0.14072700038727042893E+00
        73         5         4   -0.18050995195053259890E+00
        73         5         5   -0.16402879402289599620E+00
        74         2         2   -0.23351257561209484703E+00
        74         2         3   -0.18191605542029884446E+00
        74         2         4   -0.10055740756190151286E+00
        74         2         5   -0.88796763065116676716E-01
        74         3         2   -0.90484808869787713981E+00
        74         3         3   -0.81248435345807268337E+00
        74         3         4   -0.98221334309710717214E+00
        74         3         5   -0.66725860555907223759E+00
        74         4         2   -0.69220947294065338085E+00
        74         4         3   -0.79827725129202098397E+00
        74         4         4   -0.12301605500801595650E+01
        74         4         5   -0.92292250446026979915E+00
        74         5         2   -0.14214462898136651092E+00
        74         5         3   -0.87238135491083945716E-01
        74         5         4   -0.13165015090470130743E+00
        74         5         5   -0.41592174469720237517E-01
        75         2         2   -0.16247050174560115354E+00
        75         2         3   -0.13699218625868395116E+00
        75         2         4   -0.91034634377048881393E-01
        75         2         5   -0.96178453663025215148E-01
        75         3         2   -0.83663232459741820879E+00
        75         3         3   -0.12434726910752411655E+01
        75         3         4   -0.57563775899436608885E+00
        75         3         5   -0.82606962815780649034E+00
        75         4         2   -0.74190641813958368989E+00
        75         4         3   -0.10824951131536653115E+01
        75         4         4   -0.76261607269236786344E+00
        75         4         5   -0.68548503918282321923E+00
        75         5         2   -0.23699386918107820388E+00
        75         5         3   -0.12982612959595926649E+00
        75         5         4   -0.55564545102982546010E-01
        75         5         5   -0.81792194341942153768E-01
        76         2         2   -0.16004846908824132967E+00
        76         2         3   -0.11565157731329471502E+00
        76         2         4   -0.15533660866600010331E+00
        76         2         5   -0.55092241076470385708E-01
        76         3         2   -0.90836791308944009327E+00
        76         3         3   -0.80842162562454822350E+00
        76         3         4   -0.61427562247864198053E+00
        76         3         5   -0.55952465839326792629E+00
        76         4         2   -0.59913031908540226311E+00
        76         4         3   -0.87745341135785781539E+00
        76         4         4   -0.55487881574541675356E+00
        76         4         5   -0.59983598284438988113E+00
        76         5         2   -0.40504163362521716785E-01
        76         5         3   -0.61437064832997212438E-01
        76         5         4   -0.88343891124174983576E-01
        76         5         5   -0.16370576831304281540E+00
        77         2         2   -0.14777808643734455241E+00
        77         2         3   -0.25137767860161269740E+00
        77         2         4   -0.11650385172630521591E+00
        77         2         5   -0.15365221398517467377E+00
        77         3         2   -0.76285331185704208234E+00
        77         3         3   -0.12615928809123801990E+01
        77         3         4   -0.96216426276343369750E+00
        77         3         5   -0.13204174683676364044E+01
        77         4         2   -0.41850020988706781999E+00
        77         4         3   -0.66675915583532108233E+00
        77         4         4   -0.91806709751035142641E+00
        77         4         5   -0.66646365019786257822E+00
        77         5         2   -0.29502276597428784416E-01
        77         5         3   -0.36419275730328458818E-03
        77         5         4   -0.88716550728531698433E-01
        77         5         5   -0.11766126794875353401E+00
        78         2         2   -0.11854062448580107714E+00
        78         2         3   -0.17952314016052639545E+00
        78         2         4   -0.91323145104882180734E-01
        78         2         5   -0.13515926233394381928E+00
        78         3         2   -0.72647536716033844773E+00
        78         3         3   -0.99987747450464359300E+00
        78         3         4   -0.10905446897600821199E+01
        78         3         5   -0.11948568040297891102E+01
        78         4         2   -0.52249693851120693200E+00
        78         4         3   -0.68097135864226443491E+00
        78         4         4   -0.11077231687632531631E+01
        78         4         5   -0.77901207183395437816E+00
        78         5         2   -0.33734870662617905124E-01
        78         5         3   -0.39775388136772477088E-01
        78         5         4   -0.13496718117104639090E+00
        78         5         5   -0.12242239168453690479E+00
        79         2         2   -0.15556292298091950466E+00
        79         2         3   -0.15562323569307295879E+00
        79         2         4   -0.14609232583283121576E+00
        79         2         5   -0.17912322514125564310E+00
        79         3         2   -0.72238450167570211757E+00
        79         3         3   -0.11301321668031383272E+01
        79         3         4   -0.13149725189901726452E+01
        79         3         5   -0.88726278072389308527E+00
        79         4         2   -0.82033178642505377720E+00
        79         4         3   -0.79702641771659488157E+00
        79         4         4   -0.10237823781036630155E+01
        79         4         5   -0.53426699728109883214E+00
        79         5         2   -0.11170559584626454930E+00
        79         5         3   -0.76464892129449874014E-01
        79         5         4   -0.11554933293166200214E+00
        79         5         5   -0.12739082749686864160E+00
        80         2         2   -0.14387239890504777140E+00
        80         2         3   -0.16289647997757800146E+00
        80         2         4   -0.15464960107436001580E+00
        80         2         5   -0.15271353862815006952E+00
        80         3         2   -0.75256905085969716396E+00
        80         3         3   -0.82318389273916381388E+00
        80         3         4   -0.11558663271447573440E+01
        80         3         5   -0.99513879896968415739E+00
        80         4         2   -0.11533916881407493271E+01
        80         4         3   -0.81631238733022093434E+00
        80         4         4   -0.11606408783371628957E+01
        80         4         5   -0.79148723754931737950E+00
        80         5         2   -0.11323439151789591040E+00
        80         5         3   -0.11278964354430198735E+00
        80         5         4   -0.11184113894552558111E+00
        80         5         5   -0.13579500422897866629E+00
        81         2         2   -0.13200477924489312231E+00
        81         2         3   -0.18667153845065481699E+00
        81         2         4   -0.92545682985273963750E-01
        81         2         5   -0.23541346370745161454E-01
        81         3         2   -0.68925410216736904268E+00
        81         3         3   -0.11893922161627059619E+01
        81         3         4   -0.86680499818029710379E+00
        81         3         5   -0.44629071166290396055E+00
        81         4         2   -0.10247750707035918616E+01
        81         4         3   -0.10330950472567674847E+01
        81         4         4   -0.10914539772029889786E+01
        81         4         5   -0.74103603034868203991E+00
        81         5         2   -0.11471553082893519437E+00
        81         5         3   -0.15924506870733046160E+00
        81         5         4   -0.18876987698491071166E+00
        81         5         5   -0.14360264701034283763E+00
        82         2         2   -0.20579446080666276980E-01
        82         2         3   -0.10148326545804790821E+00
        82         2         4   -0.10719504527213165324E+00
        82         2         5   -0.54008666026322912912E-01
        82         3         2   -0.53473864155886119409E+00
        82         3         3   -0.72455929045105282871E+00
        82         3         4   -0.96581714804546969777E+00
        82         3         5   -0.69923349033416348774E+00
        82         4         2   -0.92713809644193545534E+00
        82         4         3   -0.69586691267756595192E+00
        82         4         4   -0.86529706826758734373E+00
        82         4         5   -0.11935935651101083899E+01
        82         5         2   -0.12622257472364956099E+00
        82         5         3   -0.11983334529010175595E+00
        82         5         4   -0.16275074851948262422E+00
        82         5         5   -0.16720856711550699525E+00
        83         2         2   -0.77380183259059653889E-01
        83         2         3   -0.26682904371588583164E-01
        83         2         4   -0.14281272248685944470E+00
        83         2         5   -0.12173660160766733296E+00
        83         3         2   -0.69953328089759203579E+00
        83         3         3   -0.64477173590512770751E+00
        83         3         4   -0.96789646636114001765E+00
        83         3         5   -0.75305804231923023639E+00
        83         4         2   -0.10432126133472945373E+01
        83         4         3   -0.79811977974729864105E+00
        83         4         4   -0.67094746924530801468E+00
        83         4         5   -0.79307883168897097548E+00
        83         5         2   -0.12297633372766272886E+00
        83         5         3   -0.12660862244515555530E+00
        83         5         4   -0.77801640862818988165E-01
        83         5         5   -0.11462544779487490731E+00
        84         2         2   -0.51800846513508587432E-01
        84         2         3   -0.89111845527685001889E-01
        84         2         4   -0.10978820792555368802E+00
        84         2         5   -0.17239245778231562789E+00
        84         3         2   -0.75202292944607962433E+00
        84         3         3   -0.71740982186391732967E+00
        84         3         4   -0.91106736696264567499E+00
        84         3         5   -0.91887425886290008403E+00
        84         4         2   -0.78529568475165112407E+00
        84         4         3   -0.10136460314606694499E+01
        84         4         4   -0.10401467624678910617E+01
        84         4         5   -0.88568107720875632882E+00
        84         5         2   -0.94507124801575498330E-01
        84         5         3   -0.11513503633718552566E+00
        84         5         4   -0.11657119490932331407E+00
        84         5         5   -0.89141314540954058598E-01
        85         2         2   -0.25953851638290731385E+00
        85         2         3   -0.93934297956355286563E-01
        85         2         4   -0.97490843546425912103E-01
        85         2         5   -0.14002824453246423553E+00
        85         3         2   -0.99477144825682783935E+00
        85         3         3   -0.60023699951993503277E+00
        85         3         4   -0.80798615908053106338E+00
        85         3         5   -0.83440655298726662537E+00
        85         4         2   -0.70266511392376906908E+00
        85         4         3   -0.94516219681206015135E+00
        85         4         4   -0.12344561313406858805E+01
        85         4         5   -0.64855227735906761932E+00
        85         5         2   -0.10009404596569068668E+00
        85         5         3   -0.16008421598017852361E+00
        85         5         4   -0.30703541041803616984E+00
        85         5         5   -0.94851792029370982084E-01
        86         2         2   -0.19315883762166619064E+00
        86         2         3   -0.14681013962230105019E+00
        86         2         4   -0.15962377655719939273E+00
        86         2         5   -0.13764601346702987072E+00
        86         3         2   -0.87818891194702231040E+00
        86         3         3   -0.80482229478272648837E+00
        86         3         4   -0.72497376307513305971E+00
        86         3         5   -0.72099555595218878246E+00
        86         4         2   -0.47780488543288135439E+00
        86         4         3   -0.90288802874059381764E+00
        86         4         4   -0.90402956564252912042E+00
        86         4         5   -0.61742157304285705255E+00
        86         5         2   -0.44300879582464230966E-01
        86         5         3   -0.96441189331983867561E-01
        86         5         4   -0.16035059928262654361E+00
        86         5         5   -0.29556814606264584372E-01
        87         2         2   -0.64068982886710895697E-01
        87         2         3   -0.39286291240859860796E-01
        87         2         4   -0.12195457910766156762E+00
        87         2         5   -0.14840696379695164642E+00
        87         3         2   -0.63443667892891097981E+00
        87         3         3   -0.60665964143425910038E+00
        87         3         4   -0.74323041256655097975E+00
        87         3         5   -0.78077011312792321540E+00
        87         4         2   -0.33322259024999684174E+00
        87         4         3   -0.99441268866106835578E+00
        87         4         4   -0.10334119510139865294E+01
        87         4         5   -0.52744506065617502433E+00
        87         5         2   -0.63677712919122289592E-01
        87         5         3   -0.18871265874514750460E+00
        87         5         4   -0.27694716532087476635E+00
        87         5         5   -0.11669623295706386956E+00
        88         2         2   -0.12345053793622866312E+00
        88         2         3   -0.13537801377309530149E+00
        88         2         4   -0.18693911632631474151E+00
        88         2         5   -0.15632517132698037221E+00
        88         3         2   -0.63514031908411971994E+00
        88         3         3   -0.75936997357232982608E+00
        88         3         4   -0.79657720521542840775E+00
        88         3         5   -0.77284746004492632654E+00
        88         4         2   -0.58485492943722039438E+00
        88         4         3   -0.91693200278140252202E+00
        88         4         4   -0.10712761458262669567E+01
        88         4         5   -0.11146910544722334890E+01
        88         5         2   -0.12410916385638087744E+00
        88         5         3   -0.12191791388581499356E+00
        88         5         4   -0.12810569416941358645E+00
        88         5         5   -0.98477109182018407463E-01
        89         2         2   -0.73752422138455120404E-01
        89         2         3   -0.46510211738364296008E-01
        89         2         4   -0.13565760640318913488E+00
        89         2         5   -0.23433074578776799668E+00
        89         3         2   -0.64700848562518487039E+00
        89         3         3   -0.61850994461055897045E+00
        89         3         4   -0.78888526545830284231E+00
        89         3         5   -0.76988597305070727295E+00
        89         4         2   -0.99775484842935380225E+00
        89         4         3   -0.91699686566014870781E+00
        89         4         4   -0.96021975704242001903E+00
        89         4         5   -0.89269391555421406803E+00
        89         5         2   -0.27357512730860678030E+00
        89         5         3   -0.18345508225789669554E+00
        89         5         4   -0.22511953440026660767E+00
        89         5         5   -0.97438515549620310918E-01
        90         2         2   -0.14139761011364501697E+00
        90         2         3   -0.13749269131070593342E+00
        90         2         4   -0.97786379599323486334E-01
        90         2         5   -0.17231282736895847663E+00
        90         3         2   -0.55012422862456289430E+00
        90         3         3   -0.69212797233157896670E+00
        90         3         4   -0.93012716116959759383E+00
        90         3         5   -0.11036975131269219919E+01
        90         4         2   -0.67829715622531427943E+00
        90         4         3   -0.90672735285179129061E+00
        90         4         4   -0.97689244099325156512E+00
        90         4         5   -0.99187957813103111437E+00
        90         5         2   -0.13972488080172906777E+00
        90         5         3   -0.12922317852402540050E+00
        90         5         4   -0.19863441509454732303E+00
        90         5         5   -0.10528993837020443614E+00
        91         2         2   -0.84923286895032354393E-01
        91         2         3   -0.18646641385541604108E+00
        91         2         4   -0.57115245245329383794E-01
        91         2         5   -0.10431541241441090462E+00
        91         3         2   -0.77303496523120529549E+00
        91         3         3   -0.13204010838429791619E+01
        91         3         4   -0.98709677509131232842E+00
        91         3         5   -0.95350602863567024414E+00
        91         4         2   -0.73880886603538586943E+00
        91         4         3   -0.11865632917348487574E+01
        91         4         4   -0.93402491031389067722E+00
        91         4         5   -0.48304220265353026154E+00
        91         5         2   -0.12238280874276481758E+00
        91         5         3   -0.16595856596097274815E+00
        91         5         4   -0.11797255957704093354E+00
        91         5         5   -0.21753472983869405477E-01
        92         2         2   -0.10311791843683144887E+00
        92         2         3   -0.74663959464130347232E-01
        92         2         4   -0.88353317252429522388E-01
        92         2         5   -0.13545767629526120346E+00
        92         3         2   -0.64952711393862605505E+00
        92         3         3   -0.75123046091272527303E+00
        92         3         4   -0.61984030044099358570E+00
        92         3         5   -0.85316054863301538091E+00
        92         4         2   -0.84587767460004170683E+00
        92         4         3   -0.71454999122903406494E+00
        92         4         4   -0.80001676156995615852E+00
        92         4         5   -0.63780768402116394533E+00
        92         5         2   -0.18283206648401220673E+00
        92         5         3   -0.11646139796143599454E+00
        92         5         4   -0.12336581141787393567E+00
        92         5         5   -0.99011704574405834389E-01
        93         2         2   -0.16844714946771782715E+00
        93         2         3   -0.10023450360039079521E+00
        93         2         4   -0.12629389446625954863E+00
        93         2         5   -0.88340312213917290829E-01
        93         3         2   -0.84864392435452251640E+00
        93         3         3   -0.77163083779151708796E+00
        93         3         4   -0.84145115373475076748E+00
        93         3         5   -0.80187331434241526651E+00
        93         4         2   -0.50996167480675236305E+00
        93         4         3   -0.12329971432254465125E+01
        93         4         4   -0.99129786544621711908E+00
        93         4         5   -0.81831660329405286891E+00
        93         5         2   -0.92911095188643516574E-01
        93         5         3   -0.23700505975159924521E+00
        93         5         4   -0.11810700584383594658E+00
        93         5         5   -0.85689936434419008982E-01
        94         2         2   -0.14463028317074561047E+00
        94         2         3   -0.19893836933729416860E+00
        94         2         4   -0.25776875840464230638E+00
        94         2         5   -0.13447991978043449812E+00
        94         3         2   -0.91097982612348926690E+00
        94         3         3   -0.10629251957842860143E+01
        94         3         4   -0.13056080858112448784E+01
        94         3         5   -0.82051678240256686880E+00
        94         4         2   -0.57935649883777684543E+00
        94         4         3   -0.84506738931496216960E+00
        94         4         4   -0.11219041669314413490E+01
        94         4         5   -0.89052175457092574984E+00
        94         5         2   -0.11364200710408456363E+00
        94         5         3   -0.12381338638546608710E+00
        94         5         4   -0.13744904281898867593E+00
        94         5         5   -0.70866422217626734437E-01
        95         2         2   -0.44391192182728855808E-01
        95         2         3   -0.18823696520193439197E+00
        95         2         4   -0.15662269509375356669E+00
        95         2         5   -0.15845937428987258433E+00
        95         3         2   -0.61099207586053183583E+00
        95         3         3   -0.11938663787562746599E+01
        95         3         4   -0.78250058320176640869E+00
        95         3         5   -0.68423616565127465261E+00
        95         4         2   -0.10747299174832292135E+01
        95         4         3   -0.13914364127058724829E+01
        95         4         4   -0.96787046183252045672E+00
        95         4         5   -0.52277727065522283656E+00
        95         5         2   -0.25230593896981517998E+00
        95         5         3   -0.12541844656038683703E+00
        95         5         4   -0.17790651428809114987E+00
        95         5         5   -0.93045401172030153814E-01
        96         2         2   -0.30408247044650463242E-01
        96         2         3   -0.72583479098208905644E-01
        96         2         4   -0.88480435548331209938E-01
        96         2         5   -0.23365461462757664002E+00
        96         3         2   -0.45712786820098560980E+00
        96         3         3   -0.94919947107148350263E+00
        96         3         4   -0.10254563260536055935E+01
        96         3         5   -0.86213292172666922131E+00
        96         4         2   -0.64558161188429252775E+00
        96         4         3   -0.12054147391305956027E+01
        96         4         4   -0.83674630360529200779E+00
        96         4         5   -0.74237516003943926357E+00
        96         5         2   -0.11944281402829595717E+00
        96         5         3   -0.93127785511091437654E-01
        96         5         4   -0.91891059930849089410E-01
        96         5         5   -0.12699155689506594347E+00
        97         2         2   -0.15954504102229241647E+00
        97         2         3   -0.80825005931514898316E-01
        97         2         4   -0.11587393408417076546E+00
        97         2         5   -0.16838787748202505012E+00
        97         3         2   -0.56929130240547498598E+00
        97         3         3   -0.75050971157098766984E+00
        97         3         4   -0.12634078416558154334E+01
        97         3         5   -0.98855127072517068321E+00
        97         4         2   -0.44559753971578169862E+00
        97         4         3   -0.95301673882581672270E+00
        97         4         4   -0.10170326340176023550E+01
        97         4         5   -0.71952298641457990147E+00
        97         5         2   -0.39201831232920113235E-01
        97         5         3   -0.59249251087795266890E-01
        97         5         4   -0.22162292187230950291E+00
        97         5         5   -0.16636646747500530297E+00
        98         2         2   -0.31399382162996669621E+00
        98         2         3   -0.21211168321576276408E+00
        98         2         4   -0.12282801532296963587E+00
        98         2         5   -0.16857303588565883401E+00
        98         3         2   -0.11910370696262229107E+01
        98         3         3   -0.93380340963360508599E+00
        98         3         4   -0.53028586559280310730E+00
        98         3         5   -0.57106349128916411573E+00
        98         4         2   -0.65345319911474430974E+00
        98         4         3   -0.76308194413157770519E+00
        98         4         4   -0.55772079634389226666E+00
        98         4         5   -0.67594928756526906355E+00
        98         5         2   -0.12874653551670145468E+00
        98         5         3   -0.11563420738468779825E+00
        98         5         4   -0.49659087833973318549E-01
        98         5         5   -0.73628597927831399006E-01
        99         2         2   -0.20943256962214409911E+00
        99         2         3   -0.17767412838208787584E+00
        99         2         4   -0.43750389504792076834E-01
        99         2         5   -0.12029976712590623178E+00
        99         3         2   -0.84733323238335889194E+00
        99         3         3   -0.71069198883534001610E+00
        99         3         4   -0.28944868064353207471E+00
        99         3         5   -0.48872825268309960656E+00
        99         4         2   -0.47456235413158481817E+00
        99         4         3   -0.53066731509385312027E+00
        99         4         4   -0.67756546329848765797E+00
        99         4         5   -0.89595634172148419516E+00
        99         5         2   -0.10564567939502882143E+00
        99         5         3   -0.18693835529824756603E+00
        99         5         4   -0.12499285784011732181E+00
        99         5         5   -0.92016499664018980287E-01
       100         2         2   -0.12204524486415944950E+00
       100         2         3   -0.64622375270934520608E-01
       100         2         4   -0.99901258684409216526E-01
       100         2         5   -0.11892865900794739875E+00
       100         3         2   -0.40836794447241508976E+00
       100         3         3   -0.50912366006509579552E+00
       100         3         4   -0.54598913764782774916E+00
       100         3         5   -0.63545050973207817258E+00
       100         4         2   -0.62205316673064425803E+00
       100         4         3   -0.49442274086430088031E+00
       100         4         4   -0.87567867450290326481E+00
       100         4         5   -0.58308206898792491746E+00
       100         5         2   -0.39745823886856095075E-01
       100         5         3   -0.78356766539986494324E-01
       100         5         4   -0.24639016632593208067E+00
       100         5         5   -0.14320870521307094148E+00
       101         2         2   -0.13524397851758837574E+00
       101         2         3   -0.71596204350701297958E-01
       101         2         4   -0.14681862544614185384E+00
       101         2         5   -0.26938998566843880278E+00
       101         3         2   -0.11782236519014679388E+01
       101         3         3   -0.72451721760827014762E+00
       101         3         4   -0.91476138920287641820E+00
       101         3         5   -0.66330153114857193231E+00
       101         4         2   -0.92499287726875567550E+00
       101         4         3   -0.55399617275870038924E+00
       101         4         4   -0.69242826231450516072E+00
       101         4         5   -0.64008287301732547103E+00
       101         5         2   -0.13750123323241783546E+00
       101         5         3   -0.53965057217818371282E-01
       101         5         4   -0.16521698941980272890E+00
       101         5         5   -0.10391804553013138379E+00
