         2         2         2    0.20422143217758809142E+00
         2         2         3    0.13427201464064059122E+00
         2         2         4    0.71246553093539458090E-01
         2         2         5    0.38070931964774144818E-01
         2         3         2    0.98784555085533820584E+00
         2         3         3    0.59504553280425920292E+00
         2         3         4    0.53018662642653580086E+00
         2         3         5    0.33142128182997215857E+00
         2         4         2    0.69617424499999480680E+00
         2         4         3    0.74807880279551741687E+00
         2         4         4    0.64393166093683706919E+00
         2         4         5    0.83076187863733919059E+00
         2         5         2    0.61823947886762528614E-01
         2         5         3    0.13030910626183167533E+00
         2         5         4    0.42057308361115826323E-01
         2         5         5    0.11328105015287272261E+00
         3         2         2    0.97413636655740223902E-01
         3         2         3    0.19349446592283250923E+00
         3         2         4    0.94813442402385678109E-01
         3         2         5    0.12284316321548688355E+00
         3         3         2    0.10637092921998390072E+01
         3         3         3    0.80561818262304452087E+00
         3         3         4    0.67271429709352648096E+00
         3         3         5    0.65024474234236673276E+00
         3         4         2    0.86742956308724294967E+00
         3         4         3    0.59947902765871585729E+00
         3         4         4    0.11233067982173270405E+01
         3         4         5    0.56189811970359093696E+00
         3         5         2    0.44482804994301530788E-01
         3         5         3    0.52333440227539121392E-01
         3         5         4    0.19886320807919269371E+00
         3         5         5    0.94035336865940413742E-01
         4         2         2    0.35393153229511052638E-01
         4         2         3    0.12182137740736184717E+00
         4         2         4    0.14969441697732147056E+00
         4         2         5    0.54526033618565061811E-01
         4         3         2    0.38414325221095141361E+00
         4         3         3    0.79018530818769283641E+00
         4         3         4    0.80466053831004435981E+00
         4         3         5    0.83070990556243151648E+00
         4         4         2    0.80640925061294721488E+00
         4         4         3    0.76605020051187933117E+00
         4         4         4    0.97975674915490384986E+00
         4         4         5    0.79947700933404086676E+00
         4         5         2    0.60400576107666047176E-01
         4         5         3    0.12116511077556196829E+00
         4         5         4    0.20495920654849594800E+00
         4         5         5    0.69925360651815676727E-01
         5         2         2    0.18577059877031475155E-01
         5         2         3    0.98192743250339345473E-01
         5         2         4    0.10444699461524159512E+00
         5         2         5    0.92102428325847807145E-01
         5         3         2    0.48802262554972691833E+00
         5         3         3    0.64861928991972228609E+00
         5         3         4    0.84554411793730799296E+00
         5         3         5    0.39009430050590826466E+00
         5         4         2    0.52165223749000644293E+00
         5         4         3    0.77329041644470208894E+00
         5         4         4    0.76541951056844514945E+00
         5         4         5    0.31216529651407126655E+00
         5         5         2    0.93517517645398673398E-01
         5         5         3    0.14771024090026282916E+00
         5         5         4    0.16441252163382499840E+00
         5         5         5    0.34520394738419668546E-01
         6         2         2    0.25475216393384438052E-01
         6         2         3    0.13346158507193159326E+00
         6         2         4    0.30675440215076003880E-01
         6         2         5    0.81190956394885549496E-01
         6         3         2    0.61222839905717896247E+00
         6         3         3    0.90568093577073993661E+00
         6         3         4    0.38121472642959169930E+00
         6         3         5    0.38271037113487571535E+00
         6         4         2    0.95781330609878334581E+00
         6         4         3    0.10682470085868787102E+01
         6         4         4    0.71270523908343252906E+00
         6         4         5    0.49104778932759896026E+00
         6         5         2    0.18436338193948206832E+00
         6         5         3    0.24212950974081456912E+00
         6         5         4    0.15638360585998714591E+00
         6         5         5    0.55365003630489718900E-01
         7         2         2    0.44794028266691050810E-01
         7         2         3    0.10990849999178641319E-01
         7         2         4    0.14017277161999271498E-01
         7         2         5    0.99444315710572023237E-01
         7         3         2    0.79270034288116875132E+00
         7         3         3    0.54537039391503150387E+00
         7         3         4    0.69173177019429121781E+00
         7         3         5    0.74173620112382754321E+00
         7         4         2    0.93380190909937332844E+00
         7         4         3    0.10921297878135063364E+01
         7         4         4    0.92613186075318076895E+00
         7         4         5    0.74085708587538290359E+00
         7         5         2    0.73087648322736481488E-01
         7         5         3    0.21589664541825689947E+00
         7         5         4    0.13415066423491689429E+00
         7         5         5    0.93284648290433841433E-01
         8         2         2    0.17033293208492383819E+00
         8         2         3    0.12539080545131395250E+00
         8         2         4    0.59850791138809360248E-01
         8         2         5    0.25544835149834563270E-01
         8         3         2    0.71688125150555492837E+00
         8         3         3    0.93477171069036824047E+00
         8         3         4    0.62825011065570435242E+00
         8         3         5    0.65883085739753521892E+00
         8         4         2    0.86666672431503977148E+00
         8         4         3    0.10756767050154336651E+01
         8         4         4    0.96372921099901309727E+00
         8         4         5    0.77102901600878803734E+00
         8         5         2    0.88471939940272414926E-01
         8         5         3    0.52906414782141156228E-01
         8         5         4    0.11942177162066058838E+00
         8         5         5    0.17011482871808392137E+00
         9         2         2    0.12915805573196212364E+00
         9         2         3    0.85454015467219396340E-01
         9         2         4    0.60432632845340422678E-01
         9         2         5    0.12718486024760294884E+00
         9         3         2    0.71830550656542169197E+00
         9         3         3    0.93140178209385604546E+00
         9         3         4    0.68827529411016830085E+00
         9         3         5    0.68236847153986202041E+00
         9         4         2    0.11760630361695425528E+01
         9         4         3    0.11167380546337573044E+01
         9         4         4    0.73504673319114322005E+00
         9         4         5    0.87190346121028405868E+00
         9         5         2    0.17354688085073405324E+00
         9         5         3    0.15106765147221121182E+00
         9         5         4    0.53228880131921577079E-01
         9         5         5    0.13405775473097211736E+00
        10         2         2    0.27305760453170183771E-01
        10         2         3    0.56761878462967763070E-01
        10         2         4    0.70754062591594515941E-01
        10         2         5    0.93206315667901024069E-01
        10         3         2    0.48707019008571117435E+00
        10         3         3    0.45928958524503443739E+00
        10         3         4    0.77549015792994868690E+00
        10         3         5    0.64961671973596146756E+00
        10         4         2    0.65881768310177601933E+00
        10         4         3    0.72703754762779504439E+00
        10         4         4    0.96709806780156215567E+00
        10         4         5    0.53976043437281484572E+00
        10         5         2    0.13309782293268154763E+00
        10         5         3    0.17564557848044115573E+00
        10         5         4    0.16808536936600393386E+00
        10         5         5    0.89439816900053190074E-01
        11         2         2    0.46091087336688145448E-01
        11         2         3    0.71139632849545789139E-01
        11         2         4    0.90674287100043646226E-01
        11         2         5    0.15962552032586599382E+00
        11         3         2    0.67207073287882679313E+00
        11         3         3    0.82054826859428231511E+00
        11         3         4    0.10389517241846344398E+01
        11         3         5    0.15500490649139377908E+01
        11         4         2    0.41505382219913217190E+00
        11         4         3    0.48833596783415794684E+00
        11         4         4    0.91044644347352066127E+00
        11         4         5    0.90730871778198973754E+00
        11         5         2    0.32401902918472655357E-01
        11         5         3    0.43306687982211974908E-01
        11         5         4    0.16006338335999642508E+00
        11         5         5    0.21787207583672069111E+00
        12         2         2    0.19513949046343126437E+00
        12         2         3    0.16022480314149287195E+00
        12         2         4    0.11884190728504720469E+00
        12         2         5    0.19958838420282692949E+00
        12         3         2    0.89847496260902304233E+00
        12         3         3    0.87348063156196986689E+00
        12         3         4    0.57091862428563011633E+00
        12         3         5    0.83224987937897598744E+00
        12         4         2    0.47449524186450159347E+00
        12         4         3    0.56339703110232930428E+00
        12         4         4    0.83388590265679163327E+00
        12         4         5    0.67866925663433130822E+00
        12         5         2    0.75942885957991937418E-01
        12         5         3    0.12206973586029162826E+00
        12         5         4    0.16771033867397899808E+00
        12         5         5    0.11606210753020423931E+00
        13         2         2    0.12102779024015228315E+00
        13         2         3    0.21946814871395056712E+00
        13         2         4    0.65667703852366102191E-01
        13         2         5    0.19755503311566571800E+00
        13         3         2    0.61836476058802447575E+00
        13         3         3    0.11433292731282094223E+01
        13         3         4    0.73188631162816419895E+00
        13         3         5    0.92811168068977845103E+00
        13         4         2    0.56648236733100476581E+00
        13         4         3    0.56768782809264894951E+00
        13         4         4    0.46018123864906052001E+00
        13         4         5    0.50651992543583024275E+00
        13         5         2    0.90324746158367413829E-01
        13         5         3    0.71828986272604242180E-01
        13         5         4    0.62584168179324217718E-01
        13         5         5    0.86980251746825942849E-01
        14         2         2    0.65157852058438492371E-01
        14         2         3    0.13948253719077188806E+00
        14         2         4    0.78143900048965361793E-01
        14         2         5    0.45564310471518786050E-01
        14         3         2    0.86662045142107824169E+00
        14         3         3    0.72462306493762485005E+00
        14         3         4    0.80318543180898049894E+00
        14         3         5    0.69346780036237609668E+00
        14         4         2    0.68362452596278155958E+00
        14         4         3    0.10608691110458878804E+01
        14         4         4    0.66094729500876558959E+00
        14         4         5    0.42547566544113474274E+00
        14         5         2    0.49184862201294407558E-01
        14         5         3    0.16322775477468387528E+00
        14         5         4    0.53590697099627368494E-01
        14         5         5    0.61964209741444321866E-01
        15         2         2    0.86153431181954412410E-01
        15         2         3    0.58649781642548859395E-01
        15         2         4    0.36781311565828561649E-01
        15         2         5    0.30784817563793320967E-02
        15         3         2    0.91921622341528208544E+00
        15         3         3    0.57929883114477698225E+00
        15         3         4    0.54558031926541794565E+00
        15         3         5    0.48040895508021530524E+00
        15         4         2    0.72985016391853274609E+00
        15         4         3    0.89404239456799117214E+00
        15         4         4    0.11144371097738539067E+01
        15         4         5    0.93841037661011128534E+00
        15         5         2    0.68437516696069067290E-01
        15         5         3    0.12338476968225350894E+00
        15         5         4    0.22427329912443708104E+00
        15         5         5    0.17858327349955585572E+00
        16         2         2    0.56645973343395938926E-01
        16         2         3    0.11220762250553147077E+00
        16         2         4    0.14338741301216867408E+00
        16         2         5    0.80848658647132226607E-01
        16         3         2    0.57373575272018162430E+00
        16         3         3    0.95964327493534373748E+00
        16         3         4    0.86166083510698132653E+00
        16         3         5    0.29809695390683815797E+00
        16         4         2    0.57598444481362087721E+00
        16         4         3    0.71425460307750665567E+00
        16         4         4    0.81545671870412350657E+00
        16         4         5    0.48232630641650758863E+00
        16         5         2    0.25962436461457634451E-01
        16         5         3    0.19283454511764330785E-01
        16         5         4    0.14178966346197027781E+00
        16         5         5    0.80039405833880639118E-01
        17         2         2    0.43056143409694040691E-01
        17         2         3    0.94203705315852620528E-01
        17         2         4    0.18521737424185058529E+00
        17         2         5    0.10891778397905488296E+00
        17         3         2    0.74570842459569852689E+00
        17         3         3    0.11028649286904701476E+01
        17         3         4    0.87957450274550663671E+00
        17         3         5    0.49620694908391127509E+00
        17         4         2    0.94247494447781021698E+00
        17         4         3    0.90136339141415977583E+00
        17         4         4    0.80739013823405691994E+00
        17         4         5    0.10300574859992697174E+01
        17         5         2    0.42165737220909500771E-01
        17         5         3    0.57736667715813184965E-01
        17         5         4    0.11100547090545968831E+00
        17         5         5    0.19167815735069168581E+00
        18         2         2    0.46782876520327964023E-02
        18         2         3    0.63962654538230551138E-01
        18         2         4    0.10193921580050473163E+00
        18         2         5    0.26546159469328135111E-01
        18         3         2    0.97914556271342001459E+00
        18         3         3    0.86712708354116763143E+00
        18         3         4    0.10753830455295432245E+01
        18         3         5    0.56012914348488707095E+00
        18         4         2    0.96007851794333831652E+00
        18         4         3    0.10566558994696837459E+01
        18         4         4    0.10559598259519689112E+01
        18         4         5    0.71322223028160591785E+00
        18         5         2    0.12878601659274030444E+00
        18         5         3    0.16170535938932673048E+00
        18         5         4    0.12359905467017327785E+00
        18         5         5    0.88847136210069135864E-01
        19         2         2    0.45199479723847559021E-01
        19         2         3    0.15934358984054561303E+00
        19         2         4    0.48998419993282110729E-01
        19         2         5    0.11790704963959736107E+00
        19         3         2    0.11708631193186540553E+01
        19         3         3    0.70281135337991151868E+00
        19         3         4    0.68798873104057933769E+00
        19         3         5    0.79650878828713500557E+00
        19         4         2    0.97573149361090072418E+00
        19         4         3    0.56809968796450160955E+00
        19         4         4    0.69600202562979274212E+00
        19         4         5    0.73080169736737610187E+00
        19         5         2    0.61620413485493040484E-01
        19         5         3    0.13218665059799458716E+00
        19         5         4    0.51504304964742800288E-01
        19         5         5    0.54440519469360862392E-01
        20         2         2    0.18119735204627759884E+00
        20         2         3    0.15331342883443260794E+00
        20         2         4    0.80693577491123200107E-01
        20         2         5    0.20176647526344498873E+00
        20         3         2    0.82469462340568644443E+00
        20         3         3    0.69806990867740470463E+00
        20         3         4    0.62599277415979681649E+00
        20         3         5    0.95359128222420053156E+00
        20         4         2    0.58638518662851513152E+00
        20         4         3    0.84114328862978904322E+00
        20         4         4    0.47521831310660023195E+00
        20         4         5    0.69641560324753970512E+00
        20         5         2    0.60634304486982870674E-01
        20         5         3    0.11650382639523496064E+00
        20         5         4    0.26322116497337597757E-01
        20         5         5    0.55840580540595964598E-01
        21         2         2    0.38084478943838373510E+00
        21         2         3    0.16212168721482550504E+00
        21         2         4    0.10698248991088951665E+00
        21         2         5    0.82248482890667898304E-01
        21         3         2    0.12738477570086994550E+01
        21         3         3    0.10178758414491169138E+01
        21         3         4    0.11999796033821255037E+01
        21         3         5    0.10393513483178573598E+01
        21         4         2    0.95554061099225184872E+00
        21         4         3    0.78845066830000254399E+00
        21         4         4    0.82912193823913049595E+00
        21         4         5    0.10644290335770902889E+01
        21         5         2    0.11981155362035175727E+00
        21         5         3    0.83265824425639331507E-01
        21         5         4    0.16189459291671812191E+00
        21         5         5    0.13187750705442286003E+00
        22         2         2    0.98215985679802844666E-01
        22         2         3    0.10778070391407802708E+00
        22         2         4    0.70219722057944702898E-01
        22         2         5    0.38200926492232140097E-01
        22         3         2    0.85907567264935880136E+00
        22         3         3    0.88477034482375138680E+00
        22         3         4    0.11472623462741466938E+01
        22         3         5    0.79658603877442424324E+00
        22         4         2    0.12734112177761152118E+01
        22         4         3    0.87185210171596883022E+00
        22         4         4    0.12001099488487465550E+01
        22         4         5    0.14118970961682535403E+01
        22         5         2    0.16687589382103279467E+00
        22         5         3    0.75537687551351720416E-01
        22         5         4    0.23545084971030263987E+00
        22         5         5    0.29597756693471843903E+00
        23         2         2    0.16194557940178208599E+00
        23         2         3    0.32856956228218819893E+00
        23         2         4    0.50352548051525745920E-01
        23         2         5    0.43182334112590529951E-01
        23         3         2    0.94129992760861469492E+00
        23         3         3    0.15396556266569774163E+01
        23         3         4    0.75074055419009955159E+00
        23         3         5    0.79404166355753436068E+00
        23         4         2    0.39609839849803540890E+00
        23         4         3    0.10342083638018177982E+01
        23         4         4    0.12015116833422938569E+01
        23         4         5    0.10780905935825104702E+01
        23         5         2    0.25275612773845313602E-01
        23         5         3    0.97988786394141519365E-01
        23         5         4    0.15120427873349864822E+00
        23         5         5    0.18900638104838743403E+00
        24         2         2    0.17290314040806958884E+00
        24         2         3    0.16859406413805239078E+00
        24         2         4    0.73631922202572266944E-01
        24         2         5    0.14106645345926827062E+00
        24         3         2    0.89919609254436416723E+00
        24         3         3    0.87555998735360018870E+00
        24         3         4    0.46936566375521887595E+00
        24         3         5    0.40133130933036614829E+00
        24         4         2    0.40451014995413892006E+00
        24         4         3    0.52427519227280339198E+00
        24         4         4    0.12453805873353129829E+01
        24         4         5    0.88149632378929254628E+00
        24         5         2    0.17797692717136666396E-01
        24         5         3    0.15378065872914931100E-01
        24         5         4    0.16184285396011308111E+00
        24         5         5    0.17617619990420679832E+00
        25         2         2    0.55961472853388344317E-01
        25         2         3    0.55452224321491674908E-01
        25         2         4    0.15946942973554323331E+00
        25         2         5    0.10786636145737214798E+00
        25         3         2    0.60941863080353131377E+00
        25         3         3    0.57744644343824713673E+00
        25         3         4    0.10410586927754010844E+01
        25         3         5    0.62793973764944288618E+00
        25         4         2    0.91290322049420058459E+00
        25         4         3    0.98689803530185804537E+00
        25         4         4    0.95574700149304636643E+00
        25         4         5    0.63176430609825773299E+00
        25         5         2    0.93062861799673116114E-01
        25         5         3    0.78222726931176350673E-01
        25         5         4    0.65476979309429181320E-01
        25         5         5    0.67026953260353863695E-01
        26         2         2    0.21671757859597150231E-01
        26         2         3    0.10196839649523252447E+00
        26         2         4    0.10871112648742586870E+00
        26         2         5    0.93262072391742306676E-01
        26         3         2    0.60688067256184907716E+00
        26         3         3    0.75698583900553795267E+00
        26         3         4    0.81696232581907823889E+00
        26         3         5    0.51969987127510186564E+00
        26         4         2    0.47719120046935742385E+00
        26         4         3    0.10945816372025505281E+01
        26         4         4    0.96545131223276015042E+00
        26         4         5    0.47277892432211193752E+00
        26         5         2    0.85192130260691292798E-01
        26         5         3    0.14211258807789148295E+00
        26         5         4    0.18637962405502350727E+00
        26         5         5    0.67242309623725154966E-01
        27         2         2    0.13158469498133323894E+00
        27         2         3    0.28267003271864077352E+00
        27         2         4    0.13720095406465626642E+00
        27         2         5    0.11745483163587662478E+00
        27         3         2    0.95879929402831398644E+00
        27         3         3    0.98401473755095769658E+00
        27         3         4    0.12618132964992661016E+01
        27         3         5    0.45710190942965428507E+00
        27         4         2    0.66987601076832203884E+00
        27         4         3    0.11906595182420154355E+01
        27         4         4    0.11419672951268882155E+01
        27         4         5    0.27096822675455856100E+00
        27         5         2    0.43254521418254282539E-01
        27         5         3    0.20621776513501779982E+00
        27         5         4    0.96338719016624510538E-01
        27         5         5    0.16953998291903735196E-01
        28         2         2    0.61818600447712333812E-01
        28         2         3    0.89673951430447193522E-01
        28         2         4    0.12787587548527426518E+00
        28         2         5    0.69104459752646785198E-01
        28         3         2    0.61681621879773695927E+00
        28         3         3    0.10044228707556925873E+01
        28         3         4    0.11232161153341908566E+01
        28         3         5    0.54828803352632715651E+00
        28         4         2    0.83008885019853539955E+00
        28         4         3    0.87033803359361772145E+00
        28         4         4    0.86847757037243278333E+00
        28         4         5    0.59960603132277434657E+00
        28         5         2    0.15520852679872426672E+00
        28         5         3    0.16167918950100940156E+00
        28         5         4    0.87585788432591293873E-01
        28         5         5    0.39619583964624081884E-01
        29         2         2    0.15724991680943425920E+00
        29         2         3    0.14982814519168075051E+00
        29         2         4    0.16863239299963975193E+00
        29         2         5    0.42289382804457813225E-01
        29         3         2    0.10250558164365766167E+01
        29         3         3    0.10688348946500398906E+01
        29         3         4    0.80236449401068787868E+00
        29         3         5    0.51289452929924195246E+00
        29         4         2    0.80510799651598174975E+00
        29         4         3    0.59627065182127958476E+00
        29         4         4    0.92443580056349516916E+00
        29         4         5    0.70382955374901390311E+00
        29         5         2    0.31589200089924607262E-01
        29         5         3    0.49579093445035603283E-01
        29         5         4    0.13415609383308013669E+00
        29         5         5    0.12571543139933216704E+00
        30         2         2    0.17478911056779430910E+00
        30         2         3    0.34736947451726528369E-01
        30         2         4    0.10168545856650183790E+00
        30         2         5    0.11360472217981296139E+00
        30         3         2    0.76362892044144570214E+00
        30         3         3    0.10666714289069176846E+01
        30         3         4    0.80666385746357882613E+00
        30         3         5    0.94116989591874267163E+00
        30         4         2    0.53401471039368964000E+00
        30         4         3    0.78837741263815974690E+00
        30         4         4    0.10818061900654893925E+01
        30         4         5    0.75701836410349043760E+00
        30         5         2    0.35507198204505201200E-01
        30         5         3    0.75298471421228335698E-01
        30         5         4    0.13209969760424586371E+00
        30         5         5    0.10041050697740956654E+00
        31         2         2    0.79025850108103659619E-01
        31         2         3    0.43525858235289670295E-01
        31         2         4    0.66079024222560650559E-01
        31         2         5    0.50269397305869933934E-01
        31         3         2    0.47095182503129734419E+00
        31         3         3    0.83865428075014425424E+00
        31         3         4    0.68660336137470157070E+00
        31         3         5    0.41276407838898665492E+00
        31         4         2    0.73719864635072784864E+00
        31         4         3    0.76696258672462036543E+00
        31         4         4    0.95234994783748749825E+00
        31         4         5    0.88407250821037475230E+00
        31         5         2    0.14378438365309270663E+00
        31         5         3    0.14936974732933849808E+00
        31         5         4    0.72907491307119154378E-01
        31         5         5    0.11913050169497572950E+00
        32         2         2    0.88476951514341775629E-01
        32         2         3    0.17492118659766220379E+00
        32         2         4    0.17659544537330623681E+00
        32         2         5    0.13175354623336774096E+00
        32         3         2    0.65794123497772927234E+00
        32         3         3    0.94658438208899176036E+00
        32         3         4    0.93151862985606004308E+00
        32         3         5    0.61675618492806660864E+00
        32         4         2    0.55684477559264566882E+00
        32         4         3    0.50875915747040190151E+00
        32         4         4    0.12431478743044146462E+01
        32         4         5    0.86066949051599273002E+00
        32         5         2    0.82542771130380901412E-01
        32         5         3    0.86597318795863881258E-01
        32         5         4    0.24472072917839793327E+00
        32         5         5    0.16971892948416025804E+00
        33         2         2    0.16585851777208476809E+00
        33         2         3    0.98546054536637686661E-01
        33         2         4    0.10094788486140016115E+00
        33         2         5    0.55109233736946469651E-01
        33         3         2    0.14684017778326607928E+01
        33         3         3    0.10039682573330626081E+01
        33         3         4    0.76031589690977474660E+00
        33         3         5    0.60076706156960379968E+00
        33         4         2    0.68510112439675763252E+00
        33         4         3    0.11412220914105430936E+01
        33         4         4    0.12119344572258607950E+01
        33         4         5    0.10034612260856257127E+01
        33         5         2    0.77808845152530198286E-01
        33         5         3    0.11721740855644463553E+00
        33         5         4    0.23840545840625240737E+00
        33         5         5    0.26790906033561612265E+00
        34         2         2    0.20404141412555665269E+00
        34         2         3    0.81526544773500200791E-01
        34         2         4    0.36568798409407063388E-01
        34         2         5    0.19502151627660137961E-01
        34         3         2    0.11913619750770654271E+01
        34         3         3    0.61323959556649187963E+00
        34         3         4    0.27858612496049639518E+00
        34         3         5    0.58798078028959266383E+00
        34         4         2    0.89115748751774437331E+00
        34         4         3    0.11717140197512481148E+01
        34         4         4    0.76409372869365521641E+00
        34         4         5    0.65273074180619261586E+00
        34         5         2    0.16684608749243268200E+00
        34         5         3    0.16541585323253771289E+00
        34         5         4    0.14184140602037262346E+00
        34         5         5    0.14279494768903838731E+00
        35         2         2    0.51019271286875826632E-01
        35         2         3    0.13526740897541611464E+00
        35         2         4    0.61721086995235104056E-01
        35         2         5    0.15561402042068389617E+00
        35         3         2    0.52987823618701423989E+00
        35         3         3    0.50572526175369114654E+00
        35         3         4    0.43612754618431764930E+00
        35         3         5    0.69126625233039817875E+00
        35         4         2    0.46835471429509045738E+00
        35         4         3    0.58132000377226034082E+00
        35         4         4    0.91534987197636130674E+00
        35         4         5    0.89557975180638560442E+00
        35         5         2    0.97646711628194479693E-01
        35         5         3    0.15122944584471600948E+00
        35         5         4    0.19003119121434952632E+00
        35         5         5    0.20035588902682704981E+00
        36         2         2    0.12880940923258286240E-01
        36         2         3    0.71256575155301024593E-01
        36         2         4    0.22704993394649208849E-01
        36         2         5    0.91467030954834757650E-01
        36         3         2    0.52447102553378543988E+00
        36         3         3    0.64256284046898959339E+00
        36         3         4    0.77325932782485717887E+00
        36         3         5    0.88249271462398581889E+00
        36         4         2    0.76915280900080584825E+00
        36         4         3    0.74623084433778819058E+00
        36         4         4    0.81904149924858127285E+00
        36         4         5    0.75950196845313922012E+00
        36         5         2    0.75453206932544203411E-01
        36         5         3    0.10034316618143455935E+00
        36         5         4    0.13079560037288262553E+00
        36         5         5    0.14464738599041879197E+00
        37         2         2    0.46363720120727633378E-01
        37         2         3    0.10101678056837708197E+00
        37         2         4    0.26947463805677678711E-01
        37         2         5    0.31893067054387637393E-01
        37         3         2    0.11820992803125585091E+01
        37         3         3    0.96078086989796862571E+00
        37         3         4    0.83158049232598374445E+00
        37         3         5    0.87964304009245219973E+00
        37         4         2    0.86399766430119950833E+00
        37         4         3    0.62977552544737125384E+00
        37         4         4    0.11511220031073323700E+01
        37         4         5    0.97186302268562962947E+00
        37         5         2    0.42010019588417851777E-01
        37         5         3    0.96502527692173531437E-01
        37         5         4    0.19441188268914166848E+00
        37         5         5    0.13295372408349287463E+00
        38         2         2    0.77147503641208731162E-01
        38         2         3    0.27377098291546757974E-01
        38         2         4    0.10450450072870730300E+00
        38         2         5    0.91973075636138199029E-01
        38         3         2    0.82769752404295005022E+00
        38         3         3    0.58997623069340154878E+00
        38         3         4    0.76769853388982245423E+00
        38         3         5    0.95415867961524281071E+00
        38         4         2    0.73983193098978550228E+00
        38         4         3    0.63881116789619174501E+00
        38         4         4    0.12251761165914303309E+01
        38         4         5    0.55755461807263229090E+00
        38         5         2    0.74059178029931421738E-01
        38         5         3    0.63602920368634630055E-01
        38         5         4    0.14543726286143066062E+00
        38         5         5    0.67858946936615635592E-01
        39         2         2    0.20366057761574025975E-01
        39         2         3    0.76689878380005932490E-01
        39         2         4    0.91019601999575094897E-01
        39         2         5    0.10920211154704574652E+00
        39         3         2    0.60885970330453087485E+00
        39         3         3    0.71461320601193512037E+00
        39         3         4    0.11083456934379576353E+01
        39         3         5    0.66489673075041055839E+00
        39         4         2    0.81575268189812999431E+00
        39         4         3    0.98418092141729462963E+00
        39         4         4    0.11838037852869636168E+01
        39         4         5    0.86986840450542279868E+00
        39         5         2    0.86583626379836353681E-01
        39         5         3    0.14569324266887367925E+00
        39         5         4    0.17606632183988119023E+00
        39         5         5    0.19074208637528741739E+00
        40         2         2    0.64825216711727404184E-01
        40         2         3    0.98732169201261169023E-01
        40         2         4    0.14751595196037073365E+00
        40         2         5    0.30606798607291940684E+00
        40         3         2    0.90618841257742555051E+00
        40         3         3    0.14833804282150808707E+01
        40         3         4    0.10061405227805573226E+01
        40         3         5    0.95903051388671978206E+00
        40         4         2    0.85636011219442043085E+00
        40         4         3    0.12135097886906485165E+01
        40         4         4    0.95540296445906625067E+00
        40         4         5    0.68488602458793412797E+00
        40         5         2    0.80742725666092973746E-01
        40         5         3    0.79837944942752203659E-01
        40         5         4    0.14622925981111145610E+00
        40         5         5    0.52161046156324719636E-01
        41         2         2    0.41914236773858110086E-01
        41         2         3    0.47639686070126245621E-01
        41         2         4    0.14361937765131604916E+00
        41         2         5    0.13105307804240112768E+00
        41         3         2    0.64976500801300407506E+00
        41         3         3    0.10074439409372466514E+01
        41         3         4    0.10563756267871300398E+01
        41         3         5    0.88057916932271362853E+00
        41         4         2    0.62700500558501270909E+00
        41         4         3    0.94345465263196648387E+00
        41         4         4    0.11302267947019177807E+01
        41         4         5    0.10405251945211722031E+01
        41         5         2    0.51681674051987661067E-01
        41         5         3    0.35488887886200040644E-01
        41         5         4    0.10027661642505861228E+00
        41         5         5    0.88364307118509552441E-01
        42         2         2    0.24848598385156342450E+00
        42         2         3    0.19201103439907205028E+00
        42         2         4    0.12859746077791037178E+00
        42         2         5    0.40516444382750448072E-01
        42         3         2    0.90252598086629587382E+00
        42         3         3    0.90324957371589875699E+00
        42         3         4    0.81698335767393948093E+00
        42         3         5    0.73589807685467001352E+00
        42         4         2    0.39770050900645020908E+00
        42         4         3    0.68744644774588392622E+00
        42         4         4    0.11061135342178645136E+01
        42         4         5    0.75421914683687574232E+00
        42         5         2    0.81603632836197287359E-01
        42         5         3    0.18623384122500533794E-01
        42         5         4    0.22026010308138102567E+00
        42         5         5    0.12233173908374980754E+00
        43         2         2    0.17532786459912091948E+00
        43         2         3    0.18335487916377107842E+00
        43         2         4    0.12975874735582065833E+00
        43         2         5    0.95299519398609561227E-01
        43         3         2    0.86195784948704701200E+00
        43         3         3    0.10244549318935693982E+01
        43         3         4    0.96608412295158097027E+00
        43         3         5    0.72851571974516848851E+00
        43         4         2    0.95256501987893993366E+00
        43         4         3    0.91169080643620414861E+00
        43         4         4    0.83024383950513591657E+00
        43         4         5    0.91117684173959057059E+00
        43         5         2    0.18196033474932149510E+00
        43         5         3    0.11302537806871226778E+00
        43         5         4    0.75836966016316717520E-01
        43         5         5    0.98524657101947077376E-01
        44         2         2    0.12155789897740461314E+00
        44         2         3    0.10806606743511049107E+00
        44         2         4    0.12154205689331645801E+00
        44         2         5    0.20796220109815360955E+00
        44         3         2    0.51029512280855138240E+00
        44         3         3    0.10084878765877292039E+01
        44         3         4    0.90087202241378727674E+00
        44         3         5    0.95474252151001437472E+00
        44         4         2    0.71712225066849755173E+00
        44         4         3    0.14145240176012292554E+01
        44         4         4    0.58667890276995970922E+00
        44         4         5    0.61981683587242664135E+00
        44         5         2    0.16499842737754646937E+00
        44         5         3    0.11988095283883283548E+00
        44         5         4    0.53132392121664893947E-01
        44         5         5    0.16438360300812523973E+00
        45         2         2    0.79993268711205392507E-01
        45         2         3    0.10193289873441296889E+00
        45         2         4    0.32694660535517776345E-01
        45         2         5    0.67392968501275143933E-01
        45         3         2    0.73332213781794064467E+00
        45         3         3    0.81254405882538704997E+00
        45         3         4    0.49251713501404281725E+00
        45         3         5    0.48424220414050700434E+00
        45         4         2    0.47596381805538506837E+00
        45         4         3    0.10257794071687689197E+01
        45         4         4    0.56824189498958543876E+00
        45         4         5    0.73457755975607652577E+00
        45         5         2    0.82806374600297660837E-01
        45         5         3    0.55815466656072384999E-01
        45         5         4    0.11531005774316881868E-01
        45         5         5    0.11941116925163755558E+00
        46         2         2    0.20307785690234148035E+00
        46         2         3    0.83172386551526145126E-01
        46         2         4    0.12525521606120768037E+00
        46         2         5    0.85864533983329660582E-01
        46         3         2    0.63051252522238054876E+00
        46         3         3    0.63974151973209436584E+00
        46         3         4    0.61921932560818904179E+00
        46         3         5    0.44994037712998441458E+00
        46         4         2    0.54497480931335562371E+00
        46         4         3    0.80738056425625692736E+00
        46         4         4    0.92763386050332685695E+00
        46         4         5    0.66276944344752208860E+00
        46         5         2    0.73780711577210000840E-01
        46         5         3    0.15454308177502734667E+00
        46         5         4    0.14405555385978410787E+00
        46         5         5    0.15389945005731076044E+00
        47         2         2    0.21294571245909238444E+00
        47         2         3    0.48305129796384717322E-01
        47         2         4    0.10125572468538457382E+00
        47         2         5    0.61251760878637588614E-01
        47         3         2    0.13421789900398739537E+01
        47         3         3    0.89084190519735262370E+00
        47         3         4    0.67028569786748404269E+00
        47         3         5    0.59228405654613913711E+00
        47         4         2    0.83454907680273637816E+00
        47         4         3    0.11279617273945663491E+01
        47         4         4    0.41714850873067321757E+00
        47         4         5    0.36197767321809593000E+00
        47         5         2    0.61221304634831261171E-01
        47         5         3    0.20188914131973545452E+00
        47         5         4    0.11048997469934310200E+00
        47         5         5    0.50730273198855313499E-01
        48         2         2    0.24068223777811739716E+00
        48         2         3    0.10780764087798822004E+00
        48         2         4    0.23899407893540550174E+00
        48         2         5    0.90227428275654511514E-01
        48         3         2    0.12350814713501889752E+01
        48         3         3    0.64020903582167210111E+00
        48         3         4    0.92966732944626562229E+00
        48         3         5    0.76131010604360016547E+00
        48         4         2    0.88732685250087073303E+00
        48         4         3    0.64335961472613245604E+00
        48         4         4    0.51170696600629628215E+00
        48         4         5    0.98588582970034166486E+00
        48         5         2    0.95539514549718651537E-01
        48         5         3    0.11919883722438739948E+00
        48         5         4    0.95184670148819344737E-01
        48         5         5    0.17776221923901300292E+00
        49         2         2    0.12725978919935437839E+00
        49         2         3    0.55186913447237528896E-01
        49         2         4    0.14029637774052117205E+00
        49         2         5    0.61222495779256452808E-01
        49         3         2    0.89793548494558617090E+00
        49         3         3    0.75080494824610943816E+00
        49         3         4    0.64778455498260067991E+00
        49         3         5    0.69191871599409471294E+00
        49         4         2    0.10802921654575365906E+01
        49         4         3    0.11212725630063957727E+01
        49         4         4    0.87535656190287025602E+00
        49         4         5    0.11221260920420437213E+01
        49         5         2    0.80737096991833179338E-01
        49         5         3    0.11782935049134110606E+00
        49         5         4    0.13505378218179958649E+00
        49         5         5    0.19563647918478266341E+00
        50         2         2    0.73417652306334985068E-01
        50         2         3    0.15752013514284293749E+00
        50         2         4    0.13147781203324362953E+00
        50         2         5    0.14808798098086467521E-01
        50         3         2    0.85561451439885161108E+00
        50         3         3    0.12447872452801196363E+01
        50         3         4    0.79476025379430659257E+00
        50         3         5    0.57418484978304606958E+00
        50         4         2    0.68297114108178158531E+00
        50         4         3    0.72356998871228017656E+00
        50         4         4    0.48054382944592105575E+00
        50         4         5    0.60961408714504838890E+00
        50         5         2    0.24391992454440510757E-01
        50         5         3    0.18063907663671965181E-01
        50         5         4    0.33714772917481497516E-01
        50         5         5    0.16718740002210177864E+00
        51         2         2    0.43431515362125444613E-01
        51         2         3    0.11521320740031104624E+00
        51         2         4    0.17818985882275478749E+00
        51         2         5    0.70339809837030253803E-01
        51         3         2    0.53833179433976474648E+00
        51         3         3    0.10111323704477284124E+01
        51         3         4    0.11601305335539628949E+01
        51         3         5    0.63032908062004477934E+00
        51         4         2    0.58136561489298710370E+00
        51         4         3    0.74401123608769881290E+00
        51         4         4    0.66493842953294013398E+00
        51         4         5    0.77799295826705949786E+00
        51         5         2    0.64511350886106502700E-01
        51         5         3    0.74139133501414863914E-01
        51         5         4    0.14771268947952109762E+00
        51         5         5    0.26744607813755438830E+00
        52         2         2    0.75091530539551809564E-01
        52         2         3    0.16547292617001416182E+00
        52         2         4    0.16857700515962273369E+00
        52         2         5    0.16412391836243023224E+00
        52         3         2    0.81348617200624517842E+00
        52         3         3    0.10433516587354305649E+01
        52         3         4    0.87723425995888604234E+00
        52         3         5    0.89083412800687045152E+00
        52         4         2    0.56701622475595048201E+00
        52         4         3    0.88990515212993803740E+00
        52         4         4    0.75665427215855562970E+00
        52         4         5    0.78837165668980313527E+00
        52         5         2    0.12962656801016669839E+00
        52         5         3    0.50844640284292211274E-01
        52         5         4    0.10744192045760046772E+00
        52         5         5    0.23029439330932444108E+00
        53         2         2    0.82362822479635014461E-01
        53         2         3    0.22236292210603991748E+00
        53         2         4    0.19233411710268927264E+00
        53         2         5    0.84557304979980235649E-01
        53         3         2    0.75265974377830402453E+00
        53         3         3    0.10824598637274585045E+01
        53         3         4    0.73176862478961879344E+00
        53         3         5    0.63295786505962725599E+00
        53         4         2    0.85169719433192336844E+00
        53         4         3    0.86809131959792651401E+00
        53         4         4    0.60052968988248844884E+00
        53         4         5    0.41407800278239353942E+00
        53         5         2    0.14181324822313168266E+00
        53         5         3    0.12734219695962309404E+00
        53         5         4    0.29668737392606246706E-01
        53         5         5    0.10743328172873542470E+00
        54         2         2    0.29499618565306289647E-01
        54         2         3    0.77243593947651040255E-01
        54         2         4    0.70774206562935829123E-01
        54         2         5    0.66440211527643289191E-01
        54         3         2    0.50108204178865589640E+00
        54         3         3    0.75629057996564486022E+00
        54         3         4    0.12920783150604024936E+01
        54         3         5    0.60620343760595951643E+00
        54         4         2    0.67800239871783618550E+00
        54         4         3    0.58704967205860103530E+00
        54         4         4    0.79798526619587117903E+00
        54         4         5    0.50554105315219410866E+00
        54         5         2    0.75392761579200578970E-01
        54         5         3    0.55619635499770211928E-01
        54         5         4    0.17450383988466514062E+00
        54         5         5    0.12203863902891508297E+00
        55         2         2    0.67343454180279926913E-01
        55         2         3    0.82527021019496216159E-01
        55         2         4    0.10307796246106110116E+00
        55         2         5    0.17069177999777149224E+00
        55         3         2    0.56284544969057637154E+00
        55         3         3    0.62504297974435440999E+00
        55         3         4    0.79341225692431482930E+00
        55         3         5    0.99061316399785803721E+00
        55         4         2    0.10224992429892005852E+01
        55         4         3    0.92280988608587466437E+00
        55         4         4    0.94811196896845040261E+00
        55         4         5    0.71399947318064205248E+00
        55         5         2    0.21038837568253104804E+00
        55         5         3    0.12787374898939718459E+00
        55         5         4    0.22694771373291466876E+00
        55         5         5    0.87125801172866265687E-01
        56         2         2    0.12541830255990263354E+00
        56         2         3    0.56777495373376687948E-01
        56         2         4    0.12826521673029947501E+00
        56         2         5    0.13389345690945214651E+00
        56         3         2    0.58096209341490812061E+00
        56         3         3    0.42544071333616195751E+00
        56         3         4    0.73858941683903478470E+00
        56         3         5    0.79009471234928585481E+00
        56         4         2    0.69932660052793993444E+00
        56         4         3    0.71273662401612269957E+00
        56         4         4    0.10496961339515846756E+01
        56         4         5    0.93742507379911987897E+00
        56         5         2    0.22488020402795316777E+00
        56         5         3    0.95679153331393707038E-01
        56         5         4    0.28794159559349558064E+00
        56         5         5    0.23604552326727046285E+00
        57         2         2    0.56363527567837579113E-01
        57         2         3    0.69253915625576215054E-01
        57         2         4    0.11346626688264756233E+00
        57         2         5    0.31071603402193637145E+00
        57         3         2    0.69306455803244215730E+00
        57         3         3    0.51631809063323752529E+00
        57         3         4    0.48849285596313324342E+00
        57         3         5    0.12118845424976756320E+01
        57         4         2    0.66708952315916369979E+00
        57         4         3    0.94803857609882391522E+00
        57         4         4    0.51991296068061509938E+00
        57         4         5    0.58348261210374663399E+00
        57         5         2    0.39070195054368685172E-01
        57         5         3    0.72095225014290886811E-01
        57         5         4    0.66755890309457471821E-01
        57         5         5    0.29617194313206231249E-01
        58         2         2    0.10967743939890010896E+00
        58         2         3    0.10909102715102536596E+00
        58         2         4    0.13050259545110770576E+00
        58         2         5    0.15558913963628101529E+00
        58         3         2    0.75269585916370196355E+00
        58         3         3    0.59752828314894446127E+00
        58         3         4    0.68257406976761580975E+00
        58         3         5    0.12881508094983684654E+01
        58         4         2    0.65071349349491558467E+00
        58         4         3    0.79206127159065131682E+00
        58         4         4    0.55776593284269437856E+00
        58         4         5    0.40048890456857660913E+00
        58         5         2    0.30627336654558749013E-01
        58         5         3    0.15113223530226593816E+00
        58         5         4    0.84260665409164312023E-01
        58         5         5    0.16829087430657849178E-01
        59         2         2    0.44420562247349609786E-01
        59         2         3    0.31863614263067413512E-01
        59         2         4    0.16705242728528765794E+00
        59         2         5    0.60182437477517870816E-01
        59         3         2    0.42076215196727856371E+00
        59         3         3    0.52198363451945861691E+00
        59         3         4    0.86593032396956659547E+00
        59         3         5    0.85327840420564460278E+00
        59         4         2    0.49315903866961063873E+00
        59         4         3    0.67087047628649232323E+00
        59         4         4    0.51230115220417016264E+00
        59         4         5    0.45597600009397198928E+00
        59         5         2    0.11290348324007805358E+00
        59         5         3    0.56533775574052091972E-01
        59         5         4    0.12163251638946097344E+00
        59         5         5    0.47758896678372506073E-01
        60         2         2    0.55458557544510150850E-01
        60         2         3    0.12216089077568900723E+00
        60         2         4    0.20980964588019321293E+00
        60         2         5    0.22553105642865534097E+00
        60         3         2    0.45034653978602973146E+00
        60         3         3    0.69326940659153235558E+00
        60         3         4    0.12978348076127408373E+01
        60         3         5    0.99187030338950710195E+00
        60         4         2    0.76407917034149575031E+00
        60         4         3    0.42907072236677246124E+00
        60         4         4    0.11325476794922848534E+01
        60         4         5    0.82900433076932411591E+00
        60         5         2    0.11041979693237727322E+00
        60         5         3    0.15436511937922904256E-01
        60         5         4    0.11946067427683249029E+00
        60         5         5    0.49595814304910751380E-01
        61         2         2    0.13266961736046792297E+00
        61         2         3    0.13686398471116695275E+00
        61         2         4    0.60740724185467033502E-01
        61         2         5    0.12036439128767571771E+00
        61         3         2    0.72507370160107675883E+00
        61         3         3    0.85864080783069640646E+00
        61         3         4    0.72375857825496181519E+00
        61         3         5    0.83031347407763478330E+00
        61         4         2    0.37150839971349169932E+00
        61         4         3    0.56944691337548458687E+00
        61         4         4    0.11192445150542369436E+01
        61         4         5    0.65915241147630787566E+00
        61         5         2    0.14814153414704472195E-01
        61         5         3    0.98730455246891658111E-02
        61         5         4    0.15530000093593193666E+00
        61         5         5    0.63901902945392344280E-01
        62         2         2    0.76331927613319486281E-01
        62         2         3    0.69932317178776390310E-01
        62         2         4    0.95780781758295768791E-01
        62         2         5    0.19912720100871147966E+00
        62         3         2    0.78766816962181140926E+00
        62         3         3    0.78512794812945330136E+00
        62         3         4    0.58050946943210868234E+00
        62         3         5    0.12110825286040853843E+01
        62         4         2    0.48660613664183960392E+00
        62         4         3    0.77342251640237480448E+00
        62         4         4    0.68589585088577886829E+00
        62         4         5    0.81853568827254030715E+00
        62         5         2    0.64606283426656987978E-01
        62         5         3    0.16336375072597311697E+00
        62         5         4    0.15403864130422836864E+00
        62         5         5    0.15361253485611098268E+00
        63         2         2    0.11786661572221339422E+00
        63         2         3    0.67778490313773837039E-01
        63         2         4    0.20787603757912179181E+00
        63         2         5    0.20198722922392206569E+00
        63         3         2    0.10102935036771636401E+01
        63         3         3    0.80117985451251272355E+00
        63         3         4    0.91715066839143288835E+00
        63         3         5    0.10332680123964330665E+01
        63         4         2    0.78472808810957106473E+00
        63         4         3    0.53755579561640387531E+00
        63         4         4    0.68654216581117444296E+00
        63         4         5    0.61361281556150737426E+00
        63         5         2    0.10402142904934029433E+00
        63         5         3    0.75289062721656599408E-01
        63         5         4    0.94334348441346874137E-01
        63         5         5    0.10213629092017717515E+00
        64         2         2    0.38171966835819609587E-01
        64         2         3    0.11764730199278355255E-01
        64         2         4    0.83162042709675851326E-01
        64         2         5    0.13416662054018949068E+00
        64         3         2    0.70711593533752781227E+00
        64         3         3    0.65312916025381806406E+00
        64         3         4    0.94783557572337062691E+00
        64         3         5    0.80048624819349945003E+00
        64         4         2    0.87355894869010575210E+00
        64         4         3    0.68824769018675513443E+00
        64         4         4    0.65515338438073023042E+00
        64         4         5    0.49724357351749787215E+00
        64         5         2    0.13876466967753542381E+00
        64         5         3    0.82236852384246522663E-01
        64         5         4    0.85093762628947411386E-01
        64         5         5    0.74962893118947784843E-01
        65         2         2    0.12156894891728367569E+00
        65         2         3    0.24910464832560288290E-01
        65         2         4    0.86938966833419936697E-01
        65         2         5    0.10190691874501980885E+00
        65         3         2    0.89665900278186427830E+00
        65         3         3    0.85176629553091276481E+00
        65         3         4    0.69405316329254862495E+00
        65         3         5    0.80365127216375953356E+00
        65         4         2    0.83100070865589470426E+00
        65         4         3    0.86464555368602591390E+00
        65         4         4    0.61470716720221807439E+00
        65         4         5    0.66270425188280701612E+00
        65         5         2    0.54846321851449525431E-01
        65         5         3    0.12354240983643383078E+00
        65         5         4    0.12968861801016307034E+00
        65         5         5    0.94873813147000857215E-01
        66         2         2    0.27259079648941270113E+00
        66         2         3    0.13146279753506232013E+00
        66         2         4    0.97955436219078997895E-01
        66         2         5    0.52642078926656260540E-01
        66         3         2    0.12082677001511077375E+01
        66         3         3    0.72542466004151595627E+00
        66         3         4    0.85873924667371503983E+00
        66         3         5    0.83729940032681005047E+00
        66         4         2    0.65041423995171077088E+00
        66         4         3    0.11449248313874182958E+01
        66         4         4    0.85247739094605778920E+00
        66         4         5    0.88935463570948436463E+00
        66         5         2    0.26013500800436885341E-01
        66         5         3    0.29844189076909233282E+00
        66         5         4    0.19570940634242459111E+00
        66         5         5    0.80196704493998724472E-01
        67         2         2    0.15801315800822071655E+00
        67         2         3    0.19458338364902413864E+00
        67         2         4    0.13506241624869547158E+00
        67         2         5    0.27160988632889709882E-01
        67         3         2    0.87983227008123554569E+00
        67         3         3    0.96832778077404846329E+00
        67         3         4    0.62437731077587554918E+00
        67         3         5    0.38449460781035293966E+00
        67         4         2    0.45855453079649677317E+00
        67         4         3    0.95261104601174295681E+00
        67         4         4    0.91985365437902499863E+00
        67         4         5    0.78827609337252602106E+00
        67         5         2    0.42423385643270042356E-01
        67         5         3    0.18003955764407525431E+00
        67         5         4    0.10115071299183768516E+00
        67         5         5    0.10616029896394187093E+00
        68         2         2    0.12532233219821226067E+00
        68         2         3    0.10873461214849668155E+00
        68         2         4    0.10197051139738244618E+00
        68         2         5    0.36401979807912994425E-01
        68         3         2    0.76914028678654677851E+00
        68         3         3    0.13820443200033405429E+01
        68         3         4    0.91353558752846519830E+00
        68         3         5    0.61467528881500110849E+00
        68         4         2    0.76393810123168770509E+00
        68         4         3    0.14189405076713852427E+01
        68         4         4    0.10881755750116501869E+01
        68         4         5    0.96072888641629661244E+00
        68         5         2    0.33777055560921011301E-01
        68         5         3    0.19476162623447751399E+00
        68         5         4    0.12429542397263110276E+00
        68         5         5    0.10054521553512121845E+00
        69         2         2    0.70711294386634926390E-01
        69         2         3    0.15410542516039726912E+00
        69         2         4    0.96276482845671279565E-01
        69         2         5    0.11419292739717051832E+00
        69         3         2    0.53308270359912446335E+00
        69         3         3    0.10567819467149948132E+01
        69         3         4    0.11855947053664626090E+01
        69         3         5    0.80767483030862108340E+00
        69         4         2    0.34810007282897809100E+00
        69         4         3    0.93255894748212853074E+00
        69         4         4    0.13710927653191800069E+01
        69         4         5    0.64914598661307520988E+00
        69         5         2    0.61324363628833686302E-01
        69         5         3    0.21204861499566465821E+00
        69         5         4    0.17404549884493833445E+00
        69         5         5    0.92170291915568205998E-01
        70         2         2    0.90839563280517482413E-01
        70         2         3    0.13476876729882680817E+00
        70         2         4    0.10054047880210845167E+00
        70         2         5    0.60333815940783547260E-01
        70         3         2    0.81521720970738709156E+00
        70         3         3    0.10714288951020525253E+01
        70         3         4    0.99771092972323383030E+00
        70         3         5    0.72138408759856820218E+00
        70         4         2    0.75303495326231628670E+00
        70         4         3    0.10326654293380859162E+01
        70         4         4    0.14106378024497197021E+01
        70         4         5    0.74107504291476566927E+00
        70         5         2    0.11099224647534863819E+00
        70         5         3    0.24356423616081518402E+00
        70         5         4    0.16362436825644166571E+00
        70         5         5    0.95237885593393037387E-01
        71         2         2    0.52024016518460065861E-01
        71         2         3    0.12088554679864411956E+00
        71         2         4    0.64601825871140577950E-01
        71         2         5    0.56388741553624513458E-01
        71         3         2    0.87487031875949405890E+00
        71         3         3    0.11998465804936901957E+01
        71         3         4    0.89736365433685061355E+00
        71         3         5    0.81131857975765120372E+00
        71         4         2    0.12134920597966998290E+01
        71         4         3    0.81022329418173411053E+00
        71         4         4    0.13953000278679772439E+01
        71         4         5    0.12004730416234736801E+01
        71         5         2    0.19163921578258300005E+00
        71         5         3    0.13317664076385277161E+00
        71         5         4    0.31081966993550746992E+00
        71         5         5    0.27029546757607758600E+00
        72         2         2    0.78205170416848407422E-01
        72         2         3    0.21348560776277678008E+00
        72         2         4    0.10172354815138234807E+00
        72         2         5    0.68245220339633969053E-01
        72         3         2    0.58806700086084529033E+00
        72         3         3    0.12014828956123859705E+01
        72         3         4    0.10273370585467005434E+01
        72         3         5    0.57272470968460642560E+00
        72         4         2    0.34770412421243568346E+00
        72         4         3    0.72604753871110883079E+00
        72         4         4    0.88689265809576123267E+00
        72         4         5    0.10157150316399077283E+01
        72         5         2    0.51983022431828698057E-02
        72         5         3    0.55626609945932971313E-01
        72         5         4    0.21615646946795977201E+00
        72         5         5    0.19867071555435783514E+00
        73         2         2    0.12586521600252265074E+00
        73         2         3    0.14355406936796435979E+00
        73         2         4    0.14047493485601147967E+00
        73         2         5    0.97974606563474370136E-01
        73         3         2    0.64488776511111711720E+00
        73         3         3    0.72848121557131917392E+00
        73         3         4    0.97518447172713129678E+00
        73         3         5    0.69355805560849814739E+00
        73         4         2    0.55092636133457018044E+00
        73         4         3    0.90933829475190153246E+00
        73         4         4    0.10308938521394968024E+01
        73         4         5    0.94360099419469811721E+00
        73         5         2    0.88288027745324709761E-01
        73         5         3    0.14075454297422451688E+00
        73         5         4    0.18054567334173021731E+00
        73         5         5    0.16406184220067149271E+00
        74         2         2    0.23355893247408479607E+00
        74         2         3    0.18195218783833808085E+00
        74         2         4    0.10057730881832359360E+00
        74         2         5    0.88814948900456186509E-01
        74         3         2    0.90502742298051064296E+00
        74         3         3    0.81264607512595465888E+00
        74         3         4    0.98241038843024242055E+00
        74         3         5    0.66739226044774024871E+00
        74         4         2    0.69234720402692018215E+00
        74         4         3    0.79843829641367358718E+00
        74         4         4    0.12304096474165280295E+01
        74         4         5    0.92310772762823078974E+00
        74         5         2    0.14217312808857010542E+00
        74         5         3    0.87255881666270906916E-01
        74         5         4    0.13167697028395383696E+00
        74         5         5    0.41600693325116323840E-01
        75         2         2    0.16250347468138395812E+00
        75         2         3    0.13702005245856388460E+00
        75         2         4    0.91052568418248672200E-01
        75         2         5    0.96197225404193925646E-01
        75         3         2    0.83680048618235214342E+00
        75         3         3    0.12437218768776590050E+01
        75         3         4    0.57575334058964033890E+00
        75         3         5    0.82623498855636579030E+00
        75         4         2    0.74205539526167108022E+00
        75         4         3    0.10827091781298021633E+01
        75         4         4    0.76276814160649597518E+00
        75         4         5    0.68562310078112731482E+00
        75         5         2    0.23704144125119686048E+00
        75         5         3    0.12985188906017752775E+00
        75         5         4    0.55575670670370072579E-01
        75         5         5    0.81808250653093328442E-01
        76         2         2    0.16008033877973693038E+00
        76         2         3    0.11567397463471094932E+00
        76         2         4    0.15536784805242379037E+00
        76         2         5    0.55103360121252997761E-01
        76         3         2    0.90854981811851920348E+00
        76         3         3    0.80858251123993540865E+00
        76         3         4    0.61439868571233891004E+00
        76         3         5    0.55963616625184542386E+00
        76         4         2    0.59925038530906493683E+00
        76         4         3    0.87763148645319966068E+00
        76         4         4    0.55499015820279762323E+00
        76         4         5    0.59995556997025367707E+00
        76         5         2    0.40512651537443308825E-01
        76         5         3    0.61449855858690151378E-01
        76         5         4    0.88361431957314287566E-01
        76         5         5    0.16373844273566873220E+00
        77         2         2    0.14780778185590548457E+00
        77         2         3    0.25142848885106078294E+00
        77         2         4    0.11652745248355367291E+00
        77         2         5    0.15368281882653211934E+00
        77         3         2    0.76300568005710533992E+00
        77         3         3    0.12618454847238216310E+01
        77         3         4    0.96235497429089422727E+00
        77         3         5    0.13206796199885975085E+01
        77         4         2    0.41858411268557166318E+00
        77         4         3    0.66689213501236699333E+00
        77         4         4    0.91824950664294002767E+00
        77         4         5    0.66659654095052389700E+00
        77         5         2    0.29508066066999197319E-01
        77         5         3    0.36426969913947810026E-03
        77         5         4    0.88734409261373395350E-01
        77         5         5    0.11768486205580439008E+00
        78         2         2    0.11856429496465713258E+00
        78         2         3    0.17955901875826035807E+00
        78         2         4    0.91341116909101419119E-01
        78         2         5    0.13518644538283183798E+00
        78         3         2    0.72662151595796908854E+00
        78         3         3    0.10000774207604732347E+01
        78         3         4    0.10907634748823711313E+01
        78         3         5    0.11950973813994623107E+01
        78         4         2    0.52260229886994646886E+00
        78         4         3    0.68110748157070111208E+00
        78         4         4    0.11079453101045420027E+01
        78         4         5    0.77916953069828964740E+00
        78         5         2    0.33741778238427208580E-01
        78         5         3    0.39783117328597593365E-01
        78         5         4    0.13499383802005632260E+00
        78         5         5    0.12244718180295359466E+00
        79         2         2    0.15559377234180285510E+00
        79         2         3    0.15565432580418755992E+00
        79         2         4    0.14612162262853997663E+00
        79         2         5    0.17915842158774469839E+00
        79         3         2    0.72252830943541446196E+00
        79         3         3    0.11303589300254384131E+01
        79         3         4    0.13152336342029471439E+01
        79         3         5    0.88743917744766642741E+00
        79         4         2    0.82049283504073355910E+00
        79         4         3    0.79718563413626197800E+00
        79         4         4    0.10239850879432494946E+01
        79         4         5    0.53437196959166333166E+00
        79         5         2    0.11172747077402037097E+00
        79         5         3    0.76480023214177517143E-01
        79         5         4    0.11557267801438922405E+00
        79         5         5    0.12741597437891138966E+00
        80         2         2    0.14390139201484633547E+00
        80         2         3    0.16292890807048390767E+00
        80         2         4    0.15468033086689403355E+00
        80         2         5    0.15274485657630951230E+00
        80         3         2    0.75271969980923603138E+00
        80         3         3    0.82334819291680483300E+00
        80         3         4    0.11560994286671770759E+01
        80         3         5    0.99534002655426179196E+00
        80         4         2    0.11536215729105190331E+01
        80         4         3    0.81647481924801368347E+00
        80         4         4    0.11608753927213013579E+01
        80         4         5    0.79164604057413046068E+00
        80         5         2    0.11325708030263668957E+00
        80         5         3    0.11281226354402959511E+00
        80         5         4    0.11186341548766336185E+00
        80         5         5    0.13582209782553894550E+00
        81         2         2    0.13203154404828038038E+00
        81         2         3    0.18670902687294907429E+00
        81         2         4    0.92564433966784973040E-01
        81         2         5    0.23546249637599277194E-01
        81         3         2    0.68939284151516733168E+00
        81         3         3    0.11896298220372234500E+01
        81         3         4    0.86697789312222872660E+00
        81         3         5    0.44638061819310892453E+00
        81         4         2    0.10249813577367927753E+01
        81         4         3    0.10333020939474939492E+01
        81         4         4    0.10916703423439133580E+01
        81         4         5    0.74118271780999833709E+00
        81         5         2    0.11473831304858979341E+00
        81         5         3    0.15927651756049021614E+00
        81         5         4    0.18880728165458818268E+00
        81         5         5    0.14363140678592842270E+00
        82         2         2    0.20583673592557895360E-01
        82         2         3    0.10150395293869544922E+00
        82         2         4    0.10721643371645549203E+00
        82         2         5    0.54019217644850209270E-01
        82         3         2    0.53484447636734733234E+00
        82         3         3    0.72470576931799346454E+00
        82         3         4    0.96601085378195405973E+00
        82         3         5    0.69937191409827370592E+00
        82         4         2    0.92732323234600455564E+00
        82         4         3    0.69600646758971507211E+00
        82         4         4    0.86547213547898715902E+00
        82         4         5    0.11938333670778042972E+01
        82         5         2    0.12624806414537720345E+00
        82         5         3    0.11985751522535260938E+00
        82         5         4    0.16278370397973751516E+00
        82         5         5    0.16724194031109013148E+00
        83         2         2    0.77395370258169296496E-01
        83         2         3    0.26688289778260258778E-01
        83         2         4    0.14284118622275551735E+00
        83         2         5    0.12176073580946093766E+00
        83         3         2    0.69967348611656654533E+00
        83         3         3    0.64489987332867437786E+00
        83         3         4    0.96808920259656339180E+00
        83         3         5    0.75320831832459855804E+00
        83         4         2    0.10434219672147917457E+01
        83         4         3    0.79827947956567102406E+00
        83         4         4    0.67108235753215106367E+00
        83         4         5    0.79323757643813319618E+00
        83         5         2    0.12300093370786520375E+00
        83         5         3    0.12663428570128099082E+00
        83         5         4    0.77817621437919912153E-01
        83         5         5    0.11464879282210742317E+00
        84         2         2    0.51810969429630648886E-01
        84         2         3    0.89129364386866846703E-01
        84         2         4    0.10981043766590208033E+00
        84         2         5    0.17242657687366952368E+00
        84         3         2    0.75217245104392504995E+00
        84         3         3    0.71755414450282850591E+00
        84         3         4    0.91125250863675277824E+00
        84         3         5    0.91905836532419615814E+00
        84         4         2    0.78545288708675686795E+00
        84         4         3    0.10138474159280448372E+01
        84         4         4    0.10403526066529171779E+01
        84         4         5    0.88585951548005736900E+00
        84         5         2    0.94525823530216684931E-01
        84         5         3    0.11515744127898551452E+00
        84         5         4    0.11659344990117352647E+00
        84         5         5    0.89159017989392713721E-01
        85         2         2    0.25959008164578201150E+00
        85         2         3    0.93953143892575724516E-01
        85         2         4    0.97509822612893176652E-01
        85         2         5    0.14005671816954645692E+00
        85         3         2    0.99496985745847088545E+00
        85         3         3    0.60035643092309798341E+00
        85         3         4    0.80814458477949280280E+00
        85         3         5    0.83457388370065188621E+00
        85         4         2    0.70280632586477187473E+00
        85         4         3    0.94535272595571273602E+00
        85         4         4    0.12347029717322495213E+01
        85         4         5    0.64868040808582383416E+00
        85         5         2    0.10011460786730472239E+00
        85         5         3    0.16011678674600107741E+00
        85         5         4    0.30709699117756800169E+00
        85         5         5    0.94870796775966326209E-01
        86         2         2    0.19319785338054296098E+00
        86         2         3    0.14683954381333824690E+00
        86         2         4    0.15965604037523467573E+00
        86         2         5    0.13767329699756153394E+00
        86         3         2    0.87836711762625918620E+00
        86         3         3    0.80498348547524434249E+00
        86         3         4    0.72512116549638727658E+00
        86         3         5    0.72113907586299752506E+00
        86         4         2    0.47790149135625453747E+00
        86         4         3    0.90306694780442953174E+00
        86         4         4    0.90421166288141119338E+00
        86         4         5    0.61754697475327524625E+00
        86         5         2    0.44309425836397943466E-01
        86         5         3    0.96460119268810845528E-01
        86         5         4    0.16038280517866423946E+00
        86         5         5    0.29562837626916579209E-01
        87         2         2    0.64081891342240321352E-01
        87         2         3    0.39294047902929334082E-01
        87         2         4    0.12197848693487917116E+00
        87         2         5    0.14843698488394288515E+00
        87         3         2    0.63456208672167291329E+00
        87         3         3    0.60678126058389469932E+00
        87         3         4    0.74337729780947281455E+00
        87         3         5    0.78092713799396218377E+00
        87         4         2    0.33328871023607958834E+00
        87         4         3    0.99461260014071573021E+00
        87         4         4    0.10336180984149725415E+01
        87         4         5    0.52754943536545828575E+00
        87         5         2    0.63690573352123455719E-01
        87         5         3    0.18875047105782172263E+00
        87         5         4    0.27700269957171180790E+00
        87         5         5    0.11671946479647284101E+00
        88         2         2    0.12347534651908380343E+00
        88         2         3    0.13540535122415939262E+00
        88         2         4    0.18697728664473614590E+00
        88         2         5    0.15635579032357541096E+00
        88         3         2    0.63526715189190707811E+00
        88         3         3    0.75952188806441134350E+00
        88         3         4    0.79673830071009810183E+00
        88         3         5    0.77300139120869049147E+00
        88         4         2    0.58497063371101865048E+00
        88         4         3    0.91711590710925716685E+00
        88         4         4    0.10714903055515507813E+01
        88         4         5    0.11149117107752106737E+01
        88         5         2    0.12413348736902032887E+00
        88         5         3    0.12194251888610524448E+00
        88         5         4    0.12813153311424313463E+00
        88         5         5    0.98496471223394999051E-01
        89         2         2    0.73767329762882902222E-01
        89         2         3    0.46519286891607981860E-01
        89         2         4    0.13568397429495782092E+00
        89         2         5    0.23437756183705374391E+00
        89         3         2    0.64713960639695344845E+00
        89         3         3    0.61863311378907670512E+00
        89         3         4    0.78904117413030605555E+00
        89         3         5    0.77003922851061312738E+00
        89         4         2    0.99795406976588396653E+00
        89         4         3    0.91717895194247101021E+00
        89         4         4    0.96041156330338972591E+00
        89         4         5    0.89287412117031716985E+00
        89         5         2    0.27362960398263497241E+00
        89         5         3    0.18349127771991141644E+00
        89         5         4    0.22516378212858298435E+00
        89         5         5    0.97458340919799518742E-01
        90         2         2    0.14142523896154235441E+00
        90         2         3    0.13751981693843209897E+00
        90         2         4    0.97806672645911113539E-01
        90         2         5    0.17234779205908015709E+00
        90         3         2    0.55023237030616445331E+00
        90         3         3    0.69226558972346063925E+00
        90         3         4    0.93031403530173373273E+00
        90         3         5    0.11039183748189220768E+01
        90         4         2    0.67843385063747296826E+00
        90         4         3    0.90690991459136383046E+00
        90         4         4    0.97708856247228603742E+00
        90         4         5    0.99207886265651235025E+00
        90         5         2    0.13975343334437240195E+00
        90         5         3    0.12924943550606299292E+00
        90         5         4    0.19867479054003650552E+00
        90         5         5    0.10531105128692824779E+00
        91         2         2    0.84941039313529836940E-01
        91         2         3    0.18650435261086509287E+00
        91         2         4    0.57126496215923437683E-01
        91         2         5    0.10433658532174067135E+00
        91         3         2    0.77319137027207862634E+00
        91         3         3    0.13206655160318025999E+01
        91         3         4    0.98729420064270756452E+00
        91         3         5    0.95369756864272092756E+00
        91         4         2    0.73895623577120284065E+00
        91         4         3    0.11867988457659075507E+01
        91         4         4    0.93421210058754988736E+00
        91         4         5    0.48313931051318770304E+00
        91         5         2    0.12240714909932770560E+00
        91         5         3    0.16599155737102275210E+00
        91         5         4    0.11799631478507573157E+00
        91         5         5    0.21757983833838513699E-01
        92         2         2    0.10313793882239516431E+00
        92         2         3    0.74678698281990918417E-01
        92         2         4    0.88371037506414520935E-01
        92         2         5    0.13548444284507327184E+00
        92         3         2    0.64965476909598629529E+00
        92         3         3    0.75138129482974891360E+00
        92         3         4    0.61996493709455102739E+00
        92         3         5    0.85333043728207058631E+00
        92         4         2    0.84604667598213845192E+00
        92         4         3    0.71469442676511030221E+00
        92         4         4    0.80017613145181176737E+00
        92         4         5    0.63793325656436616899E+00
        92         5         2    0.18286857177143236997E+00
        92         5         3    0.11648494674651965752E+00
        92         5         4    0.12339027272855193629E+00
        92         5         5    0.99030948957376213615E-01
        93         2         2    0.16848089246465580704E+00
        93         2         3    0.10025432862098727915E+00
        93         2         4    0.12631880290403152411E+00
        93         2         5    0.88358165959191728445E-01
        93         3         2    0.84881488163152152282E+00
        93         3         3    0.77178505674586850294E+00
        93         3         4    0.84161782415208841179E+00
        93         3         5    0.80203443039501587375E+00
        93         4         2    0.51006504625383186635E+00
        93         4         3    0.12332435164985933174E+01
        93         4         4    0.99149621461932935240E+00
        93         4         5    0.81848125695852202988E+00
        93         5         2    0.92929742593918687743E-01
        93         5         3    0.23705192964171828418E+00
        93         5         4    0.11813100346480909231E+00
        93         5         5    0.85707617060986743263E-01
        94         2         2    0.14465936966587117363E+00
        94         2         3    0.19897773736562981983E+00
        94         2         4    0.25781977960644408832E+00
        94         2         5    0.13450655299199862358E+00
        94         3         2    0.91116081057107234376E+00
        94         3         3    0.10631352029263141379E+01
        94         3         4    0.13058688794535153743E+01
        94         3         5    0.82068062316202416984E+00
        94         4         2    0.57946941560841747076E+00
        94         4         3    0.84523549234442463263E+00
        94         4         4    0.11221278021414899939E+01
        94         4         5    0.89070060470067469183E+00
        94         5         2    0.11366445670572648818E+00
        94         5         3    0.12383883961313248145E+00
        94         5         4    0.13747584514673069633E+00
        94         5         5    0.70880232802234863221E-01
        95         2         2    0.44400338596475810715E-01
        95         2         3    0.18827530222610755484E+00
        95         2         4    0.15665495698559708804E+00
        95         2         5    0.15849085439199753211E+00
        95         3         2    0.61111591066623527357E+00
        95         3         3    0.11941069813395206456E+01
        95         3         4    0.78265913372234774403E+00
        95         3         5    0.68437324113736819342E+00
        95         4         2    0.10749470398751324041E+01
        95         4         3    0.13917137587392589548E+01
        95         4         4    0.96806533259475102682E+00
        95         4         5    0.52288092872563807223E+00
        95         5         2    0.25235652208661257800E+00
        95         5         3    0.12544326351579096479E+00
        95         5         4    0.17794270497170897039E+00
        95         5         5    0.93064214051395435789E-01
        96         2         2    0.30414075986549545666E-01
        96         2         3    0.72597783420479441996E-01
        96         2         4    0.88497769361894948470E-01
        96         2         5    0.23370145948268972180E+00
        96         3         2    0.45722025928603710065E+00
        96         3         3    0.94938999879422669714E+00
        96         3         4    0.10256571287422020511E+01
        96         3         5    0.86230400586279487563E+00
        96         4         2    0.64571135994853523510E+00
        96         4         3    0.12056572151906430612E+01
        96         4         4    0.83691147248639352618E+00
        96         4         5    0.74252404560545892664E+00
        96         5         2    0.11946711746301036383E+00
        96         5         3    0.93146571212384260408E-01
        96         5         4    0.91908754076935980648E-01
        96         5         5    0.12701650509689738078E+00
        97         2         2    0.15957688598591660001E+00
        97         2         3    0.80841391097428022539E-01
        97         2         4    0.11589731826780977353E+00
        97         2         5    0.16842149314616822187E+00
        97         3         2    0.56940294680140568495E+00
        97         3         3    0.75065894596783400150E+00
        97         3         4    0.12636647010975516903E+01
        97         3         5    0.98875065209155776902E+00
        97         4         2    0.44568517778187732858E+00
        97         4         3    0.95320806591813789233E+00
        97         4         4    0.10172392119853983505E+01
        97         4         5    0.71966676129400386497E+00
        97         5         2    0.39209442395559658545E-01
        97         5         3    0.59261134803530263193E-01
        97         5         4    0.22166796443902947455E+00
        97         5         5    0.16640006900018183833E+00
        98         2         2    0.31405581567053408865E+00
        98         2         3    0.21215352765232681209E+00
        98         2         4    0.12285258497659760912E+00
        98         2         5    0.16860708494768156251E+00
        98         3         2    0.11912739002593846216E+01
        98         3         3    0.93399142982082838937E+00
        98         3         4    0.53039310354333801811E+00
        98         3         5    0.57117823777326459656E+00
        98         4         2    0.65358569844009895000E+00
        98         4         3    0.76323470988095831746E+00
        98         4         4    0.55783189550753264907E+00
        98         4         5    0.67608383508429148456E+00
        98         5         2    0.12877237218573059363E+00
        98         5         3    0.11565677988350137051E+00
        98         5         4    0.49669146243730984136E-01
        98         5         5    0.73643313298549409329E-01
        99         2         2    0.20947535724780660948E+00
        99         2         3    0.17771007955492457153E+00
        99         2         4    0.43759260973868452371E-01
        99         2         5    0.12032381336917802317E+00
        99         3         2    0.84750578130290399326E+00
        99         3         3    0.71083434249548238526E+00
        99         3         4    0.28950610004018334509E+00
        99         3         5    0.48882598768241486420E+00
        99         4         2    0.47465652052565882046E+00
        99         4         3    0.53077521651416148529E+00
        99         4         4    0.67770064320311595996E+00
        99         4         5    0.89613659211847751518E+00
        99         5         2    0.10566696829721917983E+00
        99         5         3    0.18697640865482423322E+00
        99         5         4    0.12501725587975529019E+00
        99         5         5    0.92035134124414788581E-01
       100         2         2    0.12206941613982963402E+00
       100         2         3    0.64635367851156380614E-01
       100         2         4    0.99920935733566307313E-01
       100         2         5    0.11895193483677990454E+00
       100         3         2    0.40844879025250685478E+00
       100         3         3    0.50922504266821055907E+00
       100         3         4    0.54609689034390018758E+00
       100         3         5    0.63557658038591113847E+00
       100         4         2    0.62217702468490942991E+00
       100         4         3    0.49452068941473731334E+00
       100         4         4    0.87585296824174019292E+00
       100         4         5    0.58319827556425307691E+00
       100         5         2    0.39753645026807150897E-01
       100         5         3    0.78372290763777829881E-01
       100         5         4    0.24643924176064607723E+00
       100         5         5    0.14323671721043026994E+00
       101         2         2    0.13527131972423989126E+00
       101         2         3    0.71610766424631003280E-01
       101         2         4    0.14684823001761737604E+00
       101         2         5    0.26944433696621139518E+00
       101         3         2    0.11784576337738128515E+01
       101         3         3    0.72466347601313729765E+00
       101         3         4    0.91494538322083851511E+00
       101         3         5    0.66343620591497498573E+00
       101         4         2    0.92517806688192827380E+00
       101         4         3    0.55410756143238215632E+00
       101         4         4    0.69256864679433460807E+00
       101         4         5    0.64021188378428772747E+00
       101         5         2    0.13752879936396836258E+00
       101         5         3    0.53975961134702328537E-01
       101         5         4    0.16525055392712673097E+00
       101         5         5    0.10393948701757738107E+00
