         2         2         2    0.16495238202464296411E-07
         2         2         3    0.14473275686804752169E-07
         2         2         4    0.12933448534647892404E-07
         2         2         5    0.13411016298277676308E-07
         2         3         2    0.13887891756237802174E-06
         2         3         3    0.70302128379183011604E-07
         2         3         4    0.10304481273314105619E-06
         2         3         5    0.74594620790622589711E-07
         2         4         2    0.11037694727994705189E-06
         2         4         3    0.79565549522441786779E-07
         2         4         4    0.12807942254339719270E-06
         2         4         5    0.12009966971563387805E-06
         2         5         2    0.60997868147476466992E-08
         2         5         3    0.75401374343991751172E-08
         2         5         4    0.13625880676283030237E-07
         2         5         5    0.17948318310733975588E-07
         3         2         2    0.51882877697170805233E-08
         3         2         3    0.23361035408666905216E-07
         3         2         4    0.13042074255788555264E-07
         3         2         5    0.66930886046558547979E-08
         3         3         2    0.57817619342239681573E-07
         3         3         3    0.12303009436327510070E-06
         3         3         4    0.68554417297477028302E-07
         3         3         5    0.71186961735668302787E-07
         3         4         2    0.10411159607687572071E-06
         3         4         3    0.75405258461500503550E-07
         3         4         4    0.89911236912558938953E-07
         3         4         5    0.85451650259294960698E-07
         3         5         2    0.80193505446680771015E-08
         3         5         3    0.82531676783779041459E-08
         3         5         4    0.27255080544846621675E-07
         3         5         5    0.14829328743842377903E-07
         4         2         2    0.45866264938881709361E-08
         4         2         3    0.13668291773105209119E-07
         4         2         4    0.29664108041612526563E-07
         4         2         5    0.14450637432913935177E-07
         4         3         2    0.50781286994759260315E-07
         4         3         3    0.10340504230087893936E-06
         4         3         4    0.14786867546060791182E-06
         4         3         5    0.96839318948671448066E-07
         4         4         2    0.66565231984288473867E-07
         4         4         3    0.11029240879728251035E-06
         4         4         4    0.14353875089324152485E-06
         4         4         5    0.53430154621699471008E-07
         4         5         2    0.61031346156834486534E-08
         4         5         3    0.23730275750995021308E-07
         4         5         4    0.27759014594034544124E-07
         4         5         5    0.23396476721179695329E-08
         5         2         2    0.10466251243657425465E-08
         5         2         3    0.14504533899727870978E-07
         5         2         4    0.28655072976492125978E-08
         5         2         5    0.74455228217238087235E-08
         5         3         2    0.49522238445690937348E-07
         5         3         3    0.60203320951141101015E-07
         5         3         4    0.41164576126849254220E-07
         5         3         5    0.29819287938068573639E-07
         5         4         2    0.10620632318942308836E-06
         5         4         3    0.91933037146755957613E-07
         5         4         4    0.54674520945297858937E-07
         5         4         5    0.41782685720570881743E-07
         5         5         2    0.22420960921296120728E-07
         5         5         3    0.10042781283033252538E-07
         5         5         4    0.11421362646778641844E-07
         5         5         5    0.73099164879481973094E-08
         6         2         2    0.88972248550108979269E-08
         6         2         3    0.87466896717853433037E-08
         6         2         4    0.40105801383322357842E-08
         6         2         5    0.16476780414029901741E-07
         6         3         2    0.12495746101228113391E-06
         6         3         3    0.10923129640666511932E-06
         6         3         4    0.70478997597817531493E-07
         6         3         5    0.67091771991985635267E-07
         6         4         2    0.85900423224543558008E-07
         6         4         3    0.13750773595575281012E-06
         6         4         4    0.10453497906882389455E-06
         6         4         5    0.79004067437601098362E-07
         6         5         2    0.15111314798939421986E-07
         6         5         3    0.33986208396791536125E-07
         6         5         4    0.18183046926471137659E-07
         6         5         5    0.74875305755572925370E-08
         7         2         2    0.35431820877998512186E-09
         7         2         3    0.42086155110301092608E-09
         7         2         4    0.49528657810267165306E-09
         7         2         5    0.47101108487393778263E-08
         7         3         2    0.58083348209495020824E-07
         7         3         3    0.71775807092354008963E-07
         7         3         4    0.81662959165468089655E-07
         7         3         5    0.12686785741454997372E-06
         7         4         2    0.10155736800191698009E-06
         7         4         3    0.11983465395631695210E-06
         7         4         4    0.13706665424001542267E-06
         7         4         5    0.11608395428345134465E-06
         7         5         2    0.21450449538667986628E-08
         7         5         3    0.14803798587467297273E-07
         7         5         4    0.19837045321273246134E-07
         7         5         5    0.20027555022442964621E-07
         8         2         2    0.28922867505863571779E-07
         8         2         3    0.20863538357387823014E-07
         8         2         4    0.10684864155106151110E-07
         8         2         5    0.99029338664715836717E-08
         8         3         2    0.86226574651919237059E-07
         8         3         3    0.12060280082715996660E-06
         8         3         4    0.62235573620605438280E-07
         8         3         5    0.48855936838681344981E-07
         8         4         2    0.10115764134675483375E-06
         8         4         3    0.10819398024448882352E-06
         8         4         4    0.60176407997899695792E-07
         8         4         5    0.48077298641192489590E-07
         8         5         2    0.20555541798360136032E-07
         8         5         3    0.68743868425860646528E-08
         8         5         4    0.60447539489474662871E-08
         8         5         5    0.12734747075799135459E-07
         9         2         2    0.82816032099050546077E-08
         9         2         3    0.79992498677737923765E-08
         9         2         4    0.90008892186464262187E-08
         9         2         5    0.10591849482506446737E-07
         9         3         2    0.83504322220415781648E-07
         9         3         3    0.95267816869298158601E-07
         9         3         4    0.97108510981165930445E-07
         9         3         5    0.82678400146837531602E-07
         9         4         2    0.15545526779960908176E-06
         9         4         3    0.15023386669474201915E-06
         9         4         4    0.12073725107850331966E-06
         9         4         5    0.10917049538846859264E-06
         9         5         2    0.24780722019807659742E-07
         9         5         3    0.30254417747500770507E-07
         9         5         4    0.16722753223822713300E-07
         9         5         5    0.16898457940206770241E-07
        10         2         2    0.40173279157949699299E-08
        10         2         3    0.90345109250439393637E-08
        10         2         4    0.13759803640438657258E-07
        10         2         5    0.18838116656394653365E-07
        10         3         2    0.49646723877621287759E-07
        10         3         3    0.52229432692958748769E-07
        10         3         4    0.13011564947700146501E-06
        10         3         5    0.12581244096815352013E-06
        10         4         2    0.44424691645408784538E-07
        10         4         3    0.52336506898504990866E-07
        10         4         4    0.11663006810408784354E-06
        10         4         5    0.91306226742063551884E-07
        10         5         2    0.45817235357266648339E-08
        10         5         3    0.64339232946363312266E-08
        10         5         4    0.27363485899021808587E-07
        10         5         5    0.25532012937803211861E-07
        11         2         2    0.12722033928454839946E-07
        11         2         3    0.99132339727081907783E-08
        11         2         4    0.10283306475705464131E-07
        11         2         5    0.16288367476736739412E-07
        11         3         2    0.12158289532915215982E-06
        11         3         3    0.11294701093616313598E-06
        11         3         4    0.85327611023027397893E-07
        11         3         5    0.14589155429659776204E-06
        11         4         2    0.73158404853249860157E-07
        11         4         3    0.65265343570814493246E-07
        11         4         4    0.11940580303885221416E-06
        11         4         5    0.11469550642908385394E-06
        11         5         2    0.94712450864806721851E-08
        11         5         3    0.81693078256973458461E-08
        11         5         4    0.13583267165905644134E-07
        11         5         5    0.17247760180974527929E-07
        12         2         2    0.19904452217970226807E-07
        12         2         3    0.23847606055945417418E-07
        12         2         4    0.10352588695053449722E-07
        12         2         5    0.38481294239315262635E-07
        12         3         2    0.85189131348593558746E-07
        12         3         3    0.13343975513239497570E-06
        12         3         4    0.73505562147407472154E-07
        12         3         5    0.11815377719808069169E-06
        12         4         2    0.66814810425050257124E-07
        12         4         3    0.67375541934427169568E-07
        12         4         4    0.74187623199927950566E-07
        12         4         5    0.49604762922369827808E-07
        12         5         2    0.72197419731372541308E-08
        12         5         3    0.99358920685130150719E-08
        12         5         4    0.18363137587168656458E-07
        12         5         5    0.13006479295729223204E-07
        13         2         2    0.16686430556748277173E-07
        13         2         3    0.27604283871404547929E-07
        13         2         4    0.13174487983119838823E-07
        13         2         5    0.12510024412309270086E-07
        13         3         2    0.10173894622594095448E-06
        13         3         3    0.11333914763475519851E-06
        13         3         4    0.11105845637512376151E-06
        13         3         5    0.83862347289351234128E-07
        13         4         2    0.48070140406187117155E-07
        13         4         3    0.62393831990662463084E-07
        13         4         4    0.44411298993954519844E-07
        13         4         5    0.63531008227333178368E-07
        13         5         2    0.73478502128617660765E-08
        13         5         3    0.73162288406815383812E-08
        13         5         4    0.39697736771177448739E-08
        13         5         5    0.13109026151456892721E-07
        14         2         2    0.12568359121955389229E-07
        14         2         3    0.45916168661084161319E-08
        14         2         4    0.95003760448927236553E-09
        14         2         5    0.12982001508763314473E-08
        14         3         2    0.83882891074717331260E-07
        14         3         3    0.70667058449420069989E-07
        14         3         4    0.76462089921586846988E-07
        14         3         5    0.10152799169023588722E-06
        14         4         2    0.98687242412687746263E-07
        14         4         3    0.15040291244775754934E-06
        14         4         4    0.13125296783990768312E-06
        14         4         5    0.67853955116077198750E-07
        14         5         2    0.93471949547874064216E-08
        14         5         3    0.26900858416615198118E-07
        14         5         4    0.80151809280167056810E-08
        14         5         5    0.11189914263656955805E-08
        15         2         2    0.13323842532167734818E-08
        15         2         3    0.15466310454535528759E-07
        15         2         4    0.15752003846562938595E-07
        15         2         5    0.17139190058004575349E-08
        15         3         2    0.88579261381122364532E-07
        15         3         3    0.11109852479842257500E-06
        15         3         4    0.93589974453443965399E-07
        15         3         5    0.15511027777746599519E-07
        15         4         2    0.74760129939767974328E-07
        15         4         3    0.86793671399076238422E-07
        15         4         4    0.13274264908307710743E-06
        15         4         5    0.99576987007296631040E-07
        15         5         2    0.61269767338244956010E-08
        15         5         3    0.59890087770611866451E-08
        15         5         4    0.33010578915859643101E-07
        15         5         5    0.25805039238426044427E-07
        16         2         2    0.12876725967124836918E-07
        16         2         3    0.78731713953645514481E-08
        16         2         4    0.18598343390272216157E-07
        16         2         5    0.18930440144349931530E-07
        16         3         2    0.72320947907143867091E-07
        16         3         3    0.11525607229519319862E-06
        16         3         4    0.89561035744754087773E-07
        16         3         5    0.51274947224628148590E-07
        16         4         2    0.88386812455757196799E-07
        16         4         3    0.89850809187491322247E-07
        16         4         4    0.79202274852767874563E-07
        16         4         5    0.53215665055123984994E-07
        16         5         2    0.53677338817876677379E-09
        16         5         3    0.20500771785129561830E-08
        16         5         4    0.15061059576464253993E-07
        16         5         5    0.10118888762799090943E-07
        17         2         2    0.93346072750150173063E-09
        17         2         3    0.93557195977033325193E-08
        17         2         4    0.22223736757132929608E-07
        17         2         5    0.51358973843067252990E-08
        17         3         2    0.10106201255427061950E-06
        17         3         3    0.97958318791672288178E-07
        17         3         4    0.11689344563388815669E-06
        17         3         5    0.53854699453009877789E-07
        17         4         2    0.11016979177600065451E-06
        17         4         3    0.12204046053392655721E-06
        17         4         4    0.10199628361012342014E-06
        17         4         5    0.12951792950648050795E-06
        17         5         2    0.12334573090586878698E-07
        17         5         3    0.16319392807558559610E-07
        17         5         4    0.77914115798180377277E-08
        17         5         5    0.24376976683498790375E-07
        18         2         2    0.64324303746226083600E-08
        18         2         3    0.15803646507780310538E-07
        18         2         4    0.52147220762085640211E-08
        18         2         5    0.54006809267474698041E-08
        18         3         2    0.15210775631292908574E-06
        18         3         3    0.10540798749593799488E-06
        18         3         4    0.10673300827669807854E-06
        18         3         5    0.94646731473997444293E-07
        18         4         2    0.12597362709301717176E-06
        18         4         3    0.10293253611200184011E-06
        18         4         4    0.11261355996199781103E-06
        18         4         5    0.75273481286723841837E-07
        18         5         2    0.13813574587310269078E-07
        18         5         3    0.20696044313761653033E-07
        18         5         4    0.14120609820512761536E-07
        18         5         5    0.38789383247124357584E-08
        19         2         2   -0.26415361761137386396E-10
        19         2         3   -0.26131391053645731898E-10
        19         2         4   -0.20951485720830914570E-12
        19         2         5    0.13919585319700536574E-09
        19         3         2    0.35804107822757974166E-08
        19         3         3    0.48345948390972325565E-10
        19         3         4    0.15760916379434940105E-09
        19         3         5    0.23327109885944502028E-07
        19         4         2    0.45665162432382411465E-08
        19         4         3    0.11020472338415693310E-10
        19         4         4   -0.63250740917871882621E-10
        19         4         5    0.16257469762363072070E-08
        19         5         2    0.25693102577431758246E-10
        19         5         3    0.30081893155340100492E-10
        19         5         4   -0.40480676651804210179E-11
        19         5         5    0.12377805813156167230E-10
        20         2         2   -0.24037943502893187240E-13
        20         2         3   -0.20174277366064472932E-13
        20         2         4   -0.63491244968567349048E-15
        20         2         5    0.10724988305328251758E-12
        20         3         2    0.13679371593138162526E-12
        20         3         3    0.33927076491130154980E-13
        20         3         4    0.12195317721274074367E-12
        20         3         5    0.12437883757969646552E-13
        20         4         2   -0.44995934613830363645E-13
        20         4         3    0.43420004294906024110E-14
        20         4         4   -0.47999002582730345703E-13
        20         4         5    0.72452443934079297627E-13
        20         5         2    0.15171906560450752633E-13
        20         5         3    0.22814919908873082602E-13
        20         5         4   -0.33841615143383719796E-14
        20         5         5    0.91309779102447301934E-14
        21         2         2    0.00000000000000000000E+00
        21         2         3    0.00000000000000000000E+00
        21         2         4    0.00000000000000000000E+00
        21         2         5    0.00000000000000000000E+00
        21         3         2    0.00000000000000000000E+00
        21         3         3    0.00000000000000000000E+00
        21         3         4    0.00000000000000000000E+00
        21         3         5    0.21810707763833690822E-15
        21         4         2    0.00000000000000000000E+00
        21         4         3    0.00000000000000000000E+00
        21         4         4    0.00000000000000000000E+00
        21         4         5   -0.45221217742095000100E-17
        21         5         2    0.00000000000000000000E+00
        21         5         3    0.00000000000000000000E+00
        21         5         4    0.00000000000000000000E+00
        21         5         5    0.00000000000000000000E+00
        22         2         2    0.00000000000000000000E+00
        22         2         3    0.00000000000000000000E+00
        22         2         4    0.00000000000000000000E+00
        22         2         5    0.00000000000000000000E+00
        22         3         2    0.00000000000000000000E+00
        22         3         3    0.00000000000000000000E+00
        22         3         4    0.00000000000000000000E+00
        22         3         5    0.00000000000000000000E+00
        22         4         2    0.00000000000000000000E+00
        22         4         3    0.00000000000000000000E+00
        22         4         4    0.00000000000000000000E+00
        22         4         5    0.00000000000000000000E+00
        22         5         2    0.00000000000000000000E+00
        22         5         3    0.00000000000000000000E+00
        22         5         4    0.00000000000000000000E+00
        22         5         5    0.00000000000000000000E+00
        23         2         2    0.00000000000000000000E+00
        23         2         3    0.00000000000000000000E+00
        23         2         4    0.00000000000000000000E+00
        23         2         5    0.00000000000000000000E+00
        23         3         2    0.00000000000000000000E+00
        23         3         3    0.00000000000000000000E+00
        23         3         4    0.00000000000000000000E+00
        23         3         5    0.00000000000000000000E+00
        23         4         2    0.00000000000000000000E+00
        23         4         3    0.00000000000000000000E+00
        23         4         4    0.00000000000000000000E+00
        23         4         5    0.00000000000000000000E+00
        23         5         2    0.00000000000000000000E+00
        23         5         3    0.00000000000000000000E+00
        23         5         4    0.00000000000000000000E+00
        23         5         5    0.00000000000000000000E+00
        24         2         2    0.00000000000000000000E+00
        24         2         3    0.00000000000000000000E+00
        24         2         4    0.00000000000000000000E+00
        24         2         5    0.00000000000000000000E+00
        24         3         2    0.00000000000000000000E+00
        24         3         3    0.00000000000000000000E+00
        24         3         4    0.00000000000000000000E+00
        24         3         5    0.00000000000000000000E+00
        24         4         2    0.00000000000000000000E+00
        24         4         3    0.00000000000000000000E+00
        24         4         4    0.00000000000000000000E+00
        24         4         5    0.00000000000000000000E+00
        24         5         2    0.00000000000000000000E+00
        24         5         3    0.00000000000000000000E+00
        24         5         4    0.00000000000000000000E+00
        24         5         5    0.00000000000000000000E+00
        25         2         2    0.00000000000000000000E+00
        25         2         3    0.00000000000000000000E+00
        25         2         4    0.00000000000000000000E+00
        25         2         5    0.00000000000000000000E+00
        25         3         2    0.00000000000000000000E+00
        25         3         3    0.00000000000000000000E+00
        25         3         4    0.00000000000000000000E+00
        25         3         5    0.00000000000000000000E+00
        25         4         2    0.00000000000000000000E+00
        25         4         3    0.00000000000000000000E+00
        25         4         4    0.00000000000000000000E+00
        25         4         5    0.00000000000000000000E+00
        25         5         2    0.00000000000000000000E+00
        25         5         3    0.00000000000000000000E+00
        25         5         4    0.00000000000000000000E+00
        25         5         5    0.00000000000000000000E+00
        26         2         2    0.00000000000000000000E+00
        26         2         3    0.00000000000000000000E+00
        26         2         4    0.00000000000000000000E+00
        26         2         5    0.00000000000000000000E+00
        26         3         2    0.00000000000000000000E+00
        26         3         3    0.00000000000000000000E+00
        26         3         4    0.00000000000000000000E+00
        26         3         5    0.00000000000000000000E+00
        26         4         2    0.00000000000000000000E+00
        26         4         3    0.00000000000000000000E+00
        26         4         4    0.00000000000000000000E+00
        26         4         5    0.00000000000000000000E+00
        26         5         2    0.00000000000000000000E+00
        26         5         3    0.00000000000000000000E+00
        26         5         4    0.00000000000000000000E+00
        26         5         5    0.00000000000000000000E+00
        27         2         2    0.00000000000000000000E+00
        27         2         3    0.00000000000000000000E+00
        27         2         4    0.00000000000000000000E+00
        27         2         5    0.00000000000000000000E+00
        27         3         2    0.00000000000000000000E+00
        27         3         3    0.00000000000000000000E+00
        27         3         4    0.00000000000000000000E+00
        27         3         5    0.00000000000000000000E+00
        27         4         2    0.00000000000000000000E+00
        27         4         3    0.00000000000000000000E+00
        27         4         4    0.00000000000000000000E+00
        27         4         5    0.00000000000000000000E+00
        27         5         2    0.00000000000000000000E+00
        27         5         3    0.00000000000000000000E+00
        27         5         4    0.00000000000000000000E+00
        27         5         5    0.00000000000000000000E+00
        28         2         2    0.00000000000000000000E+00
        28         2         3    0.00000000000000000000E+00
        28         2         4    0.00000000000000000000E+00
        28         2         5    0.00000000000000000000E+00
        28         3         2    0.00000000000000000000E+00
        28         3         3    0.00000000000000000000E+00
        28         3         4    0.00000000000000000000E+00
        28         3         5    0.00000000000000000000E+00
        28         4         2    0.00000000000000000000E+00
        28         4         3    0.00000000000000000000E+00
        28         4         4    0.00000000000000000000E+00
        28         4         5    0.00000000000000000000E+00
        28         5         2    0.00000000000000000000E+00
        28         5         3    0.00000000000000000000E+00
        28         5         4    0.00000000000000000000E+00
        28         5         5    0.00000000000000000000E+00
        29         2         2    0.00000000000000000000E+00
        29         2         3    0.00000000000000000000E+00
        29         2         4    0.00000000000000000000E+00
        29         2         5    0.00000000000000000000E+00
        29         3         2    0.00000000000000000000E+00
        29         3         3    0.00000000000000000000E+00
        29         3         4    0.00000000000000000000E+00
        29         3         5    0.00000000000000000000E+00
        29         4         2    0.00000000000000000000E+00
        29         4         3    0.00000000000000000000E+00
        29         4         4    0.00000000000000000000E+00
        29         4         5    0.00000000000000000000E+00
        29         5         2    0.00000000000000000000E+00
        29         5         3    0.00000000000000000000E+00
        29         5         4    0.00000000000000000000E+00
        29         5         5    0.00000000000000000000E+00
        30         2         2    0.00000000000000000000E+00
        30         2         3    0.00000000000000000000E+00
        30         2         4    0.00000000000000000000E+00
        30         2         5    0.00000000000000000000E+00
        30         3         2    0.00000000000000000000E+00
        30         3         3    0.00000000000000000000E+00
        30         3         4    0.00000000000000000000E+00
        30         3         5    0.00000000000000000000E+00
        30         4         2    0.00000000000000000000E+00
        30         4         3    0.00000000000000000000E+00
        30         4         4    0.00000000000000000000E+00
        30         4         5    0.00000000000000000000E+00
        30         5         2    0.00000000000000000000E+00
        30         5         3    0.00000000000000000000E+00
        30         5         4    0.00000000000000000000E+00
        30         5         5    0.00000000000000000000E+00
        31         2         2    0.00000000000000000000E+00
        31         2         3    0.00000000000000000000E+00
        31         2         4    0.00000000000000000000E+00
        31         2         5    0.00000000000000000000E+00
        31         3         2    0.00000000000000000000E+00
        31         3         3    0.00000000000000000000E+00
        31         3         4    0.00000000000000000000E+00
        31         3         5    0.00000000000000000000E+00
        31         4         2    0.00000000000000000000E+00
        31         4         3    0.00000000000000000000E+00
        31         4         4    0.00000000000000000000E+00
        31         4         5    0.00000000000000000000E+00
        31         5         2    0.00000000000000000000E+00
        31         5         3    0.00000000000000000000E+00
        31         5         4    0.00000000000000000000E+00
        31         5         5    0.00000000000000000000E+00
        32         2         2    0.00000000000000000000E+00
        32         2         3    0.00000000000000000000E+00
        32         2         4    0.00000000000000000000E+00
        32         2         5    0.00000000000000000000E+00
        32         3         2    0.00000000000000000000E+00
        32         3         3    0.00000000000000000000E+00
        32         3         4    0.00000000000000000000E+00
        32         3         5    0.00000000000000000000E+00
        32         4         2    0.00000000000000000000E+00
        32         4         3    0.00000000000000000000E+00
        32         4         4    0.00000000000000000000E+00
        32         4         5    0.00000000000000000000E+00
        32         5         2    0.00000000000000000000E+00
        32         5         3    0.00000000000000000000E+00
        32         5         4    0.00000000000000000000E+00
        32         5         5    0.00000000000000000000E+00
        33         2         2    0.00000000000000000000E+00
        33         2         3    0.00000000000000000000E+00
        33         2         4    0.00000000000000000000E+00
        33         2         5    0.00000000000000000000E+00
        33         3         2    0.00000000000000000000E+00
        33         3         3    0.00000000000000000000E+00
        33         3         4    0.00000000000000000000E+00
        33         3         5    0.00000000000000000000E+00
        33         4         2    0.00000000000000000000E+00
        33         4         3    0.00000000000000000000E+00
        33         4         4    0.00000000000000000000E+00
        33         4         5    0.00000000000000000000E+00
        33         5         2    0.00000000000000000000E+00
        33         5         3    0.00000000000000000000E+00
        33         5         4    0.00000000000000000000E+00
        33         5         5    0.00000000000000000000E+00
        34         2         2    0.00000000000000000000E+00
        34         2         3    0.00000000000000000000E+00
        34         2         4    0.00000000000000000000E+00
        34         2         5    0.00000000000000000000E+00
        34         3         2    0.00000000000000000000E+00
        34         3         3    0.00000000000000000000E+00
        34         3         4    0.00000000000000000000E+00
        34         3         5    0.00000000000000000000E+00
        34         4         2    0.00000000000000000000E+00
        34         4         3    0.00000000000000000000E+00
        34         4         4    0.00000000000000000000E+00
        34         4         5    0.00000000000000000000E+00
        34         5         2    0.00000000000000000000E+00
        34         5         3    0.00000000000000000000E+00
        34         5         4    0.00000000000000000000E+00
        34         5         5    0.00000000000000000000E+00
        35         2         2    0.00000000000000000000E+00
        35         2         3    0.00000000000000000000E+00
        35         2         4    0.00000000000000000000E+00
        35         2         5    0.00000000000000000000E+00
        35         3         2    0.00000000000000000000E+00
        35         3         3    0.00000000000000000000E+00
        35         3         4    0.00000000000000000000E+00
        35         3         5    0.00000000000000000000E+00
        35         4         2    0.00000000000000000000E+00
        35         4         3    0.00000000000000000000E+00
        35         4         4    0.00000000000000000000E+00
        35         4         5    0.00000000000000000000E+00
        35         5         2    0.00000000000000000000E+00
        35         5         3    0.00000000000000000000E+00
        35         5         4    0.00000000000000000000E+00
        35         5         5    0.00000000000000000000E+00
        36         2         2    0.00000000000000000000E+00
        36         2         3    0.00000000000000000000E+00
        36         2         4    0.00000000000000000000E+00
        36         2         5    0.00000000000000000000E+00
        36         3         2    0.00000000000000000000E+00
        36         3         3    0.00000000000000000000E+00
        36         3         4    0.00000000000000000000E+00
        36         3         5    0.00000000000000000000E+00
        36         4         2    0.00000000000000000000E+00
        36         4         3    0.00000000000000000000E+00
        36         4         4    0.00000000000000000000E+00
        36         4         5    0.00000000000000000000E+00
        36         5         2    0.00000000000000000000E+00
        36         5         3    0.00000000000000000000E+00
        36         5         4    0.00000000000000000000E+00
        36         5         5    0.00000000000000000000E+00
        37         2         2    0.00000000000000000000E+00
        37         2         3    0.00000000000000000000E+00
        37         2         4    0.00000000000000000000E+00
        37         2         5    0.00000000000000000000E+00
        37         3         2    0.00000000000000000000E+00
        37         3         3    0.00000000000000000000E+00
        37         3         4    0.00000000000000000000E+00
        37         3         5    0.00000000000000000000E+00
        37         4         2    0.00000000000000000000E+00
        37         4         3    0.00000000000000000000E+00
        37         4         4    0.00000000000000000000E+00
        37         4         5    0.00000000000000000000E+00
        37         5         2    0.00000000000000000000E+00
        37         5         3    0.00000000000000000000E+00
        37         5         4    0.00000000000000000000E+00
        37         5         5    0.00000000000000000000E+00
        38         2         2    0.00000000000000000000E+00
        38         2         3    0.00000000000000000000E+00
        38         2         4    0.00000000000000000000E+00
        38         2         5    0.00000000000000000000E+00
        38         3         2    0.00000000000000000000E+00
        38         3         3    0.00000000000000000000E+00
        38         3         4    0.00000000000000000000E+00
        38         3         5    0.00000000000000000000E+00
        38         4         2    0.00000000000000000000E+00
        38         4         3    0.00000000000000000000E+00
        38         4         4    0.00000000000000000000E+00
        38         4         5    0.00000000000000000000E+00
        38         5         2    0.00000000000000000000E+00
        38         5         3    0.00000000000000000000E+00
        38         5         4    0.00000000000000000000E+00
        38         5         5    0.00000000000000000000E+00
        39         2         2    0.00000000000000000000E+00
        39         2         3    0.00000000000000000000E+00
        39         2         4    0.00000000000000000000E+00
        39         2         5    0.00000000000000000000E+00
        39         3         2    0.00000000000000000000E+00
        39         3         3    0.00000000000000000000E+00
        39         3         4    0.00000000000000000000E+00
        39         3         5    0.00000000000000000000E+00
        39         4         2    0.00000000000000000000E+00
        39         4         3    0.00000000000000000000E+00
        39         4         4    0.00000000000000000000E+00
        39         4         5    0.00000000000000000000E+00
        39         5         2    0.00000000000000000000E+00
        39         5         3    0.00000000000000000000E+00
        39         5         4    0.00000000000000000000E+00
        39         5         5    0.00000000000000000000E+00
        40         2         2    0.00000000000000000000E+00
        40         2         3    0.00000000000000000000E+00
        40         2         4    0.00000000000000000000E+00
        40         2         5    0.00000000000000000000E+00
        40         3         2    0.00000000000000000000E+00
        40         3         3    0.00000000000000000000E+00
        40         3         4    0.00000000000000000000E+00
        40         3         5    0.00000000000000000000E+00
        40         4         2    0.00000000000000000000E+00
        40         4         3    0.00000000000000000000E+00
        40         4         4    0.00000000000000000000E+00
        40         4         5    0.00000000000000000000E+00
        40         5         2    0.00000000000000000000E+00
        40         5         3    0.00000000000000000000E+00
        40         5         4    0.00000000000000000000E+00
        40         5         5    0.00000000000000000000E+00
        41         2         2    0.00000000000000000000E+00
        41         2         3    0.00000000000000000000E+00
        41         2         4    0.00000000000000000000E+00
        41         2         5    0.00000000000000000000E+00
        41         3         2    0.00000000000000000000E+00
        41         3         3    0.00000000000000000000E+00
        41         3         4    0.00000000000000000000E+00
        41         3         5    0.00000000000000000000E+00
        41         4         2    0.00000000000000000000E+00
        41         4         3    0.00000000000000000000E+00
        41         4         4    0.00000000000000000000E+00
        41         4         5    0.00000000000000000000E+00
        41         5         2    0.00000000000000000000E+00
        41         5         3    0.00000000000000000000E+00
        41         5         4    0.00000000000000000000E+00
        41         5         5    0.00000000000000000000E+00
        42         2         2    0.00000000000000000000E+00
        42         2         3    0.00000000000000000000E+00
        42         2         4    0.00000000000000000000E+00
        42         2         5    0.00000000000000000000E+00
        42         3         2    0.00000000000000000000E+00
        42         3         3    0.00000000000000000000E+00
        42         3         4    0.00000000000000000000E+00
        42         3         5    0.00000000000000000000E+00
        42         4         2    0.00000000000000000000E+00
        42         4         3    0.00000000000000000000E+00
        42         4         4    0.00000000000000000000E+00
        42         4         5    0.00000000000000000000E+00
        42         5         2    0.00000000000000000000E+00
        42         5         3    0.00000000000000000000E+00
        42         5         4    0.00000000000000000000E+00
        42         5         5    0.00000000000000000000E+00
        43         2         2    0.00000000000000000000E+00
        43         2         3    0.00000000000000000000E+00
        43         2         4    0.00000000000000000000E+00
        43         2         5    0.00000000000000000000E+00
        43         3         2    0.00000000000000000000E+00
        43         3         3    0.00000000000000000000E+00
        43         3         4    0.00000000000000000000E+00
        43         3         5    0.00000000000000000000E+00
        43         4         2    0.00000000000000000000E+00
        43         4         3    0.00000000000000000000E+00
        43         4         4    0.00000000000000000000E+00
        43         4         5    0.00000000000000000000E+00
        43         5         2    0.00000000000000000000E+00
        43         5         3    0.00000000000000000000E+00
        43         5         4    0.00000000000000000000E+00
        43         5         5    0.00000000000000000000E+00
        44         2         2    0.00000000000000000000E+00
        44         2         3    0.00000000000000000000E+00
        44         2         4    0.00000000000000000000E+00
        44         2         5    0.00000000000000000000E+00
        44         3         2    0.00000000000000000000E+00
        44         3         3    0.00000000000000000000E+00
        44         3         4    0.00000000000000000000E+00
        44         3         5    0.00000000000000000000E+00
        44         4         2    0.00000000000000000000E+00
        44         4         3    0.00000000000000000000E+00
        44         4         4    0.00000000000000000000E+00
        44         4         5    0.00000000000000000000E+00
        44         5         2    0.00000000000000000000E+00
        44         5         3    0.00000000000000000000E+00
        44         5         4    0.00000000000000000000E+00
        44         5         5    0.00000000000000000000E+00
        45         2         2    0.00000000000000000000E+00
        45         2         3    0.00000000000000000000E+00
        45         2         4    0.00000000000000000000E+00
        45         2         5    0.00000000000000000000E+00
        45         3         2    0.00000000000000000000E+00
        45         3         3    0.00000000000000000000E+00
        45         3         4    0.00000000000000000000E+00
        45         3         5    0.00000000000000000000E+00
        45         4         2    0.00000000000000000000E+00
        45         4         3    0.00000000000000000000E+00
        45         4         4    0.00000000000000000000E+00
        45         4         5    0.00000000000000000000E+00
        45         5         2    0.00000000000000000000E+00
        45         5         3    0.00000000000000000000E+00
        45         5         4    0.00000000000000000000E+00
        45         5         5    0.00000000000000000000E+00
        46         2         2    0.00000000000000000000E+00
        46         2         3    0.00000000000000000000E+00
        46         2         4    0.00000000000000000000E+00
        46         2         5    0.00000000000000000000E+00
        46         3         2    0.00000000000000000000E+00
        46         3         3    0.00000000000000000000E+00
        46         3         4    0.00000000000000000000E+00
        46         3         5    0.00000000000000000000E+00
        46         4         2    0.00000000000000000000E+00
        46         4         3    0.00000000000000000000E+00
        46         4         4    0.00000000000000000000E+00
        46         4         5    0.00000000000000000000E+00
        46         5         2    0.00000000000000000000E+00
        46         5         3    0.00000000000000000000E+00
        46         5         4    0.00000000000000000000E+00
        46         5         5    0.00000000000000000000E+00
        47         2         2    0.00000000000000000000E+00
        47         2         3    0.00000000000000000000E+00
        47         2         4    0.00000000000000000000E+00
        47         2         5    0.00000000000000000000E+00
        47         3         2    0.00000000000000000000E+00
        47         3         3    0.00000000000000000000E+00
        47         3         4    0.00000000000000000000E+00
        47         3         5    0.00000000000000000000E+00
        47         4         2    0.00000000000000000000E+00
        47         4         3    0.00000000000000000000E+00
        47         4         4    0.00000000000000000000E+00
        47         4         5    0.00000000000000000000E+00
        47         5         2    0.00000000000000000000E+00
        47         5         3    0.00000000000000000000E+00
        47         5         4    0.00000000000000000000E+00
        47         5         5    0.00000000000000000000E+00
        48         2         2    0.00000000000000000000E+00
        48         2         3    0.00000000000000000000E+00
        48         2         4    0.00000000000000000000E+00
        48         2         5    0.00000000000000000000E+00
        48         3         2    0.00000000000000000000E+00
        48         3         3    0.00000000000000000000E+00
        48         3         4    0.00000000000000000000E+00
        48         3         5    0.00000000000000000000E+00
        48         4         2    0.00000000000000000000E+00
        48         4         3    0.00000000000000000000E+00
        48         4         4    0.00000000000000000000E+00
        48         4         5    0.00000000000000000000E+00
        48         5         2    0.00000000000000000000E+00
        48         5         3    0.00000000000000000000E+00
        48         5         4    0.00000000000000000000E+00
        48         5         5    0.00000000000000000000E+00
        49         2         2    0.00000000000000000000E+00
        49         2         3    0.00000000000000000000E+00
        49         2         4    0.00000000000000000000E+00
        49         2         5    0.00000000000000000000E+00
        49         3         2    0.00000000000000000000E+00
        49         3         3    0.00000000000000000000E+00
        49         3         4    0.00000000000000000000E+00
        49         3         5    0.00000000000000000000E+00
        49         4         2    0.00000000000000000000E+00
        49         4         3    0.00000000000000000000E+00
        49         4         4    0.00000000000000000000E+00
        49         4         5    0.00000000000000000000E+00
        49         5         2    0.00000000000000000000E+00
        49         5         3    0.00000000000000000000E+00
        49         5         4    0.00000000000000000000E+00
        49         5         5    0.00000000000000000000E+00
        50         2         2    0.00000000000000000000E+00
        50         2         3    0.00000000000000000000E+00
        50         2         4    0.00000000000000000000E+00
        50         2         5    0.00000000000000000000E+00
        50         3         2    0.00000000000000000000E+00
        50         3         3    0.00000000000000000000E+00
        50         3         4    0.00000000000000000000E+00
        50         3         5    0.00000000000000000000E+00
        50         4         2    0.00000000000000000000E+00
        50         4         3    0.00000000000000000000E+00
        50         4         4    0.00000000000000000000E+00
        50         4         5    0.00000000000000000000E+00
        50         5         2    0.00000000000000000000E+00
        50         5         3    0.00000000000000000000E+00
        50         5         4    0.00000000000000000000E+00
        50         5         5    0.00000000000000000000E+00
        51         2         2    0.00000000000000000000E+00
        51         2         3    0.00000000000000000000E+00
        51         2         4    0.00000000000000000000E+00
        51         2         5    0.00000000000000000000E+00
        51         3         2    0.00000000000000000000E+00
        51         3         3    0.00000000000000000000E+00
        51         3         4    0.00000000000000000000E+00
        51         3         5    0.00000000000000000000E+00
        51         4         2    0.00000000000000000000E+00
        51         4         3    0.00000000000000000000E+00
        51         4         4    0.00000000000000000000E+00
        51         4         5    0.00000000000000000000E+00
        51         5         2    0.00000000000000000000E+00
        51         5         3    0.00000000000000000000E+00
        51         5         4    0.00000000000000000000E+00
        51         5         5    0.00000000000000000000E+00
        52         2         2    0.00000000000000000000E+00
        52         2         3    0.00000000000000000000E+00
        52         2         4    0.00000000000000000000E+00
        52         2         5    0.00000000000000000000E+00
        52         3         2    0.00000000000000000000E+00
        52         3         3    0.00000000000000000000E+00
        52         3         4    0.00000000000000000000E+00
        52         3         5    0.00000000000000000000E+00
        52         4         2    0.00000000000000000000E+00
        52         4         3    0.00000000000000000000E+00
        52         4         4    0.00000000000000000000E+00
        52         4         5    0.00000000000000000000E+00
        52         5         2    0.00000000000000000000E+00
        52         5         3    0.00000000000000000000E+00
        52         5         4    0.00000000000000000000E+00
        52         5         5    0.00000000000000000000E+00
        53         2         2    0.00000000000000000000E+00
        53         2         3    0.00000000000000000000E+00
        53         2         4    0.00000000000000000000E+00
        53         2         5    0.00000000000000000000E+00
        53         3         2    0.00000000000000000000E+00
        53         3         3    0.00000000000000000000E+00
        53         3         4    0.00000000000000000000E+00
        53         3         5    0.00000000000000000000E+00
        53         4         2    0.00000000000000000000E+00
        53         4         3    0.00000000000000000000E+00
        53         4         4    0.00000000000000000000E+00
        53         4         5    0.00000000000000000000E+00
        53         5         2    0.00000000000000000000E+00
        53         5         3    0.00000000000000000000E+00
        53         5         4    0.00000000000000000000E+00
        53         5         5    0.00000000000000000000E+00
        54         2         2    0.00000000000000000000E+00
        54         2         3    0.00000000000000000000E+00
        54         2         4    0.00000000000000000000E+00
        54         2         5    0.00000000000000000000E+00
        54         3         2    0.00000000000000000000E+00
        54         3         3    0.00000000000000000000E+00
        54         3         4    0.00000000000000000000E+00
        54         3         5    0.00000000000000000000E+00
        54         4         2    0.00000000000000000000E+00
        54         4         3    0.00000000000000000000E+00
        54         4         4    0.00000000000000000000E+00
        54         4         5    0.00000000000000000000E+00
        54         5         2    0.00000000000000000000E+00
        54         5         3    0.00000000000000000000E+00
        54         5         4    0.00000000000000000000E+00
        54         5         5    0.00000000000000000000E+00
        55         2         2    0.00000000000000000000E+00
        55         2         3    0.00000000000000000000E+00
        55         2         4    0.00000000000000000000E+00
        55         2         5    0.00000000000000000000E+00
        55         3         2    0.00000000000000000000E+00
        55         3         3    0.00000000000000000000E+00
        55         3         4    0.00000000000000000000E+00
        55         3         5    0.00000000000000000000E+00
        55         4         2    0.00000000000000000000E+00
        55         4         3    0.00000000000000000000E+00
        55         4         4    0.00000000000000000000E+00
        55         4         5    0.00000000000000000000E+00
        55         5         2    0.00000000000000000000E+00
        55         5         3    0.00000000000000000000E+00
        55         5         4    0.00000000000000000000E+00
        55         5         5    0.00000000000000000000E+00
        56         2         2    0.00000000000000000000E+00
        56         2         3    0.00000000000000000000E+00
        56         2         4    0.00000000000000000000E+00
        56         2         5    0.00000000000000000000E+00
        56         3         2    0.00000000000000000000E+00
        56         3         3    0.00000000000000000000E+00
        56         3         4    0.00000000000000000000E+00
        56         3         5    0.00000000000000000000E+00
        56         4         2    0.00000000000000000000E+00
        56         4         3    0.00000000000000000000E+00
        56         4         4    0.00000000000000000000E+00
        56         4         5    0.00000000000000000000E+00
        56         5         2    0.00000000000000000000E+00
        56         5         3    0.00000000000000000000E+00
        56         5         4    0.00000000000000000000E+00
        56         5         5    0.00000000000000000000E+00
        57         2         2    0.00000000000000000000E+00
        57         2         3    0.00000000000000000000E+00
        57         2         4    0.00000000000000000000E+00
        57         2         5    0.00000000000000000000E+00
        57         3         2    0.00000000000000000000E+00
        57         3         3    0.00000000000000000000E+00
        57         3         4    0.00000000000000000000E+00
        57         3         5    0.00000000000000000000E+00
        57         4         2    0.00000000000000000000E+00
        57         4         3    0.00000000000000000000E+00
        57         4         4    0.00000000000000000000E+00
        57         4         5    0.00000000000000000000E+00
        57         5         2    0.00000000000000000000E+00
        57         5         3    0.00000000000000000000E+00
        57         5         4    0.00000000000000000000E+00
        57         5         5    0.00000000000000000000E+00
        58         2         2    0.00000000000000000000E+00
        58         2         3    0.00000000000000000000E+00
        58         2         4    0.00000000000000000000E+00
        58         2         5    0.00000000000000000000E+00
        58         3         2    0.00000000000000000000E+00
        58         3         3    0.00000000000000000000E+00
        58         3         4    0.00000000000000000000E+00
        58         3         5    0.00000000000000000000E+00
        58         4         2    0.00000000000000000000E+00
        58         4         3    0.00000000000000000000E+00
        58         4         4    0.00000000000000000000E+00
        58         4         5    0.00000000000000000000E+00
        58         5         2    0.00000000000000000000E+00
        58         5         3    0.00000000000000000000E+00
        58         5         4    0.00000000000000000000E+00
        58         5         5    0.00000000000000000000E+00
        59         2         2    0.00000000000000000000E+00
        59         2         3    0.00000000000000000000E+00
        59         2         4    0.00000000000000000000E+00
        59         2         5    0.00000000000000000000E+00
        59         3         2    0.00000000000000000000E+00
        59         3         3    0.00000000000000000000E+00
        59         3         4    0.00000000000000000000E+00
        59         3         5    0.00000000000000000000E+00
        59         4         2    0.00000000000000000000E+00
        59         4         3    0.00000000000000000000E+00
        59         4         4    0.00000000000000000000E+00
        59         4         5    0.00000000000000000000E+00
        59         5         2    0.00000000000000000000E+00
        59         5         3    0.00000000000000000000E+00
        59         5         4    0.00000000000000000000E+00
        59         5         5    0.00000000000000000000E+00
        60         2         2    0.00000000000000000000E+00
        60         2         3    0.00000000000000000000E+00
        60         2         4    0.00000000000000000000E+00
        60         2         5    0.00000000000000000000E+00
        60         3         2    0.00000000000000000000E+00
        60         3         3    0.00000000000000000000E+00
        60         3         4    0.00000000000000000000E+00
        60         3         5    0.00000000000000000000E+00
        60         4         2    0.00000000000000000000E+00
        60         4         3    0.00000000000000000000E+00
        60         4         4    0.00000000000000000000E+00
        60         4         5    0.00000000000000000000E+00
        60         5         2    0.00000000000000000000E+00
        60         5         3    0.00000000000000000000E+00
        60         5         4    0.00000000000000000000E+00
        60         5         5    0.00000000000000000000E+00
        61         2         2    0.00000000000000000000E+00
        61         2         3    0.00000000000000000000E+00
        61         2         4    0.00000000000000000000E+00
        61         2         5    0.00000000000000000000E+00
        61         3         2    0.00000000000000000000E+00
        61         3         3    0.00000000000000000000E+00
        61         3         4    0.00000000000000000000E+00
        61         3         5    0.00000000000000000000E+00
        61         4         2    0.00000000000000000000E+00
        61         4         3    0.00000000000000000000E+00
        61         4         4    0.00000000000000000000E+00
        61         4         5    0.00000000000000000000E+00
        61         5         2    0.00000000000000000000E+00
        61         5         3    0.00000000000000000000E+00
        61         5         4    0.00000000000000000000E+00
        61         5         5    0.00000000000000000000E+00
        62         2         2    0.00000000000000000000E+00
        62         2         3    0.00000000000000000000E+00
        62         2         4    0.00000000000000000000E+00
        62         2         5    0.00000000000000000000E+00
        62         3         2    0.00000000000000000000E+00
        62         3         3    0.00000000000000000000E+00
        62         3         4    0.00000000000000000000E+00
        62         3         5    0.00000000000000000000E+00
        62         4         2    0.00000000000000000000E+00
        62         4         3    0.00000000000000000000E+00
        62         4         4    0.00000000000000000000E+00
        62         4         5    0.00000000000000000000E+00
        62         5         2    0.00000000000000000000E+00
        62         5         3    0.00000000000000000000E+00
        62         5         4    0.00000000000000000000E+00
        62         5         5    0.00000000000000000000E+00
        63         2         2    0.00000000000000000000E+00
        63         2         3    0.00000000000000000000E+00
        63         2         4    0.00000000000000000000E+00
        63         2         5    0.00000000000000000000E+00
        63         3         2    0.00000000000000000000E+00
        63         3         3    0.00000000000000000000E+00
        63         3         4    0.00000000000000000000E+00
        63         3         5    0.00000000000000000000E+00
        63         4         2    0.00000000000000000000E+00
        63         4         3    0.00000000000000000000E+00
        63         4         4    0.00000000000000000000E+00
        63         4         5    0.00000000000000000000E+00
        63         5         2    0.00000000000000000000E+00
        63         5         3    0.00000000000000000000E+00
        63         5         4    0.00000000000000000000E+00
        63         5         5    0.00000000000000000000E+00
        64         2         2    0.00000000000000000000E+00
        64         2         3    0.00000000000000000000E+00
        64         2         4    0.00000000000000000000E+00
        64         2         5    0.00000000000000000000E+00
        64         3         2    0.00000000000000000000E+00
        64         3         3    0.00000000000000000000E+00
        64         3         4    0.00000000000000000000E+00
        64         3         5    0.00000000000000000000E+00
        64         4         2    0.00000000000000000000E+00
        64         4         3    0.00000000000000000000E+00
        64         4         4    0.00000000000000000000E+00
        64         4         5    0.00000000000000000000E+00
        64         5         2    0.00000000000000000000E+00
        64         5         3    0.00000000000000000000E+00
        64         5         4    0.00000000000000000000E+00
        64         5         5    0.00000000000000000000E+00
        65         2         2    0.00000000000000000000E+00
        65         2         3    0.00000000000000000000E+00
        65         2         4    0.00000000000000000000E+00
        65         2         5    0.00000000000000000000E+00
        65         3         2    0.00000000000000000000E+00
        65         3         3    0.00000000000000000000E+00
        65         3         4    0.00000000000000000000E+00
        65         3         5    0.00000000000000000000E+00
        65         4         2    0.00000000000000000000E+00
        65         4         3    0.00000000000000000000E+00
        65         4         4    0.00000000000000000000E+00
        65         4         5    0.00000000000000000000E+00
        65         5         2    0.00000000000000000000E+00
        65         5         3    0.00000000000000000000E+00
        65         5         4    0.00000000000000000000E+00
        65         5         5    0.00000000000000000000E+00
        66         2         2    0.00000000000000000000E+00
        66         2         3    0.00000000000000000000E+00
        66         2         4    0.00000000000000000000E+00
        66         2         5    0.00000000000000000000E+00
        66         3         2    0.00000000000000000000E+00
        66         3         3    0.00000000000000000000E+00
        66         3         4    0.00000000000000000000E+00
        66         3         5    0.00000000000000000000E+00
        66         4         2    0.00000000000000000000E+00
        66         4         3    0.00000000000000000000E+00
        66         4         4    0.00000000000000000000E+00
        66         4         5    0.00000000000000000000E+00
        66         5         2    0.00000000000000000000E+00
        66         5         3    0.00000000000000000000E+00
        66         5         4    0.00000000000000000000E+00
        66         5         5    0.00000000000000000000E+00
        67         2         2    0.00000000000000000000E+00
        67         2         3    0.00000000000000000000E+00
        67         2         4    0.00000000000000000000E+00
        67         2         5    0.00000000000000000000E+00
        67         3         2    0.00000000000000000000E+00
        67         3         3    0.00000000000000000000E+00
        67         3         4    0.00000000000000000000E+00
        67         3         5    0.00000000000000000000E+00
        67         4         2    0.00000000000000000000E+00
        67         4         3    0.00000000000000000000E+00
        67         4         4    0.00000000000000000000E+00
        67         4         5    0.00000000000000000000E+00
        67         5         2    0.00000000000000000000E+00
        67         5         3    0.00000000000000000000E+00
        67         5         4    0.00000000000000000000E+00
        67         5         5    0.00000000000000000000E+00
        68         2         2    0.00000000000000000000E+00
        68         2         3    0.00000000000000000000E+00
        68         2         4    0.00000000000000000000E+00
        68         2         5    0.00000000000000000000E+00
        68         3         2    0.00000000000000000000E+00
        68         3         3    0.00000000000000000000E+00
        68         3         4    0.00000000000000000000E+00
        68         3         5    0.00000000000000000000E+00
        68         4         2    0.00000000000000000000E+00
        68         4         3    0.00000000000000000000E+00
        68         4         4    0.00000000000000000000E+00
        68         4         5    0.00000000000000000000E+00
        68         5         2    0.00000000000000000000E+00
        68         5         3    0.00000000000000000000E+00
        68         5         4    0.00000000000000000000E+00
        68         5         5    0.00000000000000000000E+00
        69         2         2    0.00000000000000000000E+00
        69         2         3    0.00000000000000000000E+00
        69         2         4    0.00000000000000000000E+00
        69         2         5    0.00000000000000000000E+00
        69         3         2    0.00000000000000000000E+00
        69         3         3    0.00000000000000000000E+00
        69         3         4    0.00000000000000000000E+00
        69         3         5    0.00000000000000000000E+00
        69         4         2    0.00000000000000000000E+00
        69         4         3    0.00000000000000000000E+00
        69         4         4    0.00000000000000000000E+00
        69         4         5    0.00000000000000000000E+00
        69         5         2    0.00000000000000000000E+00
        69         5         3    0.00000000000000000000E+00
        69         5         4    0.00000000000000000000E+00
        69         5         5    0.00000000000000000000E+00
        70         2         2    0.00000000000000000000E+00
        70         2         3    0.00000000000000000000E+00
        70         2         4    0.00000000000000000000E+00
        70         2         5    0.00000000000000000000E+00
        70         3         2    0.00000000000000000000E+00
        70         3         3    0.00000000000000000000E+00
        70         3         4    0.00000000000000000000E+00
        70         3         5    0.00000000000000000000E+00
        70         4         2    0.00000000000000000000E+00
        70         4         3    0.00000000000000000000E+00
        70         4         4    0.00000000000000000000E+00
        70         4         5    0.00000000000000000000E+00
        70         5         2    0.00000000000000000000E+00
        70         5         3    0.00000000000000000000E+00
        70         5         4    0.00000000000000000000E+00
        70         5         5    0.00000000000000000000E+00
        71         2         2    0.00000000000000000000E+00
        71         2         3    0.00000000000000000000E+00
        71         2         4    0.00000000000000000000E+00
        71         2         5    0.00000000000000000000E+00
        71         3         2    0.00000000000000000000E+00
        71         3         3    0.00000000000000000000E+00
        71         3         4    0.00000000000000000000E+00
        71         3         5    0.00000000000000000000E+00
        71         4         2    0.00000000000000000000E+00
        71         4         3    0.00000000000000000000E+00
        71         4         4    0.00000000000000000000E+00
        71         4         5    0.00000000000000000000E+00
        71         5         2    0.00000000000000000000E+00
        71         5         3    0.00000000000000000000E+00
        71         5         4    0.00000000000000000000E+00
        71         5         5    0.00000000000000000000E+00
        72         2         2    0.00000000000000000000E+00
        72         2         3    0.00000000000000000000E+00
        72         2         4    0.00000000000000000000E+00
        72         2         5    0.00000000000000000000E+00
        72         3         2    0.00000000000000000000E+00
        72         3         3    0.00000000000000000000E+00
        72         3         4    0.00000000000000000000E+00
        72         3         5    0.00000000000000000000E+00
        72         4         2    0.00000000000000000000E+00
        72         4         3    0.00000000000000000000E+00
        72         4         4    0.00000000000000000000E+00
        72         4         5    0.00000000000000000000E+00
        72         5         2    0.00000000000000000000E+00
        72         5         3    0.00000000000000000000E+00
        72         5         4    0.00000000000000000000E+00
        72         5         5    0.00000000000000000000E+00
        73         2         2    0.00000000000000000000E+00
        73         2         3    0.00000000000000000000E+00
        73         2         4    0.00000000000000000000E+00
        73         2         5    0.00000000000000000000E+00
        73         3         2    0.00000000000000000000E+00
        73         3         3    0.00000000000000000000E+00
        73         3         4    0.00000000000000000000E+00
        73         3         5    0.00000000000000000000E+00
        73         4         2    0.00000000000000000000E+00
        73         4         3    0.00000000000000000000E+00
        73         4         4    0.00000000000000000000E+00
        73         4         5    0.00000000000000000000E+00
        73         5         2    0.00000000000000000000E+00
        73         5         3    0.00000000000000000000E+00
        73         5         4    0.00000000000000000000E+00
        73         5         5    0.00000000000000000000E+00
        74         2         2    0.00000000000000000000E+00
        74         2         3    0.00000000000000000000E+00
        74         2         4    0.00000000000000000000E+00
        74         2         5    0.00000000000000000000E+00
        74         3         2    0.00000000000000000000E+00
        74         3         3    0.00000000000000000000E+00
        74         3         4    0.00000000000000000000E+00
        74         3         5    0.00000000000000000000E+00
        74         4         2    0.00000000000000000000E+00
        74         4         3    0.00000000000000000000E+00
        74         4         4    0.00000000000000000000E+00
        74         4         5    0.00000000000000000000E+00
        74         5         2    0.00000000000000000000E+00
        74         5         3    0.00000000000000000000E+00
        74         5         4    0.00000000000000000000E+00
        74         5         5    0.00000000000000000000E+00
        75         2         2    0.00000000000000000000E+00
        75         2         3    0.00000000000000000000E+00
        75         2         4    0.00000000000000000000E+00
        75         2         5    0.00000000000000000000E+00
        75         3         2    0.00000000000000000000E+00
        75         3         3    0.00000000000000000000E+00
        75         3         4    0.00000000000000000000E+00
        75         3         5    0.00000000000000000000E+00
        75         4         2    0.00000000000000000000E+00
        75         4         3    0.00000000000000000000E+00
        75         4         4    0.00000000000000000000E+00
        75         4         5    0.00000000000000000000E+00
        75         5         2    0.00000000000000000000E+00
        75         5         3    0.00000000000000000000E+00
        75         5         4    0.00000000000000000000E+00
        75         5         5    0.00000000000000000000E+00
        76         2         2    0.00000000000000000000E+00
        76         2         3    0.00000000000000000000E+00
        76         2         4    0.00000000000000000000E+00
        76         2         5    0.00000000000000000000E+00
        76         3         2    0.00000000000000000000E+00
        76         3         3    0.00000000000000000000E+00
        76         3         4    0.00000000000000000000E+00
        76         3         5    0.00000000000000000000E+00
        76         4         2    0.00000000000000000000E+00
        76         4         3    0.00000000000000000000E+00
        76         4         4    0.00000000000000000000E+00
        76         4         5    0.00000000000000000000E+00
        76         5         2    0.00000000000000000000E+00
        76         5         3    0.00000000000000000000E+00
        76         5         4    0.00000000000000000000E+00
        76         5         5    0.00000000000000000000E+00
        77         2         2    0.00000000000000000000E+00
        77         2         3    0.00000000000000000000E+00
        77         2         4    0.00000000000000000000E+00
        77         2         5    0.00000000000000000000E+00
        77         3         2    0.00000000000000000000E+00
        77         3         3    0.00000000000000000000E+00
        77         3         4    0.00000000000000000000E+00
        77         3         5    0.00000000000000000000E+00
        77         4         2    0.00000000000000000000E+00
        77         4         3    0.00000000000000000000E+00
        77         4         4    0.00000000000000000000E+00
        77         4         5    0.00000000000000000000E+00
        77         5         2    0.00000000000000000000E+00
        77         5         3    0.00000000000000000000E+00
        77         5         4    0.00000000000000000000E+00
        77         5         5    0.00000000000000000000E+00
        78         2         2    0.00000000000000000000E+00
        78         2         3    0.00000000000000000000E+00
        78         2         4    0.00000000000000000000E+00
        78         2         5    0.00000000000000000000E+00
        78         3         2    0.00000000000000000000E+00
        78         3         3    0.00000000000000000000E+00
        78         3         4    0.00000000000000000000E+00
        78         3         5    0.00000000000000000000E+00
        78         4         2    0.00000000000000000000E+00
        78         4         3    0.00000000000000000000E+00
        78         4         4    0.00000000000000000000E+00
        78         4         5    0.00000000000000000000E+00
        78         5         2    0.00000000000000000000E+00
        78         5         3    0.00000000000000000000E+00
        78         5         4    0.00000000000000000000E+00
        78         5         5    0.00000000000000000000E+00
        79         2         2    0.00000000000000000000E+00
        79         2         3    0.00000000000000000000E+00
        79         2         4    0.00000000000000000000E+00
        79         2         5    0.00000000000000000000E+00
        79         3         2    0.00000000000000000000E+00
        79         3         3    0.00000000000000000000E+00
        79         3         4    0.00000000000000000000E+00
        79         3         5    0.00000000000000000000E+00
        79         4         2    0.00000000000000000000E+00
        79         4         3    0.00000000000000000000E+00
        79         4         4    0.00000000000000000000E+00
        79         4         5    0.00000000000000000000E+00
        79         5         2    0.00000000000000000000E+00
        79         5         3    0.00000000000000000000E+00
        79         5         4    0.00000000000000000000E+00
        79         5         5    0.00000000000000000000E+00
        80         2         2    0.00000000000000000000E+00
        80         2         3    0.00000000000000000000E+00
        80         2         4    0.00000000000000000000E+00
        80         2         5    0.00000000000000000000E+00
        80         3         2    0.00000000000000000000E+00
        80         3         3    0.00000000000000000000E+00
        80         3         4    0.00000000000000000000E+00
        80         3         5    0.00000000000000000000E+00
        80         4         2    0.00000000000000000000E+00
        80         4         3    0.00000000000000000000E+00
        80         4         4    0.00000000000000000000E+00
        80         4         5    0.00000000000000000000E+00
        80         5         2    0.00000000000000000000E+00
        80         5         3    0.00000000000000000000E+00
        80         5         4    0.00000000000000000000E+00
        80         5         5    0.00000000000000000000E+00
        81         2         2    0.00000000000000000000E+00
        81         2         3    0.00000000000000000000E+00
        81         2         4    0.00000000000000000000E+00
        81         2         5    0.00000000000000000000E+00
        81         3         2    0.00000000000000000000E+00
        81         3         3    0.00000000000000000000E+00
        81         3         4    0.00000000000000000000E+00
        81         3         5    0.00000000000000000000E+00
        81         4         2    0.00000000000000000000E+00
        81         4         3    0.00000000000000000000E+00
        81         4         4    0.00000000000000000000E+00
        81         4         5    0.00000000000000000000E+00
        81         5         2    0.00000000000000000000E+00
        81         5         3    0.00000000000000000000E+00
        81         5         4    0.00000000000000000000E+00
        81         5         5    0.00000000000000000000E+00
        82         2         2    0.00000000000000000000E+00
        82         2         3    0.00000000000000000000E+00
        82         2         4    0.00000000000000000000E+00
        82         2         5    0.00000000000000000000E+00
        82         3         2    0.00000000000000000000E+00
        82         3         3    0.00000000000000000000E+00
        82         3         4    0.00000000000000000000E+00
        82         3         5    0.00000000000000000000E+00
        82         4         2    0.00000000000000000000E+00
        82         4         3    0.00000000000000000000E+00
        82         4         4    0.00000000000000000000E+00
        82         4         5    0.00000000000000000000E+00
        82         5         2    0.00000000000000000000E+00
        82         5         3    0.00000000000000000000E+00
        82         5         4    0.00000000000000000000E+00
        82         5         5    0.00000000000000000000E+00
        83         2         2    0.00000000000000000000E+00
        83         2         3    0.00000000000000000000E+00
        83         2         4    0.00000000000000000000E+00
        83         2         5    0.00000000000000000000E+00
        83         3         2    0.00000000000000000000E+00
        83         3         3    0.00000000000000000000E+00
        83         3         4    0.00000000000000000000E+00
        83         3         5    0.00000000000000000000E+00
        83         4         2    0.00000000000000000000E+00
        83         4         3    0.00000000000000000000E+00
        83         4         4    0.00000000000000000000E+00
        83         4         5    0.00000000000000000000E+00
        83         5         2    0.00000000000000000000E+00
        83         5         3    0.00000000000000000000E+00
        83         5         4    0.00000000000000000000E+00
        83         5         5    0.00000000000000000000E+00
        84         2         2    0.00000000000000000000E+00
        84         2         3    0.00000000000000000000E+00
        84         2         4    0.00000000000000000000E+00
        84         2         5    0.00000000000000000000E+00
        84         3         2    0.00000000000000000000E+00
        84         3         3    0.00000000000000000000E+00
        84         3         4    0.00000000000000000000E+00
        84         3         5    0.00000000000000000000E+00
        84         4         2    0.00000000000000000000E+00
        84         4         3    0.00000000000000000000E+00
        84         4         4    0.00000000000000000000E+00
        84         4         5    0.00000000000000000000E+00
        84         5         2    0.00000000000000000000E+00
        84         5         3    0.00000000000000000000E+00
        84         5         4    0.00000000000000000000E+00
        84         5         5    0.00000000000000000000E+00
        85         2         2    0.00000000000000000000E+00
        85         2         3    0.00000000000000000000E+00
        85         2         4    0.00000000000000000000E+00
        85         2         5    0.00000000000000000000E+00
        85         3         2    0.00000000000000000000E+00
        85         3         3    0.00000000000000000000E+00
        85         3         4    0.00000000000000000000E+00
        85         3         5    0.00000000000000000000E+00
        85         4         2    0.00000000000000000000E+00
        85         4         3    0.00000000000000000000E+00
        85         4         4    0.00000000000000000000E+00
        85         4         5    0.00000000000000000000E+00
        85         5         2    0.00000000000000000000E+00
        85         5         3    0.00000000000000000000E+00
        85         5         4    0.00000000000000000000E+00
        85         5         5    0.00000000000000000000E+00
        86         2         2    0.00000000000000000000E+00
        86         2         3    0.00000000000000000000E+00
        86         2         4    0.00000000000000000000E+00
        86         2         5    0.00000000000000000000E+00
        86         3         2    0.00000000000000000000E+00
        86         3         3    0.00000000000000000000E+00
        86         3         4    0.00000000000000000000E+00
        86         3         5    0.00000000000000000000E+00
        86         4         2    0.00000000000000000000E+00
        86         4         3    0.00000000000000000000E+00
        86         4         4    0.00000000000000000000E+00
        86         4         5    0.00000000000000000000E+00
        86         5         2    0.00000000000000000000E+00
        86         5         3    0.00000000000000000000E+00
        86         5         4    0.00000000000000000000E+00
        86         5         5    0.00000000000000000000E+00
        87         2         2    0.00000000000000000000E+00
        87         2         3    0.00000000000000000000E+00
        87         2         4    0.00000000000000000000E+00
        87         2         5    0.00000000000000000000E+00
        87         3         2    0.00000000000000000000E+00
        87         3         3    0.00000000000000000000E+00
        87         3         4    0.00000000000000000000E+00
        87         3         5    0.00000000000000000000E+00
        87         4         2    0.00000000000000000000E+00
        87         4         3    0.00000000000000000000E+00
        87         4         4    0.00000000000000000000E+00
        87         4         5    0.00000000000000000000E+00
        87         5         2    0.00000000000000000000E+00
        87         5         3    0.00000000000000000000E+00
        87         5         4    0.00000000000000000000E+00
        87         5         5    0.00000000000000000000E+00
        88         2         2    0.00000000000000000000E+00
        88         2         3    0.00000000000000000000E+00
        88         2         4    0.00000000000000000000E+00
        88         2         5    0.00000000000000000000E+00
        88         3         2    0.00000000000000000000E+00
        88         3         3    0.00000000000000000000E+00
        88         3         4    0.00000000000000000000E+00
        88         3         5    0.00000000000000000000E+00
        88         4         2    0.00000000000000000000E+00
        88         4         3    0.00000000000000000000E+00
        88         4         4    0.00000000000000000000E+00
        88         4         5    0.00000000000000000000E+00
        88         5         2    0.00000000000000000000E+00
        88         5         3    0.00000000000000000000E+00
        88         5         4    0.00000000000000000000E+00
        88         5         5    0.00000000000000000000E+00
        89         2         2    0.00000000000000000000E+00
        89         2         3    0.00000000000000000000E+00
        89         2         4    0.00000000000000000000E+00
        89         2         5    0.00000000000000000000E+00
        89         3         2    0.00000000000000000000E+00
        89         3         3    0.00000000000000000000E+00
        89         3         4    0.00000000000000000000E+00
        89         3         5    0.00000000000000000000E+00
        89         4         2    0.00000000000000000000E+00
        89         4         3    0.00000000000000000000E+00
        89         4         4    0.00000000000000000000E+00
        89         4         5    0.00000000000000000000E+00
        89         5         2    0.00000000000000000000E+00
        89         5         3    0.00000000000000000000E+00
        89         5         4    0.00000000000000000000E+00
        89         5         5    0.00000000000000000000E+00
        90         2         2    0.00000000000000000000E+00
        90         2         3    0.00000000000000000000E+00
        90         2         4    0.00000000000000000000E+00
        90         2         5    0.00000000000000000000E+00
        90         3         2    0.00000000000000000000E+00
        90         3         3    0.00000000000000000000E+00
        90         3         4    0.00000000000000000000E+00
        90         3         5    0.00000000000000000000E+00
        90         4         2    0.00000000000000000000E+00
        90         4         3    0.00000000000000000000E+00
        90         4         4    0.00000000000000000000E+00
        90         4         5    0.00000000000000000000E+00
        90         5         2    0.00000000000000000000E+00
        90         5         3    0.00000000000000000000E+00
        90         5         4    0.00000000000000000000E+00
        90         5         5    0.00000000000000000000E+00
        91         2         2    0.00000000000000000000E+00
        91         2         3    0.00000000000000000000E+00
        91         2         4    0.00000000000000000000E+00
        91         2         5    0.00000000000000000000E+00
        91         3         2    0.00000000000000000000E+00
        91         3         3    0.00000000000000000000E+00
        91         3         4    0.00000000000000000000E+00
        91         3         5    0.00000000000000000000E+00
        91         4         2    0.00000000000000000000E+00
        91         4         3    0.00000000000000000000E+00
        91         4         4    0.00000000000000000000E+00
        91         4         5    0.00000000000000000000E+00
        91         5         2    0.00000000000000000000E+00
        91         5         3    0.00000000000000000000E+00
        91         5         4    0.00000000000000000000E+00
        91         5         5    0.00000000000000000000E+00
        92         2         2    0.00000000000000000000E+00
        92         2         3    0.00000000000000000000E+00
        92         2         4    0.00000000000000000000E+00
        92         2         5    0.00000000000000000000E+00
        92         3         2    0.00000000000000000000E+00
        92         3         3    0.00000000000000000000E+00
        92         3         4    0.00000000000000000000E+00
        92         3         5    0.00000000000000000000E+00
        92         4         2    0.00000000000000000000E+00
        92         4         3    0.00000000000000000000E+00
        92         4         4    0.00000000000000000000E+00
        92         4         5    0.00000000000000000000E+00
        92         5         2    0.00000000000000000000E+00
        92         5         3    0.00000000000000000000E+00
        92         5         4    0.00000000000000000000E+00
        92         5         5    0.00000000000000000000E+00
        93         2         2    0.00000000000000000000E+00
        93         2         3    0.00000000000000000000E+00
        93         2         4    0.00000000000000000000E+00
        93         2         5    0.00000000000000000000E+00
        93         3         2    0.00000000000000000000E+00
        93         3         3    0.00000000000000000000E+00
        93         3         4    0.00000000000000000000E+00
        93         3         5    0.00000000000000000000E+00
        93         4         2    0.00000000000000000000E+00
        93         4         3    0.00000000000000000000E+00
        93         4         4    0.00000000000000000000E+00
        93         4         5    0.00000000000000000000E+00
        93         5         2    0.00000000000000000000E+00
        93         5         3    0.00000000000000000000E+00
        93         5         4    0.00000000000000000000E+00
        93         5         5    0.00000000000000000000E+00
        94         2         2    0.00000000000000000000E+00
        94         2         3    0.00000000000000000000E+00
        94         2         4    0.00000000000000000000E+00
        94         2         5    0.00000000000000000000E+00
        94         3         2    0.00000000000000000000E+00
        94         3         3    0.00000000000000000000E+00
        94         3         4    0.00000000000000000000E+00
        94         3         5    0.00000000000000000000E+00
        94         4         2    0.00000000000000000000E+00
        94         4         3    0.00000000000000000000E+00
        94         4         4    0.00000000000000000000E+00
        94         4         5    0.00000000000000000000E+00
        94         5         2    0.00000000000000000000E+00
        94         5         3    0.00000000000000000000E+00
        94         5         4    0.00000000000000000000E+00
        94         5         5    0.00000000000000000000E+00
        95         2         2    0.00000000000000000000E+00
        95         2         3    0.00000000000000000000E+00
        95         2         4    0.00000000000000000000E+00
        95         2         5    0.00000000000000000000E+00
        95         3         2    0.00000000000000000000E+00
        95         3         3    0.00000000000000000000E+00
        95         3         4    0.00000000000000000000E+00
        95         3         5    0.00000000000000000000E+00
        95         4         2    0.00000000000000000000E+00
        95         4         3    0.00000000000000000000E+00
        95         4         4    0.00000000000000000000E+00
        95         4         5    0.00000000000000000000E+00
        95         5         2    0.00000000000000000000E+00
        95         5         3    0.00000000000000000000E+00
        95         5         4    0.00000000000000000000E+00
        95         5         5    0.00000000000000000000E+00
        96         2         2    0.00000000000000000000E+00
        96         2         3    0.00000000000000000000E+00
        96         2         4    0.00000000000000000000E+00
        96         2         5    0.00000000000000000000E+00
        96         3         2    0.00000000000000000000E+00
        96         3         3    0.00000000000000000000E+00
        96         3         4    0.00000000000000000000E+00
        96         3         5    0.00000000000000000000E+00
        96         4         2    0.00000000000000000000E+00
        96         4         3    0.00000000000000000000E+00
        96         4         4    0.00000000000000000000E+00
        96         4         5    0.00000000000000000000E+00
        96         5         2    0.00000000000000000000E+00
        96         5         3    0.00000000000000000000E+00
        96         5         4    0.00000000000000000000E+00
        96         5         5    0.00000000000000000000E+00
        97         2         2    0.00000000000000000000E+00
        97         2         3    0.00000000000000000000E+00
        97         2         4    0.00000000000000000000E+00
        97         2         5    0.00000000000000000000E+00
        97         3         2    0.00000000000000000000E+00
        97         3         3    0.00000000000000000000E+00
        97         3         4    0.00000000000000000000E+00
        97         3         5    0.00000000000000000000E+00
        97         4         2    0.00000000000000000000E+00
        97         4         3    0.00000000000000000000E+00
        97         4         4    0.00000000000000000000E+00
        97         4         5    0.00000000000000000000E+00
        97         5         2    0.00000000000000000000E+00
        97         5         3    0.00000000000000000000E+00
        97         5         4    0.00000000000000000000E+00
        97         5         5    0.00000000000000000000E+00
        98         2         2    0.00000000000000000000E+00
        98         2         3    0.00000000000000000000E+00
        98         2         4    0.00000000000000000000E+00
        98         2         5    0.00000000000000000000E+00
        98         3         2    0.00000000000000000000E+00
        98         3         3    0.00000000000000000000E+00
        98         3         4    0.00000000000000000000E+00
        98         3         5    0.00000000000000000000E+00
        98         4         2    0.00000000000000000000E+00
        98         4         3    0.00000000000000000000E+00
        98         4         4    0.00000000000000000000E+00
        98         4         5    0.00000000000000000000E+00
        98         5         2    0.00000000000000000000E+00
        98         5         3    0.00000000000000000000E+00
        98         5         4    0.00000000000000000000E+00
        98         5         5    0.00000000000000000000E+00
        99         2         2    0.00000000000000000000E+00
        99         2         3    0.00000000000000000000E+00
        99         2         4    0.00000000000000000000E+00
        99         2         5    0.00000000000000000000E+00
        99         3         2    0.00000000000000000000E+00
        99         3         3    0.00000000000000000000E+00
        99         3         4    0.00000000000000000000E+00
        99         3         5    0.00000000000000000000E+00
        99         4         2    0.00000000000000000000E+00
        99         4         3    0.00000000000000000000E+00
        99         4         4    0.00000000000000000000E+00
        99         4         5    0.00000000000000000000E+00
        99         5         2    0.00000000000000000000E+00
        99         5         3    0.00000000000000000000E+00
        99         5         4    0.00000000000000000000E+00
        99         5         5    0.00000000000000000000E+00
       100         2         2    0.00000000000000000000E+00
       100         2         3    0.00000000000000000000E+00
       100         2         4    0.00000000000000000000E+00
       100         2         5    0.00000000000000000000E+00
       100         3         2    0.00000000000000000000E+00
       100         3         3    0.00000000000000000000E+00
       100         3         4    0.00000000000000000000E+00
       100         3         5    0.00000000000000000000E+00
       100         4         2    0.00000000000000000000E+00
       100         4         3    0.00000000000000000000E+00
       100         4         4    0.00000000000000000000E+00
       100         4         5    0.00000000000000000000E+00
       100         5         2    0.00000000000000000000E+00
       100         5         3    0.00000000000000000000E+00
       100         5         4    0.00000000000000000000E+00
       100         5         5    0.00000000000000000000E+00
       101         2         2    0.00000000000000000000E+00
       101         2         3    0.00000000000000000000E+00
       101         2         4    0.00000000000000000000E+00
       101         2         5    0.00000000000000000000E+00
       101         3         2    0.00000000000000000000E+00
       101         3         3    0.00000000000000000000E+00
       101         3         4    0.00000000000000000000E+00
       101         3         5    0.00000000000000000000E+00
       101         4         2    0.00000000000000000000E+00
       101         4         3    0.00000000000000000000E+00
       101         4         4    0.00000000000000000000E+00
       101         4         5    0.00000000000000000000E+00
       101         5         2    0.00000000000000000000E+00
       101         5         3    0.00000000000000000000E+00
       101         5         4    0.00000000000000000000E+00
       101         5         5    0.00000000000000000000E+00
